0.264859527	0.799960911	0.763756752	0.741609514	0.620040178
				
0.266468585	0.80076921	0.766237557	0.743144155	0.618698955
				
0.267142236	0.801442981	0.768605649	0.744550347	0.616804719
				
0.267609775	0.802232683	0.770897806	0.746050358	0.61511147
				
0.267166018	0.803297639	0.773621976	0.747990727	0.614605427
				
0.266418815	0.804497421	0.7768085	0.750244915	0.615155399
				
0.265891224	0.805956721	0.780134261	0.752694368	0.616992116
				
0.265478015	0.806917429	0.7824018	0.754536808	0.619601607
				
0.264555633	0.80806905	0.784807682	0.756506085	0.623109102
				
0.263314635	0.809374094	0.787381411	0.758534074	0.627153039
				
0.262458056	0.810129046	0.788630962	0.759863019	0.630922973
				
0.261432767	0.811000824	0.789555371	0.761109948	0.634298563
				
0.260186076	0.811834276	0.790552497	0.762537837	0.637218177
				
0.258849412	0.812513888	0.79110831	0.763716102	0.639951348
				
0.257077605	0.813378096	0.791652381	0.764939666	0.642677665
				
0.255540431	0.814223528	0.792116761	0.766081333	0.645004988
				
0.254116565	0.814965844	0.792368352	0.766997337	0.646983564
				
0.252687484	0.815338969	0.792149305	0.767470121	0.648541451
				
0.251551419	0.815243065	0.791544676	0.767455578	0.64943248
				
0.25074926	0.814638317	0.790162385	0.766803026	0.649863005
				
0.249462157	0.813277662	0.787574172	0.765116632	0.649512589
				
0.248875201	0.811614811	0.784531355	0.762870252	0.64849323
				
0.249567971	0.810203135	0.781646848	0.760662258	0.647428632
				
0.250495404	0.808575749	0.777839959	0.758074045	0.64550817
				
0.25065431	0.806655407	0.773265719	0.755104542	0.643130302
				
0.250749677	0.804993331	0.769163132	0.752410531	0.640461802
				
0.250423104	0.803221226	0.764804006	0.749401927	0.637441993
				
0.250443757	0.801798224	0.761148155	0.746815085	0.634420156
				
0.251095355	0.800904334	0.758745074	0.745036185	0.631950557
				
0.251651227	0.799990773	0.756181836	0.743109167	0.629490077
				
0.252783716	0.799302101	0.75425899	0.741460323	0.626982212
				
0.253606558	0.798322499	0.751970947	0.739567995	0.624163687
				
0.254262686	0.796875	0.749099612	0.737132967	0.620656371
				
0.254603922	0.795617342	0.746495485	0.734798193	0.616919816
				
0.254969716	0.79417485	0.743528128	0.732002735	0.612999141
				
0.255273163	0.792942107	0.74078536	0.729252815	0.609226346
				
0.255374908	0.79206568	0.738692164	0.726920605	0.606687427
				
0.256159484	0.79155612	0.737139821	0.725041866	0.604796052
				
0.257468641	0.791327834	0.736139417	0.723559141	0.603790164
				
0.258321732	0.79050076	0.734366834	0.721422672	0.603201628
				
0.258574694	0.789546132	0.732708573	0.719576597	0.602763534
				
0.259488434	0.788202524	0.730933487	0.717776775	0.602023602
				
0.261060804	0.787418425	0.730135322	0.716645479	0.601788044
				
0.262203753	0.78662163	0.729596496	0.715849936	0.60059315
				
0.263698399	0.785477638	0.728524148	0.714798272	0.597855389
				
0.265329123	0.784947276	0.728517592	0.714370131	0.595207334
				
0.266094685	0.784197807	0.728322864	0.713918328	0.592478275
				
0.266107768	0.78341043	0.727789998	0.713294208	0.590197146
				
0.265949488	0.783273935	0.728400886	0.713512003	0.589022636
				
0.264644325	0.782506168	0.727930427	0.712871134	0.588366807
				
0.262767792	0.781792879	0.727500021	0.712227702	0.588455141
				
0.260654777	0.781245112	0.727234483	0.71173811	0.589403272
				
0.258610547	0.780682385	0.726801455	0.710992873	0.590830743
				
0.257522821	0.780241311	0.72642231	0.71014607	0.592677772
				
0.255972326	0.779486299	0.725264311	0.708824039	0.594440639
				
0.254550785	0.77820915	0.723541379	0.706932604	0.595812082
				
0.253904849	0.7769261	0.721800208	0.705238104	0.597066045
				
0.252528548	0.775540829	0.719444335	0.70265162	0.598324656
				
0.251121134	0.77355361	0.716318488	0.699313462	0.598595142
				
0.248317063	0.771026611	0.712241769	0.695389628	0.598379374
				
0.245340019	0.76882422	0.70844686	0.691866219	0.597719789
				
0.242725343	0.766896963	0.704399467	0.68831706	0.59679395
				
0.241319835	0.765379906	0.701183856	0.685348749	0.595834851
				
0.239983648	0.764181376	0.698036134	0.682512403	0.594806492
				
0.239010826	0.763177037	0.695277214	0.679945707	0.59387821
				
0.238492936	0.762906909	0.693977356	0.678921223	0.594024599
				
0.238801062	0.762825131	0.693353653	0.67866993	0.594494224
				
0.238231465	0.762886405	0.69274497	0.678565741	0.594772935
				
0.237292975	0.763247788	0.692840993	0.679069459	0.59516418
				
0.236264706	0.763253689	0.692476749	0.679462433	0.595423043
				
0.235116035	0.763754785	0.693019867	0.680255771	0.59562403
				
0.233459592	0.764465153	0.693744183	0.681318402	0.596099496
				
0.230947465	0.765143335	0.694526613	0.682339489	0.596630931
				
0.228944957	0.767023444	0.696887255	0.684793472	0.598040104
				
0.227113113	0.768400431	0.698245049	0.686648726	0.599023819
				
0.224547178	0.768476069	0.69752866	0.686488271	0.598825693
				
0.22277005	0.768485487	0.69692564	0.686318636	0.598643661
				
0.221596628	0.767455339	0.694747269	0.684512436	0.597489536
				
0.222550616	0.765540898	0.691289186	0.681827903	0.595959306
				
0.22498849	0.76270628	0.687047541	0.678402364	0.593916178
				
0.229444921	0.760296285	0.683891058	0.675882757	0.592779875
				
0.233674616	0.757769763	0.680375814	0.67281723	0.591629803
				
0.239621013	0.755353808	0.677303553	0.669686198	0.590201855
				
0.244053006	0.753076553	0.674878776	0.666205883	0.587740064
				
0.239380479	0.749475956	0.673336029	0.663419127	0.585184515
				
0.244598791	0.746334195	0.67009449	0.659236073	0.58283335
				
0.240369573	0.741883159	0.668499947	0.656792104	0.581154466
				
0.235452011	0.735617995	0.664469302	0.652201891	0.578302622
				
0.234039739	0.730270267	0.65838933	0.646300197	0.575171411
				
0.226090983	0.722558975	0.652846694	0.640686035	0.571288168
				
0.220011294	0.714966178	0.647747993	0.63536793	0.567218482
				
0.216111571	0.708624482	0.642964482	0.630372286	0.563233674
				
0.217547134	0.704674602	0.63792479	0.625394523	0.559205592
				
0.21381624	0.699236035	0.634333253	0.621844411	0.555844009
				
0.214462101	0.696288288	0.630111575	0.618233502	0.55316186
				
0.2151943	0.694742799	0.627495766	0.616405487	0.551902413
				
0.210744262	0.690515399	0.625207543	0.614977419	0.55083245
				
0.204381809	0.685988843	0.622152925	0.612709582	0.54902941
				
0.204675049	0.683406711	0.618603289	0.609708011	0.546947181
				
0.197826445	0.679953098	0.616542697	0.608510792	0.545572102
				
0.196514845	0.678810954	0.614146054	0.606731415	0.544843853
				
0.188551217	0.675471544	0.612323701	0.605706811	0.544283271
				
0.186557531	0.675576091	0.611847401	0.605934918	0.544942498
				
0.182591587	0.676320851	0.611793399	0.606463015	0.546346903
				
0.178827226	0.677343071	0.611921072	0.606924772	0.547342896
				
0.143355787	0.686324239	0.612432957	0.600368857	0.535785258
				
0.105839655	0.697514951	0.613853395	0.596790969	0.529610217
				
0.073780403	0.708142877	0.61638093	0.595433056	0.525881767
				
0.044210717	0.718084335	0.619134307	0.594935894	0.523659825
				
0.029445127	0.730007887	0.629715145	0.593623102	0.515338063
				
0.0155994	0.742439747	0.643471003	0.592443943	0.50730288
				
0.006880015	0.758564651	0.657623529	0.591242313	0.502221942
				
0.003203675	0.772149324	0.670089602	0.590014696	0.498305082
				
-0.001408607	0.775550604	0.679692745	0.588303447	0.493409455
				
0.003328949	0.776657283	0.687416494	0.586715877	0.491061568
				
0.008103281	0.769194365	0.69199121	0.584623694	0.489743054
				
0.015593186	0.758729517	0.694190562	0.581258535	0.488012731
				
0.019489825	0.744801819	0.694020987	0.576852143	0.484379709
				
0.023003519	0.730363309	0.691584229	0.571826816	0.481339127
				
0.033714265	0.718803883	0.686111391	0.567281008	0.481279254
				
0.047721997	0.707623243	0.677582383	0.561830878	0.480311126
				
0.050871223	0.690762222	0.66844213	0.555550456	0.476333737
				
0.061893523	0.678039551	0.659155905	0.550757706	0.475673556
				
0.102281988	0.644802272	0.63566947	0.538607597	0.47272414
				
0.11755798	0.682278872	0.616840184	0.606450081	0.535577297
				
0.117020115	0.681027055	0.615653396	0.605111778	0.534163475
				
0.116397567	0.67995739	0.614610434	0.604081631	0.533077359
				
0.11468751	0.679312825	0.613859117	0.603255749	0.532224357
				
0.114020966	0.678259969	0.612694204	0.602167547	0.531100035
				
0.113963	0.67743957	0.611803353	0.601120234	0.530163944
				
0.113841616	0.676765919	0.610992074	0.600191712	0.529496193
				
0.114869192	0.676151395	0.610191882	0.599745631	0.52923888
				
0.11537765	0.675433099	0.609474242	0.599289179	0.529337823
				
0.116969973	0.674882829	0.609048009	0.598881602	0.529694259
				
0.118914217	0.675480187	0.609630346	0.599392593	0.530425727
				
0.122182079	0.67565918	0.609628439	0.599267364	0.530925989
				
0.124913275	0.675513387	0.609652877	0.599370539	0.531473994
				
0.126927122	0.675835252	0.610106409	0.599684596	0.532107651
				
0.12882024	0.676294088	0.610621631	0.600169957	0.533000529
				
0.129861832	0.676630735	0.610919237	0.600310683	0.533671677
				
0.131939068	0.676820159	0.611080229	0.600471258	0.534071147
				
0.135450095	0.676327229	0.610847592	0.600416362	0.534194946
				
0.138782293	0.675868452	0.610611081	0.600512803	0.534665346
				
0.142139867	0.678186893	0.613130569	0.60397476	0.536362886
				
0.140545085	0.680371761	0.614994824	0.606026828	0.536510408
				
0.13817288	0.683219671	0.617346287	0.608204246	0.536331177
				
0.13583453	0.685926914	0.620161295	0.610495389	0.535692453
				
0.133814812	0.688705027	0.622997999	0.61242336	0.534202397
				
0.133029178	0.691106081	0.625239491	0.613640428	0.532224834
				
0.133048385	0.693921626	0.628186226	0.61539495	0.530098319
				
0.132895663	0.696691692	0.630954027	0.617126346	0.527707994
				
0.133058682	0.698393822	0.632784843	0.618351698	0.525477111
				
0.127227738	0.699565709	0.635639191	0.619828045	0.522358894
				
0.127172351	0.700916409	0.637386739	0.621517539	0.522829533
				
0.123915926	0.701715291	0.637685657	0.622026086	0.522023559
				
0.121480033	0.701691508	0.637243032	0.622257233	0.521850586
				
0.11924123	0.701320231	0.63659358	0.622208238	0.523052812
				
0.118736081	0.700020134	0.634760618	0.621392608	0.524556994
				
0.118536443	0.698171079	0.632595539	0.620400786	0.526074171
				
0.118822686	0.69595325	0.630035222	0.618992567	0.527778566
				
0.120428391	0.693588018	0.627513289	0.617519736	0.52885586
				
0.122082174	0.691661716	0.625571728	0.616495132	0.529928863
				
0.124250636	0.690406442	0.624382198	0.61642617	0.531438887
				
0.12793076	0.688905358	0.622755885	0.615705311	0.532103062
				
0.13024804	0.688035905	0.62177968	0.615517139	0.532805383
				
0.132421404	0.687257051	0.621187687	0.615567625	0.533302069
				
0.133675978	0.686430931	0.620409548	0.615282834	0.533364177
				
0.13474901	0.685101748	0.619222224	0.614594758	0.532551765
				
0.135829404	0.683943629	0.618064642	0.613834441	0.531739295
				
0.136844307	0.683268785	0.617338717	0.613401234	0.53073597
				
0.137220189	0.682884753	0.616927326	0.613198042	0.529370725
				
0.137535304	0.682306945	0.61625284	0.612673461	0.527021527
				
0.137894884	0.681902409	0.615756691	0.612332523	0.524222553
				
0.13815552	0.681901991	0.615689576	0.612270594	0.521394789
				
0.137856469	0.68125093	0.614667416	0.611294627	0.518810511
				
0.136666402	0.680025041	0.61326617	0.6098966	0.516679883
				
0.136012807	0.679080844	0.612172008	0.60872066	0.514980376
				
0.136037737	0.678326607	0.611305773	0.607709169	0.513523519
				
0.136027768	0.677781701	0.610688806	0.606919348	0.512304664
				
0.13564761	0.677425921	0.6104756	0.606318772	0.511919975
				
0.135075152	0.677715778	0.610887408	0.606232464	0.511912942
				
0.13383621	0.677744508	0.611189187	0.606263995	0.511679411
				
0.13242662	0.678291678	0.612190843	0.606811523	0.512324214
				
0.129652381	0.678686142	0.613107204	0.60735786	0.51367718
				
0.125076562	0.679190516	0.614054918	0.607909799	0.516138494
				
0.12141636	0.679197252	0.614516437	0.607938051	0.51886183
				
0.117811829	0.678713322	0.614519715	0.607434988	0.521619201
				
0.114427611	0.677845478	0.6140396	0.606161296	0.524027407
				
0.112085447	0.676092744	0.612671137	0.603537083	0.524747372
				
0.110565245	0.6749928	0.612068295	0.601501465	0.525376379
				
0.107498147	0.673939109	0.611722112	0.599690735	0.525190353
				
0.105162099	0.67240572	0.610800266	0.597235203	0.523872197
				
0.102442116	0.671105862	0.610134065	0.595380425	0.522978127
				
0.099089637	0.67030865	0.609976768	0.594465852	0.522386312
				
0.096507058	0.66928792	0.609717786	0.593643904	0.521535099
				
0.095441557	0.668019533	0.60901612	0.592445672	0.520265341
				
0.09532962	0.666915059	0.608539999	0.591392159	0.519046724
				
0.094591223	0.666502655	0.608810246	0.591122985	0.518159211
				
0.094518349	0.666349649	0.608979404	0.590812922	0.517197251
				
0.094978563	0.666864753	0.609835505	0.591267705	0.516455412
				
0.095750615	0.667072117	0.610060573	0.5911569	0.515186667
				
0.097699374	0.667105973	0.609936714	0.590776205	0.514056146
				
0.100688145	0.667745948	0.610135674	0.590478539	0.513106763
				
0.102290422	0.667947769	0.609804749	0.589915693	0.512054205
				
0.105116062	0.667496502	0.608982503	0.589057148	0.511155725
				
0.108268686	0.666614175	0.607378244	0.587846994	0.510265112
				
0.11176236	0.665258408	0.605082035	0.586199462	0.50941205
				
0.113278404	0.664287269	0.602725565	0.584677339	0.509022355
				
0.113111526	0.663856804	0.601068914	0.583734751	0.508930206
				
0.112947121	0.663143456	0.598916709	0.58244139	0.508971512
				
0.111452058	0.662170053	0.596586287	0.58097744	0.508811355
				
0.109232277	0.661578417	0.594565749	0.579728901	0.508811474
				
0.106498428	0.660609961	0.592353404	0.578400671	0.508831859
				
0.104127385	0.66016531	0.590602517	0.577251315	0.508872092
				
0.100226477	0.658979058	0.588852584	0.575854957	0.50821656
				
0.095634177	0.658465564	0.587749958	0.574905097	0.507834852
				
0.090888366	0.658159614	0.587007761	0.573981404	0.50709188
				
0.081429489	0.657048762	0.586821437	0.572268486	0.504508317
				
0.070575207	0.658689976	0.58902204	0.572928071	0.505242884
				
0.060356021	0.660272002	0.59169668	0.574058712	0.506111324
				
0.048994347	0.663534105	0.59475702	0.575867474	0.507303357
				
0.048951328	0.662654519	0.594205856	0.575353384	0.504422247
				
0.049028885	0.662172198	0.594141126	0.575802743	0.502779961
				
0.050276097	0.661605239	0.594622135	0.576783717	0.502060473
				
0.052709214	0.661905885	0.596582711	0.579133987	0.502652943
				
0.059020922	0.661934257	0.597800016	0.580676675	0.50323832
				
0.061996587	0.663150072	0.599526763	0.582299411	0.50380218
				
0.066888601	0.662864149	0.599124968	0.581847191	0.503645897
				
0.071144432	0.663560927	0.598826766	0.581753075	0.503541946
				
0.074834153	0.663748741	0.597462952	0.580618858	0.503118157
				
0.076976627	0.66277957	0.594681263	0.578409731	0.501962662
				
0.077075601	0.66259861	0.593041718	0.577164114	0.501532674
				
0.074840412	0.662324846	0.591655433	0.576190412	0.501384377
				
0.069778301	0.661911309	0.591010094	0.576178253	0.501877725
				
0.063943975	0.662068546	0.591201186	0.577140152	0.50267607
				
0.058681641	0.662870705	0.592325091	0.578920603	0.503991902
				
0.057111405	0.664856315	0.594784021	0.58217895	0.506603837
				
0.057987563	0.666635036	0.596749365	0.58454293	0.508396685
				
0.059346594	0.66735208	0.598285913	0.585394561	0.508145094
				
0.064851895	0.670597911	0.601159513	0.588181138	0.510204136
				
0.072048225	0.674016714	0.603663564	0.590594053	0.512468219
				
0.080239594	0.676566422	0.60513109	0.591813743	0.513931453
				
0.08575093	0.67901206	0.606481373	0.592170715	0.514363885
				
0.090196542	0.680297256	0.6069628	0.591743588	0.514049768
				
0.093046248	0.68090117	0.606783748	0.590441167	0.512988269
				
0.094364226	0.680312395	0.605625212	0.588890731	0.511760235
				
0.092280269	0.679158211	0.604258716	0.587252796	0.510209084
				
0.090325423	0.677966118	0.602964342	0.586041689	0.509038627
				
0.087541163	0.677767992	0.6032781	0.586589754	0.509442151
				
0.08484187	0.676933169	0.603003442	0.586683393	0.509315491
				
0.079377279	0.676318049	0.602931201	0.586758077	0.508648098
				
0.075085603	0.675905287	0.603011668	0.587140799	0.508394659
				
0.069944724	0.676426411	0.603683352	0.588122368	0.508589625
				
0.0673417	0.67746079	0.60472554	0.589410186	0.50881803
				
0.067285478	0.67968756	0.606808305	0.59172523	0.509757757
				
0.066597968	0.683047235	0.609970391	0.594886243	0.511572182
				
0.06870757	0.686105192	0.612734675	0.597756743	0.513484716
				
0.069887266	0.688418925	0.615040302	0.600173295	0.515128016
				
0.07004834	0.689020276	0.615813434	0.601269007	0.515783966
				
0.070752189	0.69023788	0.616987646	0.602604985	0.516620815
				
0.072735891	0.690799475	0.617495894	0.603294015	0.517115831
				
0.07697285	0.690842152	0.617575765	0.603942096	0.517029703
				
0.082545698	0.690133095	0.616788924	0.603888631	0.516728282
				
0.08962214	0.689440846	0.6159904	0.603881896	0.516285598
				
0.097349107	0.688438594	0.614862621	0.60350734	0.515157223
				
0.104661867	0.687188029	0.613292813	0.602443814	0.514363408
				
0.110932887	0.68633008	0.612028539	0.601668417	0.513604581
				
0.12311767	0.684426546	0.608884692	0.59948349	0.512240946
				
0.125570849	0.682330072	0.605897784	0.596668899	0.509488165
				
0.126774669	0.680804491	0.603728533	0.594605565	0.50766474
				
0.127408385	0.679777741	0.602077723	0.59285742	0.506400526
				
0.12767294	0.678709507	0.60070771	0.591660976	0.505365908
				
0.12646392	0.676752925	0.598658502	0.589873552	0.503673494
				
0.125483423	0.675432324	0.597052932	0.588748157	0.502627373
				
0.124302372	0.675199151	0.596815705	0.588735461	0.502486348
				
0.121770941	0.674841642	0.596730173	0.588949442	0.502652884
				
0.11954207	0.674790382	0.596999764	0.589432299	0.503040016
				
0.117137827	0.674546242	0.59719491	0.589787722	0.503315747
				
0.114944965	0.674137712	0.597196281	0.589938402	0.503845811
				
0.112102456	0.674341202	0.597924829	0.590845346	0.504746079
				
0.109130204	0.674321711	0.598413706	0.591397047	0.505576551
				
0.106049553	0.674366534	0.599039912	0.592129529	0.506165564
				
0.102901697	0.67384994	0.599172354	0.592348218	0.506510615
				
0.099837735	0.673136234	0.599208951	0.59238869	0.506595969
				
0.09743233	0.672155142	0.598973036	0.592142045	0.506361485
				
0.094668426	0.671190023	0.598635852	0.591770172	0.506054997
				
0.092273638	0.669595778	0.597514212	0.590635419	0.505165696
				
0.089498863	0.668774366	0.596952558	0.589948356	0.504444659
				
0.08752992	0.667718053	0.596218467	0.589292228	0.503778934
				
0.085729264	0.666541576	0.595385432	0.588421762	0.502916515
				
0.083755419	0.665978312	0.595081091	0.588085592	0.502366543
				
0.075564221	0.664445162	0.5959512	0.588915169	0.50182271
				
0.074501224	0.663950622	0.59555614	0.588333249	0.501176417
				
0.073546708	0.663975596	0.595557809	0.58822906	0.500837445
				
0.073283188	0.663654566	0.595136404	0.587755799	0.500122368
				
0.072366178	0.661689878	0.59427011	0.586467206	0.497732818
				
0.073028073	0.661723793	0.594221532	0.58633697	0.497214556
				
0.073703453	0.662097633	0.594285071	0.586389661	0.496908367
				
0.074090883	0.662593424	0.594521046	0.586599827	0.496706128
				
0.074194238	0.663314283	0.595046639	0.587083936	0.496843517
				
0.073815346	0.664409578	0.595817924	0.587673843	0.496934235
				
0.073591217	0.665663004	0.596637189	0.588386714	0.497217655
				
0.07336843	0.667144895	0.597733259	0.589287519	0.497862995
				
0.073461801	0.668493986	0.598523736	0.589967132	0.498288989
				
0.074090704	0.669539094	0.59897244	0.590430796	0.498387039
				
0.074726686	0.670714021	0.599512458	0.590943694	0.49861744
				
0.075117253	0.671506763	0.599869668	0.591131449	0.498728663
				
0.075523034	0.672416449	0.600661635	0.591648459	0.499026179
				
0.075854808	0.672935486	0.601029038	0.591617465	0.499065697
				
0.076053046	0.672734737	0.600370526	0.590737164	0.498553038
				
0.075575963	0.672916055	0.600422382	0.590634823	0.498730034
				
0.074990824	0.672908127	0.600509286	0.590410531	0.498868287
				
0.074991077	0.672894239	0.600433826	0.590124369	0.499150485
				
0.074526072	0.672784567	0.600618303	0.590308428	0.499493867
				
0.075129762	0.67170608	0.599823177	0.589845777	0.498971134
				
0.075808436	0.67060262	0.599612772	0.589699328	0.498753548
				
0.076788947	0.668831229	0.598475099	0.588688552	0.498102725
				
0.07772474	0.666639507	0.596982181	0.587264419	0.496757001
				
0.077913731	0.665421426	0.596391082	0.586752594	0.495426238
				
0.079533793	0.665835738	0.597385943	0.587948918	0.495229989
				
0.08246468	0.666279674	0.598314703	0.589212179	0.494694948
				
0.083933935	0.665516019	0.59863925	0.58899641	0.493037313
				
0.086209953	0.666975558	0.600247741	0.590225637	0.494207859
				
0.088769287	0.668697059	0.601738453	0.591249228	0.495428354
				
0.091685206	0.669454932	0.601773322	0.590686202	0.495859087
				
0.094905183	0.670730591	0.6019665	0.590329349	0.496397495
				
0.096469618	0.671029031	0.601196647	0.588675618	0.496274143
				
0.096599564	0.670685232	0.599723935	0.586535633	0.495203435
				
0.098990545	0.669824123	0.597458959	0.583758473	0.494129717
				
0.099966407	0.668515742	0.595184982	0.581181467	0.492792308
				
0.0990749	0.665563881	0.591188967	0.577209413	0.490382999
				
0.097491473	0.663278222	0.588311851	0.574499011	0.48891744
				
0.095086232	0.661136627	0.586225569	0.57271713	0.488203526
				
0.092684947	0.658604741	0.583991528	0.570554316	0.487084925
				
0.09004429	0.656371117	0.582614124	0.569424272	0.487014979
				
0.087206192	0.65321964	0.580263734	0.567540348	0.486032724
				
0.08524248	0.649913788	0.577977598	0.56565249	0.485049456
				
0.084335871	0.646939099	0.576216996	0.564166605	0.484121203
				
0.083931126	0.644114196	0.574243069	0.562635779	0.483250201
				
0.084414005	0.642577946	0.573791981	0.562684298	0.483383894
				
0.085478567	0.639467776	0.572169185	0.560860693	0.48127985
				
0.088234775	0.640222549	0.5729478	0.562299252	0.482098371
				
0.090133019	0.641717792	0.574364781	0.564009249	0.483325303
				
0.092320517	0.643307447	0.575461745	0.565347135	0.484140903
				
0.093834184	0.644061446	0.575507879	0.565901875	0.484014809
				
0.096949905	0.644793689	0.575553596	0.566200256	0.484120965
				
0.098432958	0.646193027	0.576353371	0.567284226	0.48440522
				
0.097650781	0.648284435	0.578415394	0.568895221	0.485576302
				
0.096771352	0.649732828	0.579617739	0.56944865	0.485953718
				
0.095829114	0.652194262	0.581520677	0.57091713	0.486937314
				
0.093968824	0.655362248	0.584553599	0.573412299	0.488508493
				
0.092844531	0.658059478	0.586859584	0.575079799	0.489584178
				
0.09110643	0.660928667	0.589547276	0.577189744	0.490769506
				
0.089124531	0.663347483	0.591770291	0.578832328	0.491579533
				
0.088937193	0.666169405	0.594457924	0.58127147	0.493149877
				
0.08800137	0.668591261	0.596524596	0.58326894	0.49440366
				
0.087769091	0.670061111	0.59769237	0.584636867	0.494985163
				
0.087034196	0.671452343	0.598514557	0.585527539	0.495408207
				
0.086666062	0.672673106	0.599552095	0.586910784	0.495981067
				
0.086950555	0.673530102	0.600172937	0.58801949	0.496569097
				
0.090775274	0.674365759	0.600770473	0.589621186	0.498593241
				
0.0943349	0.673986852	0.600304067	0.590145588	0.500002861
				
0.096315771	0.673746467	0.600057244	0.590848744	0.50128454
				
0.094447151	0.671565413	0.599311233	0.590602875	0.501077533
				
0.09509702	0.670262396	0.598124325	0.590057254	0.501687765
				
0.094817623	0.669861615	0.597785652	0.590221107	0.502610445
				
0.094618395	0.670143723	0.598015845	0.591032863	0.503968835
				
0.093531623	0.670168757	0.598062098	0.591362238	0.505048096
				
0.092262685	0.669618845	0.597670376	0.591224372	0.505322158
				
0.091033183	0.670531988	0.598586321	0.592561603	0.506813943
				
0.090039246	0.671163559	0.599415004	0.593873978	0.508380055
				
0.09048821	0.672621727	0.600716233	0.59576273	0.510158718
				
0.091996059	0.673384666	0.60136044	0.597109079	0.511564374
				
0.093168274	0.674292564	0.602167308	0.598531842	0.513059855
				
0.094888285	0.675560892	0.603357315	0.600551009	0.514471531
				
0.096252397	0.677593887	0.605075836	0.602948785	0.516119838
				
0.096760705	0.679593861	0.606958687	0.605132341	0.517828465
				
0.097493947	0.681013227	0.608388066	0.606783152	0.51932174
				
0.097641557	0.682149887	0.609279335	0.607821047	0.520420492
				
0.096487701	0.682978749	0.609779179	0.608430862	0.521337867
				
0.098767012	0.684522629	0.610792041	0.60953021	0.523065388
				
0.100112177	0.686026454	0.612170458	0.610730827	0.524722934
				
0.101287082	0.687549114	0.613529444	0.611893177	0.525976658
				
0.103377461	0.687869728	0.61384511	0.611936092	0.525964379
				
0.104707107	0.686965346	0.613282859	0.610830724	0.524371862
				
0.105344906	0.684850633	0.611771584	0.608693838	0.521314383
				
0.10587059	0.682958841	0.611249924	0.606945515	0.517664492
				
0.108221218	0.681162834	0.611240029	0.605341911	0.514063776
				
0.111414686	0.679938316	0.612819076	0.60471344	0.510556757
				
0.115522578	0.681230307	0.617194355	0.606477678	0.509060383
				
0.12054044	0.683805704	0.62372005	0.609638393	0.508847713
				
0.126653731	0.686920524	0.62976408	0.612701774	0.508977652
				
0.130130589	0.69053483	0.642395556	0.618037701	0.508321881
				
0.127979577	0.693301022	0.646958113	0.620316505	0.508708835
				
0.126340896	0.695659101	0.650620699	0.622106194	0.508877039
				
0.127375036	0.697287381	0.653069913	0.62291944	0.508113384
				
0.127596468	0.699777424	0.655380547	0.62373209	0.507891774
				
0.127022594	0.703747749	0.657966554	0.62513423	0.508712649
				
0.127910897	0.709252119	0.662828565	0.628686666	0.511611938
				
0.130527645	0.715990782	0.669886887	0.634276628	0.516714633
				
0.132682785	0.722176909	0.676104128	0.639695525	0.522267103
				
0.133297995	0.727883458	0.682622313	0.645438552	0.528277874
				
0.133734778	0.733775318	0.688137889	0.650426805	0.533615291
				
0.132701933	0.738663077	0.69285351	0.655239105	0.538903952
				
0.130056098	0.74273324	0.697245121	0.659747064	0.54359138
				
0.128610834	0.746294558	0.701100707	0.663778305	0.547535479
				
0.127885565	0.748425066	0.702492476	0.665743411	0.549170613
				
0.126852915	0.749761403	0.703256011	0.66700232	0.550267816
				
0.124070928	0.750960469	0.703796685	0.668268681	0.55179137
				
0.120864458	0.75219357	0.704762936	0.669575751	0.553087115
				
0.118532121	0.753235698	0.70626688	0.670928478	0.554138005
				
0.11555098	0.754107118	0.707922935	0.672644854	0.555863619
				
0.11436826	0.754937351	0.709716976	0.673848689	0.556856394
				
0.113481238	0.755857229	0.711969852	0.675223589	0.557831764
				
0.113479882	0.756663382	0.715026498	0.677270174	0.559120774
				
0.115337148	0.757976174	0.718302667	0.679414093	0.560305774
				
0.117385089	0.759603739	0.722354889	0.682215452	0.562242508
				
0.11902006	0.761557698	0.727580726	0.685974121	0.565140843
				
0.121828094	0.762991846	0.732172966	0.689348578	0.567830682
				
0.124728441	0.763929129	0.736216486	0.692595541	0.570217133
				
0.127943635	0.764685512	0.739722431	0.695486784	0.572419405
				
0.130809918	0.76568675	0.742948651	0.69822222	0.57511586
				
0.13509424	0.766217768	0.745727897	0.700599492	0.577721655
				
0.140052721	0.766804218	0.749239266	0.703342021	0.580544531
				
0.146615028	0.767656744	0.752391756	0.705864012	0.583613992
				
0.151051179	0.768943012	0.755638182	0.708202958	0.586259127
				
0.155149907	0.770582497	0.759356797	0.710288763	0.588689566
				
0.158505753	0.772951603	0.763964057	0.712919474	0.591504276
				
0.159835488	0.775714278	0.769435585	0.716652393	0.595372736
				
0.160025194	0.779612482	0.776034176	0.721833527	0.600711286
				
0.160365462	0.783533812	0.779979408	0.727280378	0.60569638
				
0.159368992	0.787904084	0.784161687	0.733842552	0.611521065
				
0.156202495	0.792626441	0.788311183	0.740847051	0.617764473
				
0.15173915	0.796186507	0.791578889	0.746171832	0.622384369
				
0.144710034	0.800785005	0.79559201	0.749479055	0.628446579
				
0.139986053	0.802914917	0.79695034	0.750885129	0.630769551
				
0.135632426	0.804671049	0.798172951	0.752098203	0.632594824
				
0.13153097	0.806645095	0.800682187	0.753936648	0.635437191
				
0.129601941	0.807791948	0.802844167	0.755437255	0.637207508
				
0.127779767	0.807463706	0.803772867	0.755861044	0.637588024
				
0.125941232	0.806199729	0.803863883	0.755732834	0.636861145
				
0.125502676	0.803943515	0.802846968	0.754687726	0.635221601
				
0.125423267	0.801446676	0.801688671	0.753602982	0.633086085
				
0.124822147	0.798394144	0.800096154	0.75232774	0.630612731
				
0.124462619	0.795333982	0.798798144	0.751257658	0.628231645
				
0.122118004	0.789240658	0.799368978	0.752240479	0.624185264
				
0.121053748	0.785818875	0.797394574	0.75045836	0.621028602
				
0.120205157	0.783108473	0.795966506	0.748911798	0.618325889
				
0.12001729	0.780355215	0.794461071	0.747294724	0.61528337
				
0.119647823	0.77780056	0.793116033	0.745691359	0.612622559
				
0.121126547	0.775483608	0.791415155	0.743641973	0.610200167
				
0.122948013	0.774023831	0.790184617	0.741922915	0.608675718
				
0.124822751	0.771528542	0.789538503	0.74069488	0.608496308
				
0.125174999	0.770180523	0.78823173	0.73897028	0.607343793
				
0.124237895	0.769550204	0.787091434	0.737428784	0.606063604
				
0.122899696	0.769064963	0.785521924	0.735509634	0.604443312
				
0.119095072	0.768517256	0.783795476	0.733489752	0.602849841
				
0.115704335	0.768111765	0.781617165	0.731018722	0.600968003
				
0.112227552	0.767840624	0.779253542	0.728319228	0.598905146
				
0.107210606	0.767777264	0.77684027	0.72562331	0.596680701
				
0.100734055	0.767570436	0.774252295	0.723046482	0.594868064
				
0.093522698	0.767745078	0.772290707	0.721228719	0.593561888
				
0.085959084	0.767901421	0.770372689	0.71965605	0.592177987
				
0.07840433	0.768321514	0.769103587	0.718667448	0.590973854
				
0.071024843	0.769232392	0.768653631	0.718727708	0.590668976
				
0.063635252	0.770710349	0.769018173	0.71964854	0.590666831
				
0.061783131	0.773225665	0.769977272	0.721085668	0.590832889
				
0.058410309	0.776126683	0.770775557	0.722260594	0.591504693
				
0.055274338	0.779456735	0.771797955	0.723336458	0.592038274
				
0.053246826	0.782045364	0.772371411	0.723698378	0.591911495
				
0.053532392	0.784746766	0.772617638	0.723241925	0.590985298
				
0.051741064	0.786658347	0.77126205	0.721436262	0.589354694
				
0.047853839	0.786669791	0.76924628	0.718434095	0.586279809
				
0.047555748	0.786259174	0.765983701	0.714960217	0.583357334
				
0.048787922	0.787192345	0.762574732	0.711621165	0.58073324
				
0.050582591	0.788726926	0.759113431	0.708050966	0.577973723
				
0.051544659	0.790233731	0.755605936	0.704428017	0.57521975
				
0.051563907	0.790534675	0.750523567	0.699025273	0.571127415
				
0.049573004	0.790492654	0.744131029	0.692941785	0.565875769
				
0.048036609	0.78976059	0.737158656	0.687254965	0.561367273
				
0.047208156	0.789337099	0.7308653	0.682281017	0.557332397
				
0.048350364	0.788711607	0.725141704	0.677581787	0.552624822
				
0.047492694	0.787483394	0.71924299	0.673018813	0.548272014
				
0.04537303	0.786605895	0.714287817	0.669348001	0.545102537
				
0.044582818	0.785898209	0.710817993	0.666921377	0.543338656
				
0.043208815	0.785086155	0.708000064	0.665219069	0.542614579
				
0.040485173	0.783674836	0.705359578	0.663804293	0.541869998
				
0.038037106	0.781527638	0.701786399	0.662001789	0.540924072
				
0.036061559	0.77949971	0.699266255	0.660848737	0.540321052
				
0.035028599	0.777371287	0.697301984	0.66017127	0.54004395
				
0.035753686	0.77445662	0.695007086	0.659208775	0.539450049
				
0.036191538	0.771591842	0.693353176	0.658394217	0.538976371
				
0.038394731	0.769388914	0.692910969	0.658372641	0.539223969
				
0.041157458	0.767174244	0.692236841	0.658083439	0.539428294
				
0.043077443	0.764264464	0.691149533	0.657488823	0.539569438
				
0.045897864	0.761309087	0.689674258	0.656359673	0.538947999
				
0.050059866	0.758688867	0.688341498	0.655076742	0.538497269
				
0.053893004	0.756339073	0.686919332	0.653921723	0.538439035
				
0.056730669	0.753946364	0.684879541	0.652243912	0.53793937
				
0.058589596	0.751595974	0.68306458	0.650965214	0.5378865
				
0.058942255	0.749279976	0.680577695	0.649285793	0.537433863
				
0.059364196	0.747258306	0.677893221	0.647587419	0.536944151
				
0.06161391	0.745349526	0.674874425	0.645578444	0.536064267
				
0.065094873	0.743230939	0.671911895	0.643616676	0.535103202
				
0.070212036	0.741115332	0.668361723	0.641564369	0.534354687
				
0.07800363	0.739464879	0.665581584	0.640452623	0.534491777
				
0.084927946	0.73861146	0.663506269	0.639897883	0.534770668
				
0.091377161	0.738237739	0.661297858	0.639338255	0.534935057
				
0.095803306	0.737954617	0.658211648	0.639004469	0.535890996
				
0.099765718	0.736233354	0.654166818	0.638593614	0.536115766
				
0.103302389	0.733390689	0.649246097	0.637214303	0.534703016
				
0.107715279	0.730637908	0.644905567	0.635716915	0.532017112
				
0.114486925	0.727348089	0.640455842	0.633644938	0.526342332
				
0.125782207	0.724056602	0.637470722	0.632288575	0.519193649
				
0.137131691	0.721228838	0.635417461	0.631243706	0.512415528
				
0.147927359	0.719857395	0.635887623	0.631898463	0.507449687
				
0.155254737	0.719825268	0.637393475	0.63332957	0.504012644
				
0.156415671	0.721712351	0.64278692	0.638176739	0.500442445
				
0.146137238	0.725190699	0.647956133	0.6419698	0.504096925
				
0.136754036	0.72623384	0.649338484	0.643231988	0.506662786
				
0.129146338	0.728511214	0.651171148	0.644755185	0.509753883
				
0.123739541	0.729655504	0.651505828	0.645418406	0.511757016
				
0.121089041	0.730613828	0.651645064	0.645731449	0.513182998
				
0.119486168	0.731930494	0.652254105	0.646364927	0.514566839
				
0.118788138	0.733262897	0.652868629	0.646883488	0.515909135
				
0.119728468	0.734354794	0.653368413	0.647183716	0.517139256
				
0.123045474	0.734905481	0.653306186	0.647135019	0.518518746
				
0.126128584	0.735047877	0.652943492	0.646841764	0.519857824
				
0.129484668	0.735242844	0.652647913	0.646453023	0.521148086
				
0.13315478	0.734888196	0.651811957	0.645777106	0.522643626
				
0.136100173	0.734253645	0.650277257	0.644672275	0.523877203
				
0.139355898	0.733498335	0.648962736	0.643625736	0.524747729
				
0.141681641	0.732754946	0.647624016	0.642426252	0.525370121
				
0.143431753	0.732050538	0.646553755	0.641419291	0.5257411
				
0.143600613	0.731208563	0.64554739	0.640788078	0.525600493
				
0.142252207	0.7309407	0.645931184	0.641365528	0.526147962
				
0.14141269	0.730482459	0.646069646	0.641881466	0.527139246
				
0.140914917	0.73035419	0.646900535	0.643058121	0.528691888
				
0.141938239	0.729901791	0.647132397	0.643880963	0.530292451
				
0.140968531	0.7298733	0.647498012	0.644996583	0.532077789
				
0.139748365	0.730060101	0.647925138	0.646259785	0.534120858
				
0.137012616	0.729306579	0.647264361	0.646618128	0.535789669
				
0.132771835	0.728258848	0.646550298	0.646725059	0.537348509
				
0.127297372	0.727185726	0.645670652	0.646553338	0.538942099
				
0.121480741	0.727321863	0.645931363	0.647403717	0.541370332
				
0.114844903	0.727440476	0.645839334	0.648070812	0.543547094
				
0.107616656	0.727738619	0.645843029	0.648818374	0.545138836
				
0.10135825	0.728618801	0.646375179	0.649971783	0.546790123
				
0.095288262	0.728984773	0.646711469	0.650625765	0.547343493
				
0.089238048	0.728882313	0.646811664	0.650870323	0.547451854
				
0.082844168	0.728377104	0.646744728	0.650851607	0.546683192
				
0.07677716	0.727548957	0.646536887	0.650649607	0.545675993
				
0.06954971	0.725964189	0.645562291	0.649450362	0.543794096
				
0.06174019	0.723500967	0.643707693	0.647523463	0.542236805
				
0.050627857	0.721245289	0.641967595	0.645602226	0.543309987
				
0.039382972	0.719257772	0.640499055	0.644053161	0.545934319
				
0.005554006	0.716275871	0.640552163	0.640651405	0.541582048
				
-0.015405912	0.714918971	0.641407311	0.63754797	0.53950572
				
-0.043007918	0.711542487	0.643249273	0.635579467	0.539267182
				
-0.055956494	0.71239984	0.645765483	0.63473928	0.539623082
				
-0.07646694	0.71145159	0.649121344	0.635252953	0.540479958
				
-0.082637571	0.711596429	0.651791692	0.635942221	0.54130125
				
-0.084411755	0.711126745	0.654868782	0.638167202	0.54288274
				
-0.094196841	0.705956221	0.65802443	0.639718056	0.544143915
				
-0.103065982	0.699971199	0.661570072	0.641622722	0.544841051
				
-0.096414	0.692921162	0.663257599	0.642502248	0.545022726
				
-0.088139996	0.689576507	0.663530231	0.642701983	0.544746637
				
-0.099378124	0.68449676	0.665243268	0.643047512	0.543687522
				
-0.090445913	0.68159163	0.665797353	0.643354058	0.544292986
				
-0.080024198	0.681293905	0.667043447	0.644447982	0.545463383
				
-0.071900204	0.681571245	0.667095244	0.644839406	0.546791434
				
-0.080619372	0.678121269	0.66769731	0.64407146	0.546346188
				
-0.071164526	0.68055135	0.667436302	0.643764257	0.547430873
				
-0.063690595	0.684966147	0.667578697	0.644086123	0.548989177
				
-0.057653807	0.688912272	0.666782737	0.64325422	0.548813105
				
-0.065996595	0.686181366	0.665257514	0.640387356	0.546239913
				
-0.057979539	0.684183359	0.661491215	0.63649106	0.543217957
				
-0.061851785	0.679316998	0.658532917	0.632810712	0.539532661
				
-0.06500458	0.668188274	0.654093266	0.627169192	0.533355772
				
-0.06465359	0.650308907	0.649810314	0.62140882	0.527664304
				
-0.052293062	0.635627985	0.643492162	0.613903284	0.520901322
				
-0.045896992	0.631897748	0.635933936	0.60409838	0.513562024
				
-0.043909118	0.62262392	0.631141067	0.596677423	0.509298563
				
-0.038923353	0.623718262	0.629514217	0.594558716	0.511177719
				
-0.027013469	0.637572527	0.628284276	0.594354749	0.514641166
				
-0.034679394	0.664853096	0.626021922	0.593187094	0.514022231
				
-0.045080088	0.689929783	0.629301071	0.597911954	0.516156137
				
-0.060692027	0.707691312	0.635064125	0.604122281	0.516441703
				
-0.070149176	0.725793242	0.64119947	0.610079944	0.518648624
				
-0.063453682	0.741137266	0.646262228	0.614930749	0.519575
				
-0.051895928	0.750805199	0.651335239	0.618970156	0.519160986
				
-0.034493323	0.759110808	0.656752825	0.623598218	0.518724084
				
-0.015482515	0.76615119	0.662016273	0.62856257	0.51829499
				
0.004185541	0.774683237	0.667919278	0.635156035	0.518764257
				
0.022966899	0.784224868	0.67526865	0.644055843	0.522062778
				
0.036150239	0.789217174	0.682453275	0.652309537	0.523477197
				
0.077110782	0.780974865	0.689100921	0.666707814	0.536459267
				
0.075252406	0.783958435	0.695246935	0.670436263	0.535427868
				
0.100446127	0.77590698	0.698456347	0.680268407	0.546339869
				
0.093866996	0.778363228	0.703337789	0.682825327	0.544220328
				
0.076594338	0.778439522	0.706493795	0.68470633	0.543346167
				
0.066506617	0.779753327	0.709994256	0.687637806	0.544310808
				
0.055862356	0.778357327	0.711637795	0.688247979	0.544270992
				
0.042720616	0.777971268	0.712910116	0.688750267	0.546398997
				
0.027502259	0.775595069	0.713457644	0.688657284	0.547038198
				
0.016028199	0.772710621	0.712967992	0.68779254	0.547657907
				
0.009319013	0.769999325	0.712689817	0.687407672	0.549034715
				
0.008592627	0.767779827	0.711268067	0.686526895	0.549277961
				
0.00880268	0.765488029	0.709865391	0.685886502	0.550552785
				
0.008196103	0.76182574	0.708362997	0.684658945	0.550358176
				
0.01524606	0.759353042	0.706800699	0.684049428	0.550624847
				
0.015654601	0.755646288	0.704370499	0.681618094	0.549312532
				
0.021217301	0.752575994	0.700894177	0.678835571	0.548004508
				
0.022403605	0.748860836	0.697743297	0.67582953	0.546285868
				
0.026359752	0.745895445	0.695425153	0.673719585	0.544893384
				
0.034461144	0.743219733	0.691815495	0.670776427	0.543915868
				
0.043995693	0.740684271	0.688636184	0.668540895	0.543661594
				
0.050940622	0.737098575	0.685948372	0.666120231	0.541733146
				
0.059392069	0.735868931	0.684982538	0.665945649	0.54259485
				
0.066224784	0.735407829	0.685494483	0.667221189	0.543997586
				
0.070324183	0.734128118	0.686078787	0.667854667	0.543635368
				
0.076014027	0.733787954	0.686930776	0.669337034	0.544803381
				
0.07682132	0.734232426	0.689382792	0.671656966	0.54646349
				
0.073194213	0.734803021	0.691842556	0.673890769	0.548785985
				
0.067799635	0.735525787	0.69369632	0.675585091	0.551525831
				
0.062532589	0.736173689	0.69526875	0.677148581	0.554046392
				
0.06054084	0.737860382	0.697596252	0.6797961	0.556565285
				
0.060192674	0.74101609	0.701346576	0.683636606	0.561387956
				
0.057806112	0.744532824	0.704964399	0.686777413	0.5655545
				
0.053054437	0.746470511	0.707118273	0.687968493	0.56847012
				
0.047877975	0.748776555	0.709494591	0.689584017	0.572102785
				
0.042074457	0.750466466	0.710406065	0.689687729	0.574661076
				
0.036792301	0.752471745	0.711760044	0.690432668	0.577633321
				
0.032897249	0.755491734	0.713071108	0.691861629	0.581304431
				
0.029446278	0.759222925	0.716368377	0.695104003	0.586061597
				
0.025559777	0.761040092	0.718818724	0.696774364	0.588969767
				
0.022226367	0.763247848	0.720409274	0.698409379	0.592092156
				
0.019901367	0.764263034	0.720426381	0.698600411	0.593344212
				
0.017119914	0.76347363	0.720433056	0.698303401	0.593755245
				
0.014713063	0.761830389	0.72001338	0.697445571	0.594326735
				
0.012897697	0.759758174	0.719052196	0.696031988	0.59429127
				
0.012858802	0.757764697	0.718956888	0.695515335	0.595654488
				
0.014040807	0.755512774	0.721024394	0.696727157	0.600368679
				
0.022428043	0.754056096	0.722563207	0.698353887	0.602128863
				
0.032774772	0.754071951	0.724269629	0.700561166	0.603430808
				
0.039294895	0.754569352	0.725831628	0.702596545	0.604323149
				
0.044412386	0.755439043	0.726765215	0.704361141	0.605506063
				
0.04871263	0.755328417	0.728778303	0.706237316	0.607195735
				
0.055105902	0.755978405	0.73028934	0.70849669	0.608660758
				
0.058997616	0.755632281	0.732431173	0.710552335	0.609860778
				
0.067582861	0.756245971	0.7333076	0.712287486	0.610670209
				
0.073221937	0.756168008	0.7348997	0.713752747	0.611718655
				
0.079213731	0.755789936	0.7362836	0.714719355	0.612786472
				
0.087857261	0.756241918	0.736528695	0.715339839	0.612672627
				
0.095664486	0.756643951	0.736834407	0.715585589	0.61148113
				
0.101795226	0.757131577	0.737243116	0.715861678	0.609718919
				
0.103980765	0.756784558	0.738644958	0.716310859	0.608832717
				
0.109423056	0.757456779	0.739018142	0.716671169	0.608051002
				
0.110130697	0.757207274	0.739889026	0.716701269	0.606904089
				
0.111750431	0.756531358	0.740048766	0.715487182	0.605543613
				
0.112131611	0.756197035	0.739678979	0.71361649	0.603891194
				
0.111067139	0.755971372	0.738901794	0.711525738	0.602622807
				
0.113529362	0.756065309	0.738808632	0.710646212	0.603085756
				
0.116582125	0.756828904	0.737746477	0.709403396	0.602657914
				
0.114776634	0.757739663	0.738383055	0.709352136	0.603462815
				
0.131908342	0.756586492	0.734933078	0.712388217	0.609424651
				
0.144167021	0.757927775	0.73366642	0.71654737	0.61578536
				
0.149967372	0.759738088	0.733347297	0.720607758	0.620974898
				
0.135481089	0.761872172	0.734414935	0.720268428	0.617446125
				
0.137419343	0.763004959	0.734040618	0.724028051	0.62145251
				
0.139063522	0.764328301	0.733114302	0.726313233	0.623301089
				
0.136486501	0.764761925	0.731805563	0.726970375	0.623648524
				
0.132768989	0.765101492	0.73028928	0.727168798	0.622192442
				
0.129136026	0.765117705	0.728457391	0.726407409	0.618985772
				
0.123186775	0.764844358	0.726093113	0.724405229	0.615190804
				
0.113043286	0.765479445	0.723443151	0.722925544	0.61263895
				
0.102280483	0.765777349	0.720586121	0.720585108	0.610118866
				
0.089415625	0.766048312	0.718596756	0.718628585	0.608024955
				
0.072232172	0.765435576	0.715923548	0.715278745	0.605969727
				
0.05565162	0.764986277	0.713836253	0.712474346	0.605238676
				
0.039109185	0.764060259	0.711436391	0.709061623	0.604870677
				
0.023076765	0.763436198	0.709404469	0.706223786	0.605362535
				
0.008585919	0.762588143	0.70729655	0.703041553	0.605648756
				
-0.001740782	0.76204592	0.705844104	0.700349092	0.606051683
				
-0.011235716	0.760005653	0.702897072	0.69588697	0.604862332
				
-0.019433549	0.756064653	0.696308494	0.689106703	0.60145247
				
-0.025857987	0.751445413	0.689218223	0.681693435	0.597793579
				
-0.02873796	0.746029615	0.681664944	0.674057484	0.593825817
				
-0.029749753	0.740057349	0.673895597	0.666016817	0.589247584
				
-0.025517866	0.732366443	0.664945483	0.656405926	0.58308208
				
-0.017798284	0.724902868	0.656267405	0.646931529	0.576926172
				
-0.009979459	0.717199802	0.647945523	0.638008237	0.570966363
				
-0.004106997	0.710743487	0.641232491	0.630999029	0.566271305
				
0.006126361	0.704872608	0.635232687	0.624501348	0.561769783
				
0.017727459	0.69956255	0.629752934	0.618408084	0.55709964
				
0.023899032	0.695793629	0.626244783	0.614326417	0.553921223
				
0.028520713	0.692807257	0.623567224	0.611379385	0.551623583
				
0.02909122	0.690138519	0.62094599	0.608397007	0.549427509
				
0.027592618	0.687628865	0.618022561	0.605314136	0.547140181
				
0.023273503	0.68535471	0.615139127	0.602721334	0.545317054
				
0.020937633	0.683317661	0.612431407	0.600574493	0.543884814
				
0.02027799	0.6812464	0.609854579	0.599208713	0.543111801
				
0.020645499	0.678910851	0.607235551	0.597896218	0.542192578
				
0.023807565	0.676794946	0.60494405	0.597042024	0.541336834
				
0.026507836	0.674812436	0.602982819	0.596012294	0.540397286
				
0.029583039	0.672931075	0.601376653	0.59510982	0.539402783
				
0.03410057	0.670695305	0.59924531	0.593727231	0.538095415
				
0.036226965	0.668705285	0.597570658	0.592722416	0.537042737
				
0.039153431	0.666878521	0.596233666	0.591748178	0.535980403
				
0.041621007	0.665737271	0.595247507	0.591030836	0.535133362
				
0.042325534	0.664441645	0.59424746	0.589993358	0.53403312
				
0.041438118	0.663461447	0.593775809	0.589340448	0.533155084
				
0.039143361	0.662635684	0.593569279	0.588868439	0.532509565
				
0.035719082	0.662150621	0.593708873	0.588667214	0.532141984
				
0.032995425	0.661888421	0.594133139	0.588575184	0.531716108
				
0.031595849	0.661731064	0.594688177	0.588622272	0.53147614
				
0.031045604	0.661610246	0.595438123	0.589177012	0.531728029
				
0.031217162	0.661813617	0.59641856	0.589915276	0.532130718
				
0.031113157	0.661914349	0.597254217	0.590508282	0.532433212
				
0.030744148	0.661808074	0.597788811	0.590859234	0.532521307
				
0.028589971	0.661814988	0.598260045	0.591356814	0.532759845
				
0.026614305	0.66145885	0.598060608	0.591061175	0.532286286
				
0.025240287	0.661224723	0.598035812	0.590926528	0.531744897
				
0.023847375	0.66087842	0.597428977	0.590099633	0.53079468
				
0.021827757	0.660868824	0.597003758	0.589322209	0.529930472
				
0.021454046	0.659856498	0.595463037	0.587334514	0.527777195
				
0.021384699	0.659630418	0.594285607	0.58600086	0.52621752
				
0.020119149	0.659419537	0.593211532	0.584794402	0.524591506
				
0.020885319	0.658955514	0.591928184	0.583183169	0.52268821
				
0.018964842	0.658913255	0.591083825	0.582180142	0.520943642
				
0.018370885	0.65978682	0.591324627	0.582245648	0.519928098
				
0.0133182	0.663264334	0.594002008	0.584610701	0.520633161
				
0.007355623	0.667104006	0.596976995	0.587290347	0.521094263
				
0.003057063	0.67077899	0.59943527	0.589864135	0.521727204
				
-0.000106543	0.674457192	0.602151453	0.592342198	0.522302628
				
-0.003583632	0.678617656	0.605619252	0.594986022	0.522724628
				
-0.00774302	0.682667911	0.60964179	0.597667873	0.522983313
				
-0.012451626	0.685276508	0.612829149	0.599456787	0.522636652
				
-0.016833998	0.687963068	0.615993261	0.601602852	0.523141682
				
-0.024370819	0.691139638	0.619333863	0.604356647	0.524421513
				
-0.0301667	0.693600297	0.622580051	0.607168794	0.525778532
				
-0.032831214	0.69597137	0.625500262	0.610627413	0.527347863
				
-0.03303732	0.697657526	0.626957178	0.613511026	0.527403116
				
-0.032107659	0.700925827	0.629680216	0.617323935	0.527834475
				
-0.029168025	0.703893304	0.630931735	0.620090246	0.524549365
				
-0.023988217	0.707646012	0.633218825	0.623495519	0.519513428
				
-0.017198086	0.713040471	0.637106538	0.628343463	0.516819417
				
-0.010331213	0.71822083	0.641175926	0.63292408	0.515906334
				
-0.00479348	0.723786652	0.645895123	0.637667716	0.515397966
				
-0.000329517	0.727390468	0.648725927	0.64085269	0.515089452
				
0.005040482	0.726904094	0.64722842	0.640353382	0.512662053
				
0.009546556	0.725060105	0.644164503	0.638017595	0.508692205
				
0.016767889	0.724310637	0.642232418	0.636337757	0.505639017
				
0.02600079	0.722996235	0.640008211	0.633978605	0.502750993
				
0.034508452	0.722744584	0.639693737	0.633247435	0.502188146
				
0.04031948	0.723655581	0.640266359	0.633784652	0.503631949
				
0.042521358	0.725211382	0.640709639	0.635004401	0.50610292
				
0.047436215	0.7310431	0.645643771	0.640755177	0.513480783
				
0.045472518	0.734074473	0.648585916	0.644085169	0.521179795
				
0.042256556	0.735339284	0.650341511	0.645962477	0.529077888
				
0.041043475	0.736177623	0.651721179	0.647677302	0.535434365
				
0.038175009	0.735476494	0.650915921	0.646970391	0.539469242
				
0.036568128	0.734561801	0.650124371	0.646295011	0.542425513
				
0.03691975	0.734873056	0.650937676	0.646977842	0.544487
				
0.038747475	0.73451364	0.650453687	0.646327257	0.544860959
				
0.039720856	0.731680274	0.649771392	0.645157456	0.543415189
				
0.054826424	0.733325064	0.652799368	0.646503031	0.54778868
				
0.061755575	0.73472631	0.655418396	0.64731586	0.549189746
				
0.064748056	0.735472322	0.657371283	0.647209466	0.549300849
				
0.068905152	0.735297918	0.658686757	0.646390736	0.547715843
				
0.074766532	0.734492004	0.658805728	0.644284964	0.544285178
				
0.079668432	0.732213497	0.656703115	0.639908075	0.537931442
				
0.084866226	0.727537513	0.652426481	0.633823156	0.529253185
				
0.088223614	0.721878707	0.64686954	0.6271559	0.520506263
				
0.089908764	0.717202544	0.642677605	0.621231794	0.51254952
				
0.090546481	0.715830564	0.641508698	0.6182428	0.507479787
				
0.088825814	0.71690613	0.642215192	0.617034554	0.503984451
				
0.091156222	0.718725801	0.643302679	0.616443574	0.501147985
				
0.093204096	0.721354783	0.645830035	0.616678059	0.500048459
				
0.093892366	0.724904299	0.649365187	0.617359281	0.500005186
				
0.092940941	0.731621742	0.657086015	0.621289492	0.503165603
				
0.091093324	0.739294171	0.66562748	0.626129448	0.506481528
				
0.088203028	0.747033954	0.674930573	0.631344795	0.509966731
				
0.084270328	0.755523622	0.684647918	0.636999965	0.513800561
				
0.07913065	0.763113678	0.694325507	0.642939329	0.518145621
				
0.073164657	0.769108236	0.701922655	0.647693753	0.521530747
				
0.065892898	0.774594903	0.709296107	0.652420104	0.52511251
				
0.057757646	0.779330015	0.7159729	0.657328665	0.528864086
				
0.050099172	0.783618391	0.721921682	0.6616593	0.532063246
				
0.041755501	0.786682248	0.726956487	0.665575981	0.535050213
				
0.03388916	0.788820803	0.731595516	0.66915983	0.537744522
				
0.027019743	0.790496469	0.73570168	0.67192477	0.539696217
				
0.020748861	0.791926801	0.738636732	0.673814654	0.541208506
				
0.015607323	0.792959511	0.741139114	0.675374866	0.542556405
				
0.011937506	0.79282105	0.742371738	0.67599684	0.543012142
				
0.009297319	0.792172968	0.742875218	0.676066875	0.542904794
				
0.007996112	0.791385591	0.743206203	0.676271677	0.542709708
				
0.006834876	0.790529132	0.743352473	0.676517129	0.542642057
				
0.006853569	0.789591491	0.743620992	0.676753521	0.54235667
				
0.006389625	0.788957953	0.743501902	0.677060962	0.542185664
				
0.006542228	0.788085282	0.743024111	0.677128732	0.541887105
				
0.008722845	0.787215769	0.742798209	0.677457511	0.541966438
				
0.011011161	0.786551952	0.742211938	0.677599251	0.542012751
				
0.013630774	0.785684764	0.741379023	0.677428782	0.54183954
				
0.017238375	0.785098016	0.741201043	0.677721322	0.5419541
				
0.020893332	0.785454392	0.742546856	0.679500222	0.543477952
				
0.023887694	0.786673784	0.745779037	0.682825923	0.546558261
				
0.027156807	0.78852874	0.749816537	0.68674016	0.550255001
				
0.031586975	0.790810347	0.754849315	0.691549003	0.554995
				
0.037959795	0.793070376	0.76043725	0.696671963	0.560213983
				
0.045283251	0.795099556	0.764706731	0.70181936	0.565620065
				
0.055065535	0.797711194	0.76954639	0.707755089	0.57176441
				
0.065758266	0.800301135	0.774556875	0.714271009	0.578495979
				
0.076966718	0.802538455	0.779049158	0.720320046	0.584772408
				
0.088324331	0.805304587	0.783980012	0.727198243	0.591867387
				
0.100375153	0.808153808	0.788709164	0.733892798	0.599122882
				
0.113064781	0.809276521	0.792521477	0.739153624	0.605032563
				
0.126059979	0.810530722	0.796917975	0.742952645	0.610994875
				
0.137282491	0.810663044	0.800311029	0.746040881	0.616437852
				
0.145218253	0.809955537	0.802739859	0.748675048	0.621664226
				
0.150927141	0.808826923	0.804554701	0.750764012	0.626193702
				
0.154090181	0.807333231	0.805290163	0.752417564	0.630714417
				
0.148975179	0.802440226	0.808073461	0.756404817	0.633605123
				
0.149095461	0.80051434	0.80794543	0.757413566	0.637260437
				
0.1481217	0.799804568	0.807688296	0.757875502	0.639802098
				
0.146836519	0.799423158	0.807511508	0.758300066	0.642173946
				
0.144946337	0.799005687	0.806924701	0.758137584	0.642612278
				
0.141383365	0.798603117	0.806327701	0.757799566	0.642241538
				
0.136665568	0.798384011	0.805518806	0.757393003	0.642110288
				
0.131894559	0.798485279	0.804367125	0.757082999	0.642435312
				
0.127617791	0.798933625	0.803174675	0.757026315	0.643633842
				
0.124235354	0.800358713	0.803069174	0.757926822	0.64567548
				
0.120533139	0.802155435	0.802736878	0.759002566	0.648851514
				
0.117863372	0.803967357	0.802740812	0.760289431	0.652102828
				
0.115243301	0.805963337	0.803169727	0.761229277	0.65446949
				
0.113041826	0.808199108	0.804846585	0.762557626	0.656580985
				
0.111270428	0.810434639	0.806149125	0.763689995	0.658861935
				
0.109970041	0.812460542	0.807712793	0.765002251	0.661506653
				
0.111333326	0.814050376	0.808649004	0.766492307	0.664709628
				
0.115314335	0.815459549	0.809343278	0.768188834	0.667930365
				
0.122143492	0.816542447	0.810155034	0.770253897	0.67057085
				
0.129593328	0.81645453	0.809782922	0.771373034	0.672079623
				
0.138247803	0.816234708	0.809321344	0.772357047	0.673163474
				
0.14886342	0.81659919	0.80925107	0.77331996	0.673434377
				
0.157441676	0.81682831	0.80790168	0.77371943	0.672307789
				
0.15671283	0.81411612	0.807403803	0.775407314	0.668872476
				
0.151679724	0.814293683	0.80469358	0.775128782	0.668384254
				
0.137853205	0.81531316	0.802296281	0.775146484	0.668080449
				
0.120967016	0.814978361	0.798538804	0.774085402	0.666483462
				
0.105400831	0.813280225	0.793493211	0.771303415	0.663334489
				
0.090498261	0.811979175	0.788184524	0.76871717	0.660027981
				
0.074598014	0.811401129	0.783294201	0.766379178	0.656598568
				
0.059090689	0.811666369	0.778877556	0.763908267	0.654960811
				
0.043345574	0.812189281	0.774971664	0.760581493	0.654515088
				
0.029342655	0.813257635	0.772234499	0.757839799	0.65519172
				
0.020971041	0.81544745	0.771619558	0.756895423	0.656538129
				
0.019835819	0.817736089	0.771180749	0.756403863	0.657216668
				
0.026059598	0.820069194	0.77156502	0.756303489	0.657965183
				
0.029176813	0.822416246	0.77193588	0.756353438	0.659676552
				
0.033301823	0.823201597	0.770793498	0.754726529	0.659524739
				
0.03321166	0.82251811	0.767749071	0.751808763	0.657749891
				
0.025628533	0.820258141	0.762572348	0.747377396	0.655452311
				
0.013896938	0.817863584	0.758101642	0.743728459	0.654277802
				
-0.001190741	0.814866185	0.753717065	0.740659416	0.653539479
				
-0.013349645	0.811153531	0.749047399	0.737490416	0.652090907
				
-0.024617977	0.807549834	0.745342374	0.735114098	0.651007771
				
-0.029655691	0.804432929	0.742560208	0.733600259	0.649654746
				
-0.031253021	0.802086949	0.740787506	0.732602179	0.647631109
				
-0.034455739	0.79842639	0.737471461	0.730035663	0.642870486
				
-0.043324955	0.792406201	0.731474698	0.724933565	0.636209309
				
-0.051523782	0.787186623	0.72626245	0.720219016	0.631401777
				
-0.064009495	0.781729579	0.720794678	0.715168595	0.627150238
				
-0.075696215	0.777174592	0.71621567	0.711220741	0.62501657
				
-0.086199626	0.774300456	0.713039637	0.709085584	0.624702036
				
-0.092345558	0.773816526	0.711584151	0.708769321	0.625582874
				
-0.094477303	0.773034394	0.709546924	0.707868218	0.624918461
				
-0.091407165	0.772464037	0.707368374	0.706693769	0.623285651
				
-0.083630405	0.772461772	0.706081271	0.70625484	0.621256053
				
-0.075663455	0.772506237	0.704880714	0.705559134	0.619262874
				
-0.072061062	0.773071885	0.70468235	0.705448687	0.617639542
				
-0.069506451	0.772721052	0.702926993	0.704357803	0.616778851
				
-0.089250244	0.779151559	0.70007515	0.695440114	0.601681471
				
-0.08577498	0.775138915	0.698441744	0.695058584	0.604214549
				
-0.081913508	0.771312118	0.696099818	0.693288088	0.60524261
				
-0.078503624	0.767174125	0.693190932	0.690818906	0.605060101
				
-0.072939537	0.763941526	0.691446185	0.689844608	0.604673862
				
-0.067032397	0.760581017	0.689472318	0.688428998	0.603943944
				
-0.061361644	0.757558346	0.688217819	0.68754375	0.603360415
				
-0.056751776	0.754853606	0.687295437	0.686194837	0.602114737
				
-0.076271966	0.760567188	0.688762784	0.67936933	0.591828823
				
-0.091532201	0.764872313	0.686481059	0.672258079	0.583108902
				
-0.090293594	0.751754165	0.674068332	0.659524322	0.579492211
				
-0.087038189	0.742888272	0.667872608	0.654448748	0.581567645
				
-0.091018513	0.736253321	0.66341126	0.651391983	0.584148526
				
-0.122845575	0.739222348	0.655362606	0.639740288	0.574141502
				
-0.144453704	0.740981221	0.647440255	0.628350854	0.565685391
				
-0.160598457	0.741443992	0.639732778	0.617599249	0.558858097
				
-0.171947464	0.739695609	0.631802559	0.607553661	0.552610219
				
-0.166005909	0.727726877	0.628275156	0.608122766	0.556487381
				
-0.152472615	0.717794299	0.626133919	0.609389901	0.560128331
				
-0.138282254	0.708964825	0.624199569	0.610598028	0.562929213
				
-0.12526536	0.701678634	0.623294115	0.612543821	0.565635622
				
-0.108256243	0.694963574	0.622379422	0.613930643	0.567308545
				
-0.089658067	0.688834369	0.621704042	0.614851117	0.568153203
				
-0.077825837	0.68342793	0.621451318	0.615793645	0.568369746
				
-0.071296744	0.678641081	0.621189475	0.616327941	0.568002462
				
-0.069947518	0.67463994	0.620684922	0.61629951	0.566529036
				
-0.069111831	0.672476411	0.62105912	0.616735697	0.564871728
				
-0.069702491	0.670504808	0.620472789	0.615817189	0.5621683
				
-0.071242951	0.668469548	0.618830681	0.613886237	0.558710098
				
-0.071366139	0.666498184	0.6165694	0.611306787	0.554907024
				
-0.072095379	0.663691282	0.612931609	0.607175648	0.549962103
				
-0.075595751	0.662224352	0.610995054	0.604675889	0.546617985
				
-0.079136647	0.66026026	0.60791862	0.600866139	0.542240143
				
-0.079637386	0.657680631	0.603758574	0.59555763	0.53655684
				
-0.081790946	0.654151022	0.598694026	0.589209557	0.530058146
				
-0.083406813	0.651430607	0.594217956	0.583677292	0.524307787
				
-0.083914131	0.64815104	0.589397848	0.57785064	0.517955124
				
-0.079989918	0.646472096	0.586727858	0.574777663	0.514633358
				
-0.078897975	0.646394312	0.585221231	0.572886288	0.512193978
				
-0.07911633	0.648201525	0.585448325	0.573132932	0.511867106
				
-0.088584371	0.649234891	0.586172998	0.574102283	0.511262655
				
-0.089424163	0.651811719	0.58645308	0.574901462	0.511315167
				
-0.097022973	0.653195739	0.58653897	0.575183213	0.510214329
				
-0.098734021	0.657069206	0.588624358	0.578650415	0.512829065
				
-0.102587074	0.661613286	0.591216803	0.582679451	0.516272426
				
-0.107057072	0.667013645	0.595079303	0.587916672	0.520612717
				
-0.11063154	0.67186141	0.598577619	0.592440188	0.524302125
				
-0.115019351	0.677678943	0.603301227	0.597790956	0.528359413
				
-0.120792158	0.683044374	0.60820359	0.602895379	0.532409251
				
-0.126930937	0.687741399	0.612966955	0.607497334	0.536098599
				
-0.133193985	0.691704571	0.617506206	0.611449063	0.539512634
				
-0.137747645	0.695917606	0.622079611	0.61528194	0.542473078
				
-0.140893012	0.699402809	0.626101077	0.618311584	0.544902325
				
-0.145369783	0.702125788	0.629152238	0.620494604	0.546456575
				
-0.146670103	0.70380795	0.63113904	0.621735811	0.547281921
				
-0.148261458	0.705378652	0.632401049	0.622384608	0.547529936
				
-0.149664253	0.70644021	0.63266325	0.622012556	0.546861887
				
-0.14438951	0.708275855	0.631876945	0.620704651	0.545303285
				
-0.139283374	0.710299551	0.631082475	0.619677067	0.543885231
				
-0.133331016	0.712861001	0.629958391	0.618202209	0.541659951
				
-0.128396794	0.712704599	0.627855182	0.616120577	0.539075434
				
-0.123746559	0.713317692	0.625424504	0.613853872	0.535818338
				
-0.119860098	0.711958289	0.622325778	0.611394823	0.532632113
				
-0.119547933	0.709020376	0.618847907	0.608447969	0.529437363
				
-0.12229149	0.706586719	0.614999056	0.605662286	0.525975943
				
-0.124578714	0.703770876	0.611023903	0.603044987	0.522488117
				
-0.12481384	0.701361835	0.608533502	0.601832271	0.519521594
				
-0.121627614	0.699032426	0.606414199	0.600782394	0.516414881
				
-0.113766015	0.698499143	0.60623759	0.600932837	0.513450682
				
-0.104491785	0.699195862	0.608324885	0.602495551	0.510523498
				
-0.093862444	0.7013852	0.61152792	0.605377913	0.509694934
				
-0.082132027	0.703899205	0.615656257	0.608656406	0.509626567
				
-0.066065982	0.704788685	0.616640925	0.608614981	0.507021248
				
-0.048533186	0.706707776	0.618051291	0.60829097	0.504243255
				
-0.029639706	0.708306789	0.619342685	0.60728848	0.500848532
				
-0.015329123	0.708413422	0.61922735	0.605059922	0.496382743
				
-0.003445551	0.707683921	0.618382752	0.602082193	0.492017508
				
0.005809322	0.707175374	0.618132055	0.599666238	0.488429904
				
0.01209566	0.70677948	0.618620574	0.598129869	0.485878915
				
0.019695371	0.707121193	0.619434595	0.596660733	0.483505785
				
0.027322069	0.707420349	0.621288776	0.596315682	0.482272506
				
0.034452066	0.704605222	0.623615623	0.596228123	0.480007082
				
0.041102841	0.70714426	0.627569497	0.597977996	0.481092423
				
0.04733412	0.710068941	0.631047785	0.599481344	0.482256711
				
0.052525848	0.713040471	0.634331703	0.60101366	0.483680993
				
0.057484299	0.714939117	0.636129856	0.601806521	0.484607249
				
0.061888427	0.717170477	0.638569355	0.603291273	0.485983729
				
0.065917499	0.719793797	0.641729474	0.605523586	0.487703204
				
0.069295011	0.722228229	0.644207299	0.607355773	0.489433587
				
0.072787225	0.724887252	0.647724509	0.609984517	0.491828918
				
0.067917526	0.726493716	0.651212811	0.61233902	0.492904484
				
0.07054887	0.728817165	0.653841078	0.614356637	0.49582231
				
0.072763339	0.730611026	0.656169891	0.616643965	0.499346554
				
0.072632968	0.731538057	0.657291055	0.61806643	0.502073109
				
0.07290893	0.732045412	0.658799767	0.620055437	0.505161643
				
0.073600337	0.731801748	0.659472227	0.621262491	0.507255912
				
0.074857526	0.731968582	0.660642087	0.622689605	0.509387374
				
0.074220248	0.732146502	0.662094116	0.624467015	0.511674881
				
0.073247932	0.731937408	0.66297543	0.62572825	0.513291478
				
0.071365386	0.73172915	0.663731217	0.62683177	0.514451087
				
0.069079235	0.731047869	0.663639545	0.627184033	0.514648676
				
0.067521028	0.730171084	0.663542509	0.627486348	0.514742732
				
0.065543413	0.72890234	0.663551807	0.627944708	0.5150792
				
0.062778905	0.727959514	0.66476059	0.629592419	0.516840518
				
0.062523708	0.727051973	0.666447282	0.631907284	0.51958853
				
0.06398043	0.726904988	0.668923736	0.634984851	0.523376286
				
0.065836199	0.726840258	0.671699047	0.637826502	0.526954472
				
0.067288905	0.726101995	0.674980164	0.641305208	0.53084141
				
0.07014779	0.725226045	0.677155793	0.643844843	0.533784568
				
0.073825903	0.724632978	0.678421855	0.645531535	0.535992086
				
0.078669041	0.724469066	0.679374695	0.646927953	0.537951291
				
0.082687303	0.724751711	0.680973887	0.648713887	0.539888263
				
0.085184298	0.725736678	0.682970166	0.650827646	0.542004228
				
0.086329073	0.727169693	0.684857249	0.652901828	0.544283211
				
0.086612023	0.729020238	0.687230825	0.655442715	0.547108054
				
0.083804138	0.731251419	0.68958962	0.657619715	0.549739003
				
0.079718687	0.733874738	0.692164719	0.660006881	0.552792788
				
0.07841292	0.736039996	0.693509579	0.661268055	0.554984689
				
0.076989919	0.738005877	0.694324613	0.662124217	0.556835294
				
0.076399565	0.740041435	0.695348978	0.663235605	0.559088945
				
0.07537847	0.74174273	0.696023464	0.66429466	0.561063766
				
0.073613577	0.742844224	0.695126176	0.66424495	0.562327921
				
0.07067956	0.742662489	0.692811251	0.662898898	0.562443733
				
0.069425292	0.741456509	0.689571917	0.66071856	0.561854959
				
0.067829721	0.740574598	0.687019944	0.65917635	0.561682343
				
0.066899166	0.739194155	0.683528423	0.656886458	0.560914457
				
0.065120213	0.738720834	0.681300521	0.655483723	0.561056376
				
0.062245809	0.739124298	0.68019104	0.655117989	0.562184572
				
0.060415462	0.739777803	0.679392576	0.654904306	0.563080013
				
0.060593158	0.740747929	0.678928018	0.654773235	0.563966632
				
0.062511519	0.741447806	0.678657115	0.654167414	0.563433766
				
0.064613894	0.742004514	0.67832768	0.652965069	0.561746061
				
0.064901255	0.74132669	0.676107466	0.650062084	0.558883309
				
0.064971514	0.7398085	0.673076034	0.646126211	0.554905772
				
0.063292593	0.737661362	0.669468939	0.641570807	0.550095737
				
0.055352114	0.735327244	0.664390564	0.633863926	0.542910933
				
0.054674827	0.731316864	0.66016686	0.628532767	0.537460923
				
0.055884734	0.727656722	0.65685153	0.624027491	0.532634854
				
0.058116719	0.722908258	0.652027845	0.618386984	0.526679575
				
0.058838546	0.717852294	0.647047162	0.61297226	0.521410167
				
0.058902629	0.714084327	0.643271029	0.608664989	0.51773566
				
0.057462431	0.710824132	0.640462399	0.605695605	0.515404344
				
0.051578864	0.709188819	0.639223218	0.604246736	0.514890134
				
0.046436466	0.70683229	0.637288153	0.60273993	0.514696598
				
0.041065417	0.704278767	0.635109544	0.60117954	0.514820576
				
0.03560093	0.70256412	0.633794069	0.600539267	0.516497612
				
0.030279256	0.70176816	0.633308709	0.600991964	0.51943779
				
0.027962834	0.701726913	0.633725047	0.602664649	0.523441613
				
0.026098683	0.701892316	0.634254277	0.604403496	0.527726114
				
0.02631636	0.701922774	0.634691596	0.605815768	0.531671345
				
0.028053872	0.702168584	0.635003686	0.607534289	0.536066175
				
0.030849561	0.702052176	0.634663105	0.608203828	0.53922224
				
0.032751895	0.702788472	0.634782791	0.609190822	0.542871118
				
0.032650486	0.704550326	0.636369467	0.611994982	0.54786092
				
0.02994433	0.706297934	0.637869954	0.615356803	0.55349189
				
0.024811193	0.708031297	0.639493525	0.619496107	0.55953753
				
0.018948697	0.709436178	0.640825093	0.623588443	0.565298915
				
0.01157742	0.712073445	0.643255234	0.628943682	0.572205782
				
0.00560233	0.714757204	0.645829558	0.633833408	0.578189909
				
0.001463674	0.716611862	0.64731276	0.63775295	0.583335996
				
-0.002699547	0.717560053	0.648279548	0.641126156	0.587801456
				
-0.002555534	0.717823505	0.648830652	0.64366138	0.591262102
				
0.001184911	0.718658805	0.650040627	0.646720886	0.595005751
				
0.005654261	0.720602632	0.65231204	0.65103215	0.599275172
				
0.013689667	0.724705219	0.656698704	0.657251954	0.604019046
				
0.023455262	0.730895758	0.663738728	0.665837348	0.610010743
				
0.032673799	0.738639951	0.673340023	0.676717043	0.617083788
				
0.008498296	0.755270362	0.683678925	0.680191517	0.610248089
				
-0.021280725	0.767037749	0.691113949	0.680397391	0.602103114
				
-0.031305198	0.775994897	0.69485122	0.677037954	0.592442274
				
-0.03568178	0.779465795	0.694244981	0.669007897	0.580624938
				
-0.02775415	0.782861829	0.690873146	0.65966475	0.569551647
				
-0.0167994	0.783896029	0.686559737	0.65051806	0.558999658
				
0.039990429	0.766656995	0.677062511	0.650915265	0.562974393
				
0.096417554	0.754003644	0.669714808	0.650812507	0.566538095
				
0.138391152	0.743021607	0.66565764	0.651523471	0.569295704
				
0.188558251	0.736195803	0.661881864	0.652774394	0.572373033
				
0.206653759	0.730885923	0.661361396	0.656432271	0.57731235
				
0.221276864	0.729082704	0.661156178	0.660479903	0.582862258
				
0.227042332	0.728406727	0.661117256	0.663529396	0.587525487
				
0.222518235	0.726729512	0.661787271	0.665389478	0.589384317
				
0.225997657	0.727576613	0.661866963	0.665520549	0.590261817
				
0.233229786	0.728106916	0.660897017	0.66383779	0.589584351
				
0.237106487	0.727609754	0.659190893	0.661342621	0.588358998
				
0.238606617	0.726375103	0.656982899	0.658465385	0.58635658
				
0.239845306	0.724882126	0.654654622	0.655682087	0.583915949
				
0.23103784	0.720879912	0.652057946	0.652079523	0.579854608
				
0.23393108	0.719368339	0.649122477	0.648947001	0.577074111
				
0.223860592	0.717039108	0.647340775	0.646231294	0.573485136
				
0.216997951	0.716123581	0.646438718	0.644092262	0.570487261
				
0.217038721	0.716113091	0.6436131	0.641302824	0.567428827
				
0.211100489	0.718641996	0.642346799	0.640345097	0.56532979
				
0.200273886	0.7222206	0.642374039	0.640131414	0.563544691
				
0.180434197	0.724345684	0.643849432	0.638946056	0.559700727
				
0.162236646	0.726189852	0.644954741	0.636825979	0.556718469
				
0.147182018	0.72724843	0.64267534	0.633233309	0.554935932
				
0.1233024	0.72512877	0.640004396	0.62712127	0.550192654
				
0.104328021	0.722076178	0.633909762	0.620645761	0.547195137
				
0.088922679	0.719743609	0.629331529	0.616456747	0.54559809
				
0.077826194	0.717155039	0.625503898	0.614005923	0.544379473
				
0.074191995	0.713663578	0.621963382	0.61224103	0.542695224
				
0.078080714	0.711653113	0.620541394	0.612663269	0.54248637
				
0.088337645	0.710416794	0.620256007	0.614727139	0.543230712
				
0.089433417	0.707389593	0.62025696	0.615247309	0.541459739
				
0.097989641	0.707296729	0.619881332	0.61734879	0.541384339
				
0.104862675	0.708489537	0.619437456	0.619496405	0.540937483
				
0.112516858	0.709949136	0.620030284	0.62212956	0.541749477
				
0.105986655	0.708408058	0.620061219	0.621789515	0.539454818
				
0.09810362	0.707769275	0.620381296	0.62184453	0.537243903
				
0.098900266	0.707902431	0.61989063	0.622118711	0.536406755
				
0.087208465	0.706786156	0.61984551	0.621215701	0.533931494
				
0.077960879	0.706614017	0.62025398	0.620374858	0.531582236
				
0.067973733	0.70542407	0.619597554	0.618587911	0.528727949
				
0.06648922	0.705479324	0.619105697	0.617986679	0.52850163
				
0.064661384	0.705458522	0.618695557	0.61733979	0.528612614
				
0.052859277	0.704175949	0.618185222	0.61534971	0.526515365
				
0.042821631	0.70256269	0.617255688	0.613103032	0.524737239
				
0.041974291	0.702284813	0.61677748	0.612145782	0.525487185
				
0.033367511	0.701736808	0.616833448	0.61093235	0.524847567
				
0.026312081	0.701812208	0.617442906	0.610250354	0.524745703
				
0.026783081	0.702886581	0.618369937	0.610895157	0.526918948
				
0.027502168	0.704190016	0.619429171	0.611861944	0.529218733
				
0.020662017	0.704108357	0.620117366	0.611920059	0.52956748
				
0.015917722	0.703878999	0.620554447	0.611852348	0.529570162
				
0.02113379	0.704761147	0.621121705	0.612773299	0.531184971
				
0.019657725	0.703791857	0.620802045	0.612143993	0.530327082
				
0.020920996	0.702953696	0.620759249	0.611698091	0.529793561
				
0.022899099	0.702904344	0.621292651	0.611627102	0.529551208
				
0.027139386	0.703738451	0.622269988	0.612089574	0.529830873
				
0.033485472	0.704775631	0.623134255	0.612806201	0.530388296
				
0.048000995	0.706469119	0.623556018	0.613951564	0.532647789
				
0.064118117	0.709190607	0.624702215	0.615807891	0.535681367
				
0.078699529	0.713673472	0.627746463	0.618951499	0.539871991
				
0.091089554	0.718623757	0.631582379	0.622751653	0.544112444
				
0.099549994	0.72338438	0.63525176	0.626179457	0.547264397
				
0.095074564	0.727610588	0.639287353	0.628508568	0.5474751
				
0.099036045	0.730902076	0.641658783	0.630453587	0.548398018
				
0.094727255	0.734529257	0.644857347	0.632775724	0.548215151
				
0.09989541	0.739768386	0.648607612	0.636798382	0.550354719
				
0.098112591	0.74556613	0.653770626	0.641367316	0.551894784
				
0.099356174	0.751340806	0.658751607	0.646486998	0.55437851
				
0.101021662	0.755592644	0.662772179	0.651023507	0.556952238
				
0.103489384	0.758104622	0.665088952	0.654690027	0.559392571
				
0.10615918	0.760091782	0.667538643	0.657887697	0.561457038
				
0.112255782	0.761119246	0.668985784	0.660780072	0.562496781
				
0.119935684	0.761671782	0.670050979	0.662894011	0.562241971
				
0.127116024	0.759945273	0.66822505	0.662597895	0.557214141
				
0.131238818	0.760820985	0.669443727	0.664089739	0.551202118
				
0.12755914	0.762038529	0.672019958	0.665772319	0.543613553
				
0.128531992	0.76210463	0.673538685	0.666427553	0.54034245
				
0.130722106	0.760930061	0.674035907	0.66601944	0.538457513
				
0.128023654	0.761029899	0.676214576	0.666629493	0.537402153
				
0.135072038	0.760308206	0.67755425	0.667025089	0.537697673
				
0.145955279	0.759420574	0.67901051	0.667874098	0.536730587
				
0.155345336	0.759493351	0.681987166	0.669311166	0.534523368
				
0.16655761	0.75952065	0.684784651	0.670653939	0.533236861
				
0.186447009	0.757612944	0.68544066	0.670566201	0.531952739
				
0.203332216	0.756926417	0.686936498	0.671658218	0.533375442
				
0.217948779	0.757353544	0.689483047	0.673856854	0.536299229
				
0.235845596	0.763051093	0.701658964	0.682822526	0.541377306
				
0.236514181	0.76971519	0.710594654	0.689262748	0.547604561
				
0.241732389	0.775109231	0.718476117	0.694839954	0.552424967
				
0.245816931	0.779006124	0.725225806	0.700066566	0.556607962
				
0.251250923	0.782917559	0.732092857	0.706228733	0.566108227
				
0.246995017	0.787966073	0.741450906	0.71448493	0.57736665
				
0.249090463	0.79125303	0.74862498	0.72068572	0.586737096
				
0.249475896	0.794096053	0.754900157	0.726077199	0.595394135
				
0.248597592	0.797416091	0.761611462	0.731855452	0.603652477
				
0.246677339	0.801422656	0.768644392	0.738404155	0.611944497
				
0.246844724	0.80620122	0.776279926	0.745782495	0.619780123
				
0.24859035	0.810788333	0.783015072	0.752972603	0.627260566
				
0.251063347	0.814633369	0.788381457	0.759399295	0.634429097
				
0.254887402	0.817276716	0.79212141	0.764302909	0.639902115
				
0.262028813	0.819730401	0.795991421	0.768721521	0.643318534
				
0.273797423	0.821885347	0.799328685	0.771829903	0.646815896
				
0.288023412	0.824101746	0.803060591	0.775074601	0.650858641
				
0.301938206	0.826344311	0.806809902	0.777899027	0.655095279
				
0.316206157	0.829456687	0.811689079	0.782167971	0.659121037
				
0.328096628	0.833391607	0.8169837	0.787742794	0.661895216
				
0.334600091	0.836272001	0.821545303	0.792977512	0.660436213
				
0.334938049	0.837990105	0.824693799	0.796956003	0.656492114
				
0.332649052	0.83818996	0.826218784	0.799144745	0.653384507
				
0.326623976	0.837033451	0.826098442	0.799450099	0.650746942
				
0.321658343	0.836638272	0.826861978	0.799966514	0.648048401
				
0.316709369	0.835521817	0.826952457	0.799941242	0.643968403
				
0.313673019	0.834241331	0.826638877	0.799725592	0.640026271
				
0.314392418	0.830765128	0.825387716	0.798556209	0.632567227
				
0.313859046	0.825437665	0.823645592	0.794962585	0.628339708
				
0.310702473	0.820528209	0.822159171	0.79091531	0.63007611
				
0.310995698	0.817328811	0.821115851	0.786542475	0.634487033
				
0.313156784	0.815056682	0.820185065	0.782637	0.639668047
				
0.314893693	0.813662767	0.819444776	0.779386818	0.645069659
				
0.320948064	0.812973797	0.81923151	0.776845574	0.65002048
				
0.330291212	0.813178241	0.819524407	0.775161922	0.654922724
				
0.340658277	0.813457429	0.819476783	0.773767114	0.659018874
				
0.351953626	0.814071894	0.819113731	0.772815943	0.663214505
				
0.361843109	0.814758122	0.818191648	0.772374213	0.666743159
				
0.372580767	0.816509724	0.817933142	0.772484124	0.671146035
				
0.37600261	0.817172527	0.816792846	0.771576166	0.67295146
				
0.376877844	0.817613661	0.815118432	0.770375907	0.67366457
				
0.376795322	0.817172706	0.812366009	0.769058824	0.673144281
				
0.381022751	0.816895604	0.809060156	0.768312216	0.673520744
				
0.381979346	0.815792084	0.805121183	0.766872287	0.67061311
				
0.387121379	0.814720809	0.800836086	0.765974879	0.667602658
				
0.387310624	0.813223839	0.796179533	0.764570713	0.66266036
				
0.389854252	0.812200248	0.792149186	0.763812065	0.659447312
				
0.390576601	0.811150551	0.788672805	0.762768805	0.657125473
				
0.386245191	0.810268819	0.785497606	0.762009621	0.655064702
				
0.379634768	0.810278237	0.783141434	0.762219906	0.654003859
				
0.372752607	0.809843481	0.78112942	0.762126148	0.65297544
				
0.365855306	0.809825599	0.779938519	0.762293816	0.652385414
				
0.355899096	0.80879724	0.778953791	0.761551082	0.650204599
				
0.346833855	0.807637513	0.778701007	0.760381162	0.648370743
				
0.339569569	0.808099389	0.780248761	0.761580348	0.650810599
				
0.333371937	0.80935216	0.782557249	0.763515413	0.654451966
				
0.329299569	0.810536444	0.785106599	0.76516664	0.657279968
				
0.32641837	0.812206745	0.788249612	0.767261446	0.660768211
				
0.324886709	0.814570904	0.792622387	0.770275116	0.664911628
				
0.326036632	0.817073047	0.797480106	0.773527801	0.66919291
				
0.325668126	0.818006754	0.801499426	0.775752425	0.671186447
				
0.325122237	0.819660664	0.806017995	0.778832853	0.673976541
				
0.325196594	0.821001232	0.81007117	0.781626225	0.676111579
				
0.324725926	0.821626484	0.812587023	0.783216715	0.676682115
				
0.325860977	0.821938574	0.814842463	0.784561932	0.676895916
				
0.330472708	0.823262155	0.816751361	0.786309361	0.678268552
				
0.335136354	0.824239314	0.81787318	0.787311375	0.678473473
				
0.337537616	0.82372731	0.818056524	0.787127256	0.676198483
				
0.337612092	0.822526991	0.817017615	0.785649657	0.672795534
				
0.337603867	0.821543396	0.814293265	0.783176541	0.669651389
				
0.336331546	0.82050097	0.811118782	0.780412674	0.666285336
				
0.329833269	0.817899942	0.807361007	0.776181698	0.660716057
				
0.319254339	0.815189362	0.803440511	0.771837711	0.655667603
				
0.305230409	0.811680615	0.798318088	0.765991986	0.649903893
				
0.291789949	0.808487535	0.793254137	0.76041615	0.644807458
				
0.283368081	0.807004333	0.788575292	0.75547874	0.64219743
				
0.271690428	0.803924978	0.783577561	0.750700831	0.638908207
				
0.259928942	0.800603509	0.777854085	0.746251345	0.635815799
				
0.252982259	0.798149109	0.771659791	0.741331458	0.632526278
				
0.247843668	0.796553195	0.765254319	0.73745048	0.63141799
				
0.243330896	0.795219898	0.759169579	0.733634591	0.630253196
				
0.240742728	0.793665171	0.752895594	0.729842842	0.628991604
				
0.239518538	0.793494701	0.748866379	0.728332758	0.628794551
				
0.239231348	0.794239521	0.746208429	0.727934122	0.628793955
				
0.239712313	0.79493165	0.743925095	0.728020549	0.628437281
				
0.24238494	0.795409799	0.741936564	0.727886081	0.627284884
				
0.244645193	0.796210229	0.741268754	0.728374481	0.626682818
				
0.248908132	0.796749055	0.740585685	0.728552043	0.625876784
				
0.25306052	0.7964378	0.739288986	0.727548838	0.624382794
				
0.258674204	0.795622528	0.737897277	0.726016879	0.622559667
				
0.265289962	0.794611871	0.736546755	0.724321544	0.620701671
				
0.270272344	0.793724298	0.735588193	0.723021328	0.619252563
				
0.275250226	0.793162346	0.735191345	0.722188234	0.618392467
				
0.279313117	0.792791367	0.735339642	0.721257269	0.617757261
				
0.282819957	0.792174041	0.735303044	0.71976167	0.616974711
				
0.284739017	0.791284919	0.735070467	0.717901111	0.615872741
				
0.285481006	0.789803505	0.73411727	0.715204597	0.61418426
				
0.282701164	0.787281871	0.731983185	0.71101284	0.611219943
				
0.277768999	0.784680784	0.728723884	0.706161976	0.608002007
				
0.273556322	0.782941222	0.725159049	0.7026335	0.605473161
				
0.26902917	0.781547308	0.722017646	0.699906945	0.603509963
				
0.262946963	0.780528426	0.719514012	0.69799155	0.602196276
				
0.255578518	0.779319882	0.716755867	0.696166277	0.600837469
				
0.248154521	0.778764009	0.715153992	0.695212603	0.600007236
				
0.241370052	0.778437853	0.713780403	0.69477582	0.599713624
				
0.235232592	0.778594553	0.713169456	0.694914341	0.599752903
				
0.227986425	0.778180838	0.711842835	0.694569051	0.599493563
				
0.221103042	0.777896285	0.710527599	0.694532752	0.599363089
				
0.213462457	0.777211666	0.708936334	0.694008052	0.598660171
				
0.204037905	0.776290536	0.706866562	0.693555832	0.597976685
				
0.193462268	0.775017381	0.704491377	0.692441821	0.596308231
				
0.183479771	0.773141742	0.701401711	0.690851331	0.594079673
				
0.173925087	0.77112627	0.698537111	0.689217746	0.591680288
				
0.166157022	0.768404782	0.694904685	0.686671615	0.588876367
				
0.159464255	0.765139818	0.690892458	0.683676958	0.585834742
				
0.156561285	0.761592269	0.686929822	0.680214286	0.582501173
				
0.154880166	0.758458972	0.683527231	0.677078068	0.579328597
				
0.155265853	0.755487204	0.680299461	0.67409718	0.576440036
				
0.153638959	0.751968026	0.67623955	0.67013967	0.572780132
				
0.151685417	0.749667287	0.673471451	0.667264104	0.569873095
				
0.151490644	0.746541083	0.669232845	0.663446665	0.566490531
				
0.151215449	0.744074285	0.665431559	0.659852862	0.563420177
				
0.151805684	0.741808414	0.661865354	0.656769276	0.560817003
				
0.151091591	0.739892483	0.658496737	0.654484749	0.558946371
				
0.150546312	0.738182247	0.655154645	0.652730465	0.557542384
				
0.152500227	0.737622976	0.651812911	0.651975751	0.557202458
				
0.154454604	0.738254309	0.651255846	0.652642369	0.558112085
				
0.156192362	0.73844552	0.650998652	0.653028488	0.558553874
				
0.155724883	0.738583803	0.650616825	0.653241277	0.558601677
				
0.154144317	0.738544941	0.65036118	0.6530509	0.558650553
				
0.143045813	0.739032924	0.652906656	0.654045641	0.558490574
				
0.137992188	0.739976048	0.653890193	0.654654324	0.559307814
				
0.135048687	0.74036777	0.654492855	0.654983044	0.559720337
				
0.132273883	0.741369724	0.65568924	0.65612179	0.560240269
				
0.129852131	0.744235277	0.658789515	0.658757746	0.561170757
				
0.127906531	0.746720672	0.66110009	0.660936832	0.561136484
				
0.125822082	0.747870684	0.662435532	0.662446976	0.560051262
				
0.122203454	0.749929726	0.664613008	0.664695263	0.559018016
				
0.119036019	0.75152564	0.666896701	0.666907549	0.559303284
				
0.111721717	0.753681898	0.669993639	0.66978097	0.562627971
				
0.101226762	0.75765872	0.6753968	0.673816144	0.567596018
				
0.091482669	0.760597229	0.679511607	0.676430106	0.570799291
				
0.080315597	0.763245523	0.683581412	0.678278446	0.573107958
				
0.06960921	0.76477325	0.685975313	0.678617418	0.57424891
				
0.059466042	0.7662341	0.688478053	0.678792953	0.574962616
				
0.052432738	0.766399264	0.688331008	0.676602662	0.573503375
				
0.048624039	0.765135288	0.686280489	0.673012555	0.570573151
				
0.046589769	0.763984978	0.684732139	0.669702828	0.567233622
				
0.049423303	0.761023402	0.682288885	0.665623009	0.562635958
				
0.053589817	0.757878125	0.679699421	0.66112417	0.557784796
				
0.056782112	0.755044937	0.67754364	0.657191992	0.553616822
				
0.060315177	0.751121879	0.673897505	0.652561009	0.548958778
				
0.064561933	0.747420549	0.670628071	0.648710787	0.545547366
				
0.067872614	0.744098067	0.667413712	0.64589715	0.543581367
				
0.068349719	0.741676629	0.666122079	0.644766629	0.542555809
				
0.067294702	0.73943007	0.664747953	0.643770218	0.541959941
				
0.064690471	0.737406492	0.662957489	0.642504275	0.540911734
				
0.062461853	0.735137224	0.660478055	0.640422344	0.538047135
				
0.059164442	0.733221292	0.657943606	0.638023019	0.534035742
				
0.056221224	0.731193781	0.655881882	0.635790944	0.529839277
				
0.05594122	0.728371501	0.653339863	0.632864892	0.525007486
				
0.059309047	0.725637734	0.651224196	0.630073726	0.520618916
				
0.05689038	0.723596394	0.650858402	0.627990425	0.515291691
				
0.061774101	0.72189784	0.651019216	0.626651168	0.512519121
				
0.068116054	0.721643031	0.652613461	0.626986027	0.511781454
				
0.075089365	0.72199893	0.654966116	0.627792239	0.511583984
				
0.082870699	0.722497165	0.658027768	0.629164279	0.513322294
				
0.088707983	0.72325933	0.66067481	0.630510747	0.515206337
				
0.095279261	0.723465025	0.662984312	0.632233918	0.51714325
				
0.102697469	0.723284841	0.664789915	0.633931458	0.519384146
				
0.109116182	0.722914159	0.66593349	0.635323584	0.521411359
				
0.115188375	0.722363234	0.66715771	0.636684358	0.523225665
				
0.122390747	0.721724689	0.668413699	0.638085365	0.525268435
				
0.129471913	0.722894967	0.671477735	0.640864134	0.528387547
				
0.137717217	0.726019621	0.676503897	0.644729614	0.532696664
				
0.144813418	0.729797959	0.681791067	0.648554265	0.537110627
				
0.149320468	0.73399359	0.688273966	0.653189182	0.542670429
				
0.150890544	0.738703847	0.694796622	0.657895088	0.548739433
				
0.15183492	0.742699504	0.700980008	0.662621975	0.554811001
				
0.154300749	0.746383607	0.707630634	0.667865276	0.561261415
				
0.159615219	0.750825584	0.714201927	0.674387693	0.569232702
				
0.166292816	0.755684078	0.719947815	0.681449711	0.577426195
				
0.171686485	0.760749817	0.726031363	0.689054251	0.585609853
				
0.178004563	0.765851736	0.731927097	0.69709897	0.59274286
				
0.183652684	0.770166159	0.738356113	0.705539227	0.596952319
				
0.184973717	0.771154046	0.746226668	0.714221537	0.596598089
				
0.182220936	0.774514318	0.751778662	0.72178936	0.600332141
				
0.17877689	0.777959347	0.756504774	0.728660047	0.605810404
				
0.178025424	0.781920016	0.760893404	0.735075593	0.611586213
				
0.183449358	0.786032796	0.764502943	0.741217673	0.614442825
				
0.193531603	0.790324628	0.767908156	0.74687773	0.615597129
				
0.206976563	0.793882787	0.770959556	0.751650274	0.616563857
				
0.223454505	0.796482205	0.773068786	0.754820347	0.618062675
				
0.241363943	0.798996568	0.775888503	0.757704377	0.619482636
				
0.261260539	0.802141428	0.779318988	0.76086235	0.621475458
				
0.280812621	0.804932833	0.782166541	0.763188779	0.621971846
				
0.299811602	0.807500899	0.785194933	0.765141726	0.621242404
				
0.319385409	0.810427129	0.789183676	0.7675879	0.620115519
				
0.333690971	0.812796116	0.792245686	0.769626498	0.618021965
				
0.340904474	0.814603865	0.79474318	0.771350443	0.617128372
				
0.342927724	0.816348374	0.797328591	0.773221433	0.618265271
				
0.33892104	0.817384481	0.799619317	0.774628401	0.622710824
				
0.33136645	0.81804204	0.801299691	0.775541484	0.628784299
				
0.318310291	0.817536473	0.800784945	0.774693966	0.63409102
				
0.304759651	0.815757632	0.798612654	0.77278316	0.637257457
				
0.290908754	0.813178301	0.79457736	0.769750714	0.637798071
				
0.279784501	0.809872627	0.789428592	0.765960693	0.636881292
				
0.272023231	0.806956172	0.78435266	0.76202482	0.636286259
				
0.265666306	0.803893328	0.778055429	0.757625341	0.634942651
				
0.259992808	0.801336825	0.77235651	0.753094733	0.634758234
				
0.251115978	0.799357116	0.766662717	0.749142945	0.63459301
				
0.241363198	0.797646523	0.761877358	0.745611787	0.634008348
				
0.230358005	0.796763778	0.758018851	0.743616104	0.634141207
				
0.224298611	0.795278609	0.754057884	0.741008639	0.633030474
				
0.218832731	0.794392228	0.751251578	0.73996228	0.632422447
				
0.213188961	0.793940246	0.74936372	0.7390396	0.631749988
				
0.206275269	0.793948889	0.748074055	0.737931311	0.630986512
				
0.201859012	0.795064867	0.748025537	0.737624645	0.630762458
				
0.199950978	0.796497226	0.747841418	0.737529397	0.630746722
				
0.199177727	0.797926307	0.748212099	0.737510443	0.631182909
				
0.197195485	0.797905803	0.746966124	0.735189438	0.6303249
				
0.193765566	0.795768738	0.744525313	0.730514288	0.626164794
				
0.192583606	0.792957902	0.741015077	0.725003958	0.620840549
				
0.184998125	0.788794279	0.736247897	0.720498323	0.617025495
				
0.177603036	0.78161341	0.72695291	0.71190542	0.610861182
				
0.185871333	0.773841679	0.713410258	0.700383306	0.604480684
				
0.195298582	0.765338957	0.699427247	0.689011872	0.59767282
				
0.200668186	0.756346464	0.68577522	0.677837849	0.590920925
				
0.187322244	0.747651935	0.676247001	0.670462191	0.58714509
				
0.181393296	0.739425778	0.665317774	0.661953807	0.583150864
				
0.173827842	0.731340885	0.65566349	0.654143572	0.57881397
				
0.163458526	0.723719776	0.647162974	0.646781981	0.57461369
				
0.151448011	0.715922475	0.638915896	0.639391303	0.57096386
				
0.141247973	0.708244622	0.631401241	0.631991982	0.566831768
				
0.126012295	0.699358165	0.623676658	0.623540342	0.561708272
				
0.107560471	0.690072596	0.615686178	0.614946306	0.556192338
				
0.090156473	0.681822538	0.608392239	0.606923819	0.550127029
				
0.074570686	0.676977277	0.603938222	0.601807058	0.545780957
				
0.061562542	0.674258947	0.601500154	0.598695517	0.542825818
				
0.05383819	0.673025727	0.600764692	0.597327352	0.540809751
				
0.049570948	0.673214793	0.601402879	0.59727931	0.539103746
				
0.048014969	0.674516678	0.602879882	0.598446488	0.538298905
				
0.048736684	0.676242113	0.604667962	0.600166023	0.537710667
				
0.050308838	0.677506924	0.605870426	0.601359546	0.53700912
				
0.053916853	0.677092135	0.605395079	0.600894094	0.536093056
				
0.058595926	0.677354693	0.605576754	0.601095676	0.535466909
				
0.06065356	0.67895931	0.606915772	0.602407038	0.535119116
				
0.063128188	0.681411505	0.608964086	0.604397953	0.535312891
				
0.063935533	0.684977472	0.611947298	0.60736388	0.536124587
				
0.065400653	0.687869847	0.614437699	0.609808564	0.537037432
				
0.077976018	0.695796072	0.620583296	0.617263079	0.536662042
				
0.089241676	0.700376272	0.624091864	0.621607602	0.535888076
				
0.096742861	0.705600381	0.627735734	0.62627697	0.534552753
				
0.103839338	0.711058617	0.631556749	0.630632639	0.532036364
				
0.108214945	0.716051221	0.635038197	0.634449124	0.531176805
				
0.113025762	0.7194525	0.637083232	0.63665837	0.53152597
				
0.118118152	0.722831666	0.63920182	0.63868767	0.532666683
				
0.122796066	0.724395752	0.639981151	0.639700413	0.53178072
				
0.125297233	0.725643277	0.640327096	0.639810443	0.531129241
				
0.126306981	0.727134228	0.641499579	0.639901996	0.532754481
				
0.127991706	0.728845358	0.643112183	0.640594721	0.534794688
				
0.129119709	0.730180502	0.644341111	0.641440213	0.536084354
				
0.130988017	0.732851028	0.647065818	0.64414227	0.535874963
				
0.132404685	0.734960198	0.649369001	0.646456361	0.533721924
				
0.132815838	0.736365676	0.650878787	0.648102164	0.530819654
				
0.133082584	0.736491561	0.651293755	0.648564339	0.527735293
				
0.134103492	0.735997677	0.651215971	0.648548603	0.524156272
				
0.135324106	0.733731031	0.648812234	0.646453381	0.519453287
				
0.136409134	0.731802881	0.647680163	0.644809306	0.516715169
				
0.139601126	0.728916883	0.64523083	0.64216435	0.514199555
				
0.142299682	0.725397229	0.642313361	0.639004827	0.512849629
				
0.144798204	0.721306384	0.638904452	0.635178924	0.512105584
				
0.14537023	0.717504203	0.635867834	0.631308198	0.512518048
				
0.145738482	0.714670658	0.6341995	0.628282905	0.513568282
				
0.145835742	0.711375833	0.632203043	0.624600708	0.51426661
				
0.147528708	0.708736897	0.631026149	0.62170577	0.514895082
				
0.151583582	0.706978083	0.63123554	0.620052695	0.516203761
				
0.155962899	0.705492795	0.631863475	0.619299948	0.517912269
				
0.159724861	0.704037726	0.63218528	0.618464708	0.51937598
				
0.162572622	0.702924728	0.632893145	0.6183393	0.520890415
				
0.164548308	0.701648533	0.633464336	0.618363142	0.521734297
				
0.16626133	0.70148623	0.635490596	0.619832039	0.523065448
				
0.165224358	0.70175755	0.637658477	0.621989608	0.524619579
				
0.163770393	0.70302844	0.64107722	0.625360787	0.526702285
				
0.151839525	0.704781413	0.646276593	0.630245209	0.529284596
				
0.151197165	0.706765175	0.649584413	0.63355124	0.531742036
				
0.151757106	0.70921576	0.652874708	0.636768699	0.533784568
				
0.154906839	0.71144104	0.656203866	0.640069902	0.536031127
				
0.158620581	0.713157296	0.658482432	0.642499804	0.538035631
				
0.161017001	0.714482427	0.660384655	0.64446044	0.539817572
				
0.163753599	0.715169907	0.660897136	0.645507693	0.541000247
				
0.166284949	0.715667129	0.66132623	0.646285295	0.542118788
				
0.168991745	0.716023803	0.661400676	0.646775901	0.543021917
				
0.170735538	0.715960503	0.661160886	0.646840334	0.543513894
				
0.171581268	0.716315269	0.661340952	0.647332788	0.544217944
				
0.171469077	0.716301382	0.660895705	0.647248864	0.544491291
				
0.170639277	0.716628432	0.660707712	0.647428155	0.54496944
				
0.169573039	0.717006683	0.660611808	0.647671938	0.545430005
				
0.167906776	0.717083097	0.660160422	0.647556424	0.545481086
				
0.16748324	0.717077017	0.659843028	0.647480369	0.545462608
				
0.167062789	0.717091203	0.659646213	0.647339821	0.545340538
				
0.167246222	0.716937363	0.65942049	0.647102356	0.545267105
				
0.168846369	0.716884851	0.659230709	0.646737754	0.545102239
				
0.171678796	0.716665745	0.658699989	0.646403193	0.545015335
				
0.173956126	0.716315091	0.658331513	0.645852804	0.544573903
				
0.17606917	0.716294587	0.658184886	0.645480037	0.544351578
				
0.178347319	0.716582179	0.658330083	0.645497322	0.544422925
				
0.179259807	0.716513753	0.658023477	0.645173371	0.544078767
				
0.179572329	0.716611564	0.657777548	0.645043314	0.543822527
				
0.179418877	0.716831684	0.657570481	0.644942641	0.543618679
				
0.179486066	0.716890216	0.657019079	0.644643664	0.543317854
				
0.179997146	0.716858149	0.656523347	0.644236565	0.542852521
				
0.181353062	0.716905773	0.655986547	0.643981695	0.542715609
				
0.182406411	0.717421055	0.656234264	0.644348562	0.543065965
				
0.182555795	0.718436003	0.656771541	0.64485538	0.543465912
				
0.184167057	0.719588995	0.65764904	0.645671725	0.544125438
				
0.185431287	0.720814109	0.658638239	0.646602631	0.544802427
				
0.18689169	0.722640872	0.660356522	0.648087382	0.545837641
				
0.188099891	0.724140823	0.661908269	0.64936018	0.546709061
