0.062259607	0.80572629	0.777643263	0.753297329	0.649071395
				
0.059702322	0.805703044	0.777606964	0.752455533	0.647582412
				
0.057696126	0.80566293	0.777409315	0.75124526	0.645740211
				
0.056040563	0.806015193	0.777500749	0.750186682	0.644344568
				
0.056081697	0.806810558	0.777656794	0.749530494	0.643559813
				
0.055213843	0.807837367	0.777778864	0.749081194	0.64297241
				
0.054073706	0.80770129	0.776416421	0.74816525	0.641930699
				
0.054436892	0.807072759	0.774931431	0.747081041	0.640446424
				
0.05499097	0.805886626	0.772992492	0.745752037	0.638548017
				
0.053442448	0.804392815	0.77279675	0.747114718	0.638718843
				
0.055870574	0.803235829	0.770868659	0.745487213	0.637476325
				
0.058713321	0.801810026	0.7685588	0.742816627	0.635675848
				
0.060458578	0.800029278	0.766316712	0.740190327	0.633694947
				
0.062926993	0.798327208	0.763768911	0.737484634	0.631894827
				
0.066043466	0.796520948	0.761342645	0.734905958	0.630038321
				
0.068296507	0.794658661	0.75892663	0.732807636	0.628776014
				
0.070831195	0.79305774	0.756708503	0.730743468	0.62752831
				
0.074063845	0.791020274	0.754154921	0.728491008	0.626040339
				
0.076689951	0.789250076	0.75183022	0.72644484	0.624775767
				
0.078682996	0.787892044	0.749953985	0.725035191	0.623986185
				
0.079932615	0.786780953	0.748687148	0.724217534	0.62374711
				
0.080698505	0.785323501	0.747382641	0.722947896	0.623044431
				
0.081171513	0.783954263	0.746072054	0.721873581	0.622481108
				
0.081332356	0.782925606	0.745238006	0.721268058	0.622192383
				
0.081334643	0.782365978	0.745012224	0.72133255	0.62246263
				
0.081367113	0.781901121	0.745196104	0.721613765	0.62282306
				
0.080393158	0.781133235	0.744846821	0.721457779	0.622798979
				
0.078946933	0.780790746	0.7449435	0.721625388	0.623002887
				
0.077687606	0.780522108	0.745157182	0.722029209	0.623427272
				
0.075699054	0.779727876	0.744523287	0.721752644	0.623332858
				
0.074116059	0.77861011	0.743183434	0.721121669	0.622927845
				
0.069763191	0.777350008	0.743328452	0.722344518	0.623668551
				
0.069135934	0.776302934	0.74170965	0.721474171	0.623107076
				
0.068955235	0.775617898	0.740119815	0.720663071	0.622367144
				
0.067514271	0.775063396	0.738433182	0.71977222	0.621770561
				
0.066364504	0.774637997	0.736767709	0.719030976	0.621494889
				
0.06480822	0.774455905	0.735467672	0.718675792	0.621513247
				
0.062485021	0.774627209	0.734725595	0.718561053	0.621775985
				
0.059813846	0.774802625	0.734022677	0.71827662	0.621994376
				
0.055701479	0.775117576	0.733918488	0.718334734	0.62230885
				
0.051451497	0.77562201	0.734411001	0.718782663	0.623081565
				
0.047828346	0.776459694	0.735272169	0.719474435	0.62403059
				
0.044178072	0.77748096	0.736861587	0.720335543	0.624968529
				
0.041223112	0.778199136	0.737671494	0.72105813	0.62575376
				
0.03740555	0.778617382	0.737718225	0.721154392	0.626112461
				
0.034555908	0.779279709	0.738259673	0.721530855	0.626572549
				
0.032302387	0.779589832	0.738299966	0.721225381	0.626496911
				
0.030871138	0.779866338	0.738349676	0.720783472	0.626237214
				
0.029190306	0.780171931	0.738397479	0.720256746	0.626006067
				
0.028049678	0.780152977	0.738386214	0.719570339	0.625445604
				
0.027448811	0.780242324	0.73841399	0.718792975	0.624832809
				
0.02720163	0.780320346	0.738425016	0.718049526	0.624242902
				
0.027226139	0.780738533	0.738892555	0.717707396	0.623893917
				
0.027147651	0.780745029	0.738826036	0.716984272	0.623324633
				
0.027377453	0.780663669	0.738687277	0.716326952	0.622751474
				
0.027719203	0.780027986	0.73797667	0.715266585	0.621977806
				
0.028761715	0.779395878	0.737096727	0.714171946	0.621258974
				
0.030297317	0.778765917	0.736213207	0.713133216	0.620453477
				
0.031977598	0.778259277	0.735559165	0.71237433	0.619758785
				
0.033693265	0.777264774	0.734303951	0.711104751	0.618832111
				
0.035310078	0.775532305	0.732498527	0.709557235	0.617475748
				
0.036757387	0.774267435	0.730870843	0.708078146	0.616143763
				
0.037485458	0.773134112	0.729557633	0.706831813	0.615064621
				
0.037807766	0.772372127	0.728452444	0.705713928	0.613946378
				
0.037408762	0.772439599	0.728043318	0.705230236	0.613216281
				
0.036125619	0.772827744	0.727957606	0.705230176	0.612709522
				
0.033031683	0.773285389	0.727778316	0.705000758	0.612154305
				
0.027377076	0.774043918	0.72748214	0.704459071	0.611328483
				
0.021371245	0.775752902	0.728224277	0.705270886	0.611435473
				
0.014965348	0.778564036	0.729130745	0.706635416	0.612155557
				
0.009559289	0.781628013	0.730224967	0.708509743	0.613551497
				
0.003835708	0.784417033	0.730936706	0.710112989	0.615041912
				
-0.0007216	0.78688705	0.73120892	0.71165061	0.616746068
				
-0.002564702	0.788289189	0.730096936	0.711556971	0.617514014
				
-0.000891577	0.788070858	0.727521777	0.710250497	0.616941214
				
0.001178522	0.786636591	0.723880768	0.707297862	0.615584791
				
0.004103128	0.785594821	0.721305072	0.704948008	0.614767551
				
0.007039148	0.784767568	0.719091892	0.702919841	0.614318907
				
0.008586839	0.782701731	0.71640414	0.70006609	0.61321348
				
0.010548148	0.780495167	0.714158237	0.697246313	0.612087667
				
0.011709904	0.77836132	0.711802721	0.6948632	0.611126542
				
0.010093562	0.775044441	0.707665682	0.691479087	0.609527886
				
0.009072071	0.772497356	0.705073118	0.689101219	0.608463287
				
0.007715847	0.770257115	0.702901542	0.687136769	0.607528389
				
0.006436804	0.768369913	0.701356649	0.685577452	0.606760025
				
0.004769003	0.766985178	0.700468063	0.684511304	0.606295466
				
0.003309356	0.766013861	0.700006783	0.683741212	0.605897009
				
0.001868337	0.765739679	0.700374246	0.6836555	0.605915189
				
0.00063929	0.765872538	0.701308608	0.68398273	0.606112361
				
-0.000539096	0.765933156	0.702088237	0.684116721	0.606116295
				
-0.001832981	0.766417623	0.703204572	0.684566498	0.606403053
				
-0.00368787	0.767278016	0.704553962	0.685314357	0.606833816
				
-0.005279262	0.768130064	0.705739856	0.685966909	0.607216656
				
-0.007039599	0.76876533	0.706492186	0.686448812	0.607484102
				
-0.009601986	0.769440532	0.707331181	0.687096238	0.607876182
				
-0.012989439	0.770550847	0.708566487	0.688178658	0.608704329
				
-0.016632456	0.771480203	0.709619939	0.689157128	0.60936904
				
-0.020522371	0.77200377	0.710169554	0.689863205	0.609796643
				
-0.024738621	0.771838307	0.709715486	0.689757824	0.609579921
				
-0.02966309	0.771971703	0.709273696	0.689611971	0.609477937
				
-0.034375146	0.772123277	0.708817363	0.689423323	0.609434128
				
-0.038446002	0.77216661	0.708283484	0.689115882	0.609356284
				
-0.04237124	0.771966159	0.707354903	0.688499093	0.609212875
				
-0.045523506	0.771597266	0.706441402	0.687806606	0.608862758
				
-0.04832514	0.771264613	0.70561862	0.687148273	0.608549654
				
-0.050877493	0.770725369	0.70449543	0.686276078	0.608112216
				
-0.052850377	0.7699157	0.703226626	0.68520081	0.607460678
				
-0.054441359	0.768937767	0.701971054	0.684171438	0.606810927
				
-0.055928823	0.768046439	0.700903058	0.68323791	0.606153488
				
-0.056759749	0.767146289	0.699818492	0.682251155	0.605442405
				
-0.05834084	0.765902638	0.698102891	0.680663943	0.604380131
				
-0.059564851	0.764538765	0.69620657	0.678877354	0.603096366
				
-0.060559422	0.763235867	0.69437921	0.677140713	0.601805866
				
-0.06173585	0.761962891	0.692367494	0.675383091	0.600511551
				
-0.062119115	0.760489464	0.690425754	0.673532248	0.598912239
				
-0.061812613	0.758871138	0.688142598	0.671427667	0.597214639
				
-0.061765816	0.757655144	0.686430395	0.669931531	0.596262217
				
-0.057752185	0.75302875	0.679903269	0.664439499	0.593257308
				
-0.051412828	0.749536932	0.676138937	0.661401927	0.59124577
				
-0.0459341	0.747367501	0.674054027	0.659867883	0.590080619
				
-0.040344641	0.745835602	0.672887325	0.658951879	0.589212298
				
-0.03858218	0.744021893	0.673177242	0.658798277	0.586719394
				
-0.054517828	0.727223992	0.661323369	0.643725276	0.554608226
				
-0.059503324	0.729062498	0.663802028	0.646162271	0.555676341
				
-0.06388142	0.730599403	0.665612698	0.648194611	0.556752682
				
-0.067066438	0.731530547	0.666899562	0.649610043	0.557450235
				
-0.070193872	0.732681632	0.668263972	0.65106976	0.558374226
				
-0.071894482	0.733358741	0.669218123	0.652244925	0.559090614
				
-0.071336634	0.734319866	0.670776248	0.653352439	0.559668064
				
-0.068452351	0.73473537	0.671607256	0.653618813	0.560073614
				
-0.064355195	0.734920621	0.672088385	0.653563142	0.56042099
				
-0.060391389	0.734706044	0.672251344	0.652948856	0.560258985
				
-0.056414776	0.734250665	0.67209208	0.652027309	0.560040414
				
-0.052632615	0.73427707	0.672403455	0.651536703	0.560216844
				
-0.049423687	0.734345198	0.672940135	0.651267767	0.560563684
				
-0.046474658	0.734515309	0.673702121	0.651300788	0.561080635
				
-0.044264831	0.734950423	0.67479825	0.651758611	0.561855853
				
-0.041748829	0.735751748	0.676447868	0.652754068	0.562922716
				
-0.038874052	0.736277103	0.677578986	0.653504133	0.563800812
				
-0.036351703	0.737748861	0.680203855	0.655110061	0.565197349
				
-0.035094276	0.738479912	0.681298792	0.655965686	0.565993369
				
-0.034920186	0.739363909	0.682459414	0.656771779	0.566597283
				
-0.035431802	0.740063727	0.683479786	0.657480478	0.56704545
				
-0.035439201	0.741149306	0.685198128	0.658754945	0.567795157
				
-0.034977682	0.741958976	0.686393023	0.65970391	0.568377137
				
-0.032804854	0.741964459	0.686709583	0.659978688	0.56845957
				
-0.030826762	0.742560863	0.687574625	0.660868943	0.568916082
				
-0.029387034	0.742987394	0.688319921	0.661616206	0.569370985
				
-0.028030232	0.743552625	0.689196467	0.662471652	0.570135713
				
-0.025893092	0.743546605	0.689658642	0.663076937	0.570647478
				
-0.024542496	0.743037641	0.689668894	0.663330555	0.57071507
				
-0.022705592	0.742850304	0.690323889	0.664107203	0.571229517
				
-0.020712301	0.742890954	0.691084266	0.664999247	0.571962595
				
-0.018930748	0.742607355	0.691512704	0.665581226	0.572307348
				
-0.017082766	0.742247701	0.691859126	0.666066349	0.572490215
				
-0.015578069	0.741637766	0.69172442	0.666237116	0.572560191
				
-0.014847942	0.741210699	0.69170773	0.666466236	0.572681248
				
-0.013027377	0.7401793	0.691102266	0.666771591	0.572830856
				
-0.012698978	0.739222229	0.690003514	0.666231275	0.572133005
				
-0.012285188	0.738396764	0.689005613	0.665699422	0.571689129
				
-0.012363702	0.738125861	0.688779593	0.665632308	0.571348786
				
-0.011845484	0.73794198	0.688603044	0.665636897	0.571038604
				
-0.011753038	0.737577558	0.688276768	0.66558373	0.57086122
				
-0.011298515	0.737465024	0.688442707	0.665832281	0.570791006
				
-0.01163023	0.737598479	0.688913345	0.666268289	0.57089597
				
-0.012285851	0.737817407	0.689515531	0.666889966	0.571261942
				
-0.013313822	0.738352478	0.690609694	0.667876124	0.571775198
				
-0.015961103	0.73673439	0.691806912	0.66810596	0.569289565
				
-0.01648654	0.73746264	0.693552852	0.669415474	0.5704602
				
-0.016737208	0.738746881	0.695428431	0.670938194	0.572056532
				
-0.017934427	0.740468025	0.697778106	0.672777474	0.573825479
				
-0.018439449	0.741627455	0.699589372	0.674193203	0.575211883
				
-0.017627962	0.742717743	0.701414227	0.675642133	0.576574564
				
-0.016926721	0.743731618	0.703092158	0.676934063	0.577870607
				
-0.016277477	0.744703054	0.704654813	0.678233743	0.579169512
				
-0.015392952	0.74549222	0.70605278	0.679398179	0.58038342
				
-0.014664061	0.746127844	0.707248032	0.680474401	0.581557631
				
-0.013675988	0.746598184	0.708032787	0.681271374	0.582587838
				
-0.012747347	0.747094572	0.70886755	0.682209074	0.583551049
				
-0.011715591	0.747246683	0.709518194	0.682864547	0.584284425
				
-0.010552987	0.747005939	0.709742904	0.68313086	0.584799886
				
-0.00966993	0.747030139	0.710343599	0.683722377	0.585518956
				
-0.009144686	0.746670067	0.710309863	0.683930159	0.585964561
				
-0.008584619	0.746597528	0.710686207	0.684401989	0.586568773
				
-0.00906913	0.746540785	0.710835218	0.684713721	0.586968422
				
-0.008754402	0.746686578	0.7111848	0.685283184	0.587512851
				
-0.008923873	0.74693346	0.71173501	0.68590796	0.588142812
				
-0.009450488	0.74707824	0.711990416	0.686402917	0.58873868
				
-0.010897979	0.747516215	0.712478876	0.68716526	0.589565039
				
-0.013084427	0.747876048	0.712904036	0.687931776	0.59035486
				
-0.015520342	0.74876976	0.713984907	0.689348936	0.591646671
				
-0.017526172	0.749904037	0.71573478	0.691047072	0.593111873
				
-0.018994585	0.750743389	0.717028499	0.692484915	0.594421625
				
-0.020548575	0.751392126	0.718079805	0.693713784	0.595614195
				
-0.02189251	0.75197196	0.719158411	0.694953918	0.596812546
				
-0.023784593	0.752590179	0.720443726	0.696194708	0.597924292
				
-0.025610276	0.753501594	0.721871912	0.697504938	0.599053502
				
-0.027040645	0.754376113	0.723181546	0.698708773	0.600019872
				
-0.028093636	0.755161881	0.724162817	0.699631274	0.600819826
				
-0.028917886	0.755863845	0.725020647	0.700393319	0.601455748
				
-0.029086754	0.756384671	0.725395799	0.700951338	0.601882696
				
-0.027948752	0.756751955	0.725608349	0.701389492	0.602143288
				
-0.026884109	0.756928861	0.725580454	0.701552153	0.602007151
				
-0.024606921	0.756762087	0.725281894	0.701418161	0.601529896
				
-0.022295736	0.755438983	0.723846197	0.699960411	0.600194931
				
-0.019573718	0.753637671	0.722008884	0.698116541	0.598373294
				
-0.016728513	0.751780748	0.720096588	0.69632262	0.596698999
				
-0.014358338	0.749689579	0.718211949	0.694307446	0.594746232
				
-0.011861466	0.747944415	0.716322541	0.692360163	0.592880428
				
-0.009064846	0.746431291	0.714642942	0.690737844	0.591279447
				
-0.006523959	0.745092392	0.713281751	0.689347029	0.589864135
				
-0.004169025	0.744174361	0.712516546	0.688300371	0.588729978
				
-0.002023458	0.743323982	0.711805165	0.687439978	0.587739348
				
-0.000898484	0.742752254	0.711428404	0.686816156	0.587141633
				
-0.000145212	0.742439449	0.711282194	0.686420262	0.586803913
				
0.000266455	0.742196798	0.711071849	0.686079681	0.586510897
				
0.000869047	0.74225235	0.711188912	0.686089396	0.58648324
				
0.001684681	0.742447019	0.71124804	0.68608582	0.586487174
				
0.001950223	0.743129671	0.711954594	0.686510384	0.586892843
				
0.002904218	0.744074106	0.712984264	0.687197566	0.587499857
				
0.00367995	0.744959831	0.713927388	0.687739313	0.588027358
				
0.004183542	0.745696008	0.714501858	0.688114405	0.588542223
				
0.004628114	0.746492326	0.715351284	0.688696384	0.589108765
				
0.005357128	0.747244418	0.716095686	0.689305544	0.589828849
				
0.005943879	0.747729301	0.716526031	0.689606547	0.590129435
				
0.005996738	0.748338699	0.71697551	0.689866424	0.590390861
				
0.006039601	0.749782681	0.718540072	0.690915704	0.591250777
				
0.005384199	0.751130819	0.720168233	0.691778839	0.592011452
				
0.005856436	0.752154768	0.721312404	0.692354918	0.592687547
				
0.006127585	0.753602266	0.723341703	0.693549752	0.593838334
				
0.007052258	0.754800022	0.724518001	0.694464684	0.594687581
				
0.008724481	0.756264865	0.726509094	0.695816875	0.596027195
				
0.011760902	0.75748235	0.728584886	0.697292328	0.597366631
				
0.015458412	0.758241653	0.729815245	0.69824028	0.598360002
				
0.01890593	0.759267151	0.730671585	0.699259281	0.599588633
				
0.022188269	0.759901047	0.731037855	0.699908197	0.600445688
				
0.024862189	0.760017574	0.730411589	0.700019598	0.600973845
				
0.026491955	0.76000911	0.729685783	0.700043976	0.601219833
				
0.027670685	0.759326279	0.72806412	0.699508846	0.600905418
				
0.027280632	0.757606864	0.725583434	0.698274136	0.599828482
				
0.026657287	0.75632149	0.723616838	0.697577834	0.599432826
				
0.025032204	0.756520092	0.723940194	0.698484898	0.600167751
				
0.02245703	0.756656885	0.724424064	0.699375927	0.600955307
				
0.019275039	0.757310987	0.72643137	0.701004863	0.601964831
				
0.015757255	0.758654177	0.729067445	0.702715039	0.603087544
				
0.011130117	0.759950936	0.732175708	0.704463482	0.604051054
				
0.007130273	0.761635125	0.734971166	0.706652284	0.605551004
				
0.004652709	0.763344646	0.737490296	0.708917379	0.60752207
				
0.001975454	0.764068365	0.739185512	0.710211158	0.608779132
				
-0.001257762	0.764181376	0.740126252	0.710769176	0.609470665
				
-0.005727571	0.764311433	0.741042614	0.71140641	0.610403657
				
-0.009678002	0.76396215	0.741133034	0.711375833	0.610921919
				
-0.013887666	0.763742745	0.741484702	0.711503029	0.61141777
				
-0.01809863	0.763461947	0.74102354	0.711014211	0.611391902
				
-0.021703191	0.76317209	0.740442157	0.710300922	0.611410022
				
-0.024841264	0.762522161	0.739602804	0.709045231	0.610671163
				
-0.026597019	0.762439609	0.73897773	0.708301961	0.610103726
				
-0.026314754	0.763820589	0.740032434	0.709320605	0.610509396
				
-0.024763774	0.766590953	0.742571115	0.712289095	0.612080991
				
-0.019989155	0.769083917	0.744676948	0.715065241	0.614108086
				
-0.01527356	0.768844366	0.744328141	0.714685142	0.613739491
				
-0.009757403	0.769115627	0.744749606	0.714286268	0.613022566
				
-0.007558476	0.768105924	0.743949056	0.713050604	0.611759543
				
-0.012425892	0.766677022	0.742478371	0.711350083	0.609709144
				
-0.018424634	0.766545296	0.742569923	0.71120131	0.609513044
				
-0.0232029	0.767446399	0.743898273	0.713089287	0.610606432
				
-0.026747201	0.769877553	0.745372713	0.716089845	0.612813473
				
-0.025962062	0.773184061	0.747159898	0.720616698	0.616897225
				
-0.021897871	0.77733022	0.749561071	0.726297498	0.62278831
				
-0.015424598	0.781643748	0.752252817	0.731891811	0.62948525
				
-0.007923234	0.785334706	0.754433393	0.735337138	0.634932041
				
-0.000559613	0.789009333	0.757479191	0.738963127	0.640511274
				
0.001138706	0.791114986	0.759195209	0.741251171	0.644977331
				
0.001075741	0.791775227	0.759539723	0.742123246	0.64762789
				
0.00075238	0.79192096	0.759414494	0.742532492	0.649228036
				
-0.001500778	0.791247964	0.758175075	0.742115259	0.649704874
				
-0.003356231	0.789635539	0.756334901	0.740821719	0.648985147
				
-0.007615229	0.787802398	0.754052401	0.739236772	0.647712469
				
-0.01232064	0.785130262	0.750398159	0.736649215	0.645000577
				
-0.016660463	0.782807469	0.747196794	0.734604776	0.642386675
				
-0.020961171	0.780527771	0.743706703	0.732412457	0.639127612
				
-0.025834519	0.777965605	0.739957929	0.728717208	0.635280728
				
-0.03884612	0.773471236	0.733833194	0.722902417	0.629104495
				
-0.043218713	0.771458864	0.731698751	0.720763683	0.62597841
				
-0.044286601	0.769958317	0.730078936	0.71938014	0.623635411
				
-0.045762029	0.768593252	0.728603959	0.718172491	0.621477664
				
-0.045694735	0.767122269	0.727334857	0.716875613	0.61994338
				
-0.044277094	0.765844107	0.726482153	0.715714753	0.61864543
				
-0.043967046	0.764387727	0.725756645	0.714834154	0.617780089
				
-0.043242961	0.761968493	0.723653674	0.7123667	0.615745604
				
-0.044339355	0.760212421	0.722136617	0.71094954	0.614973426
				
-0.043969691	0.758736312	0.720603943	0.710010111	0.614667118
				
-0.042877689	0.757354856	0.718317389	0.708359838	0.613047063
				
-0.040267557	0.757532775	0.717834532	0.709296465	0.612475574
				
-0.036668666	0.756705344	0.716173828	0.708908856	0.610405564
				
-0.031663548	0.756111264	0.714841247	0.709067225	0.609290481
				
-0.027897753	0.755275965	0.713286757	0.708966792	0.607893825
				
-0.023227962	0.753875375	0.712292671	0.707927704	0.604931116
				
-0.018938014	0.751682043	0.710789442	0.705594659	0.601934671
				
-0.01537574	0.748780787	0.708682716	0.70212096	0.59758538
				
-0.013284143	0.744354606	0.704705119	0.697134972	0.591811717
				
-0.009670772	0.737141073	0.698288679	0.691395998	0.585723996
				
-0.00325244	0.732255101	0.693168879	0.686502934	0.582387745
				
0.002340816	0.725553036	0.687076032	0.680863023	0.57879436
				
0.006473751	0.718942881	0.681269288	0.675305128	0.575800776
				
0.011612545	0.7134552	0.675512731	0.668799579	0.57218945
				
0.015514714	0.707805395	0.669358373	0.661978304	0.567458749
				
0.019269649	0.702988029	0.664156973	0.656274736	0.562729537
				
0.022617839	0.699358702	0.660183132	0.651976466	0.559202731
				
0.024742391	0.695433855	0.656993687	0.649217069	0.557188988
				
0.006068519	0.694463551	0.653161287	0.641227961	0.547471821
				
0.01840185	0.693320632	0.652795315	0.641649723	0.549632192
				
0.028347744	0.692912221	0.653184056	0.643702745	0.554201663
				
0.035348892	0.691532016	0.653241336	0.644583464	0.556322694
				
0.040027216	0.69067204	0.653597236	0.645838141	0.558583796
				
0.044145789	0.691559136	0.654832423	0.647563338	0.560772061
				
0.046663877	0.692995608	0.656464219	0.64960736	0.562609971
				
0.049212415	0.695009112	0.658645868	0.652059495	0.564133167
				
0.049108144	0.694995761	0.659433544	0.653455496	0.564962268
				
0.047360025	0.694891214	0.659723878	0.654260576	0.565427065
				
0.046293195	0.695824027	0.660147309	0.654569566	0.565207183
				
0.042355374	0.696235538	0.660566688	0.655368924	0.565907717
				
0.038006704	0.69809562	0.66129446	0.655884922	0.566172838
				
0.004800783	0.704282045	0.662307024	0.651982546	0.55755055
				
-0.021481859	0.709656	0.663840532	0.649167299	0.550679684
				
-0.041985042	0.715321243	0.666039228	0.647238255	0.545898318
				
-0.058901832	0.721074104	0.668657482	0.646238804	0.54166913
				
-0.073783904	0.727348387	0.670732856	0.645795941	0.538194895
				
-0.086425111	0.733161449	0.672943413	0.646079242	0.535415709
				
-0.099264473	0.73732686	0.673852801	0.645292401	0.532830775
				
-0.112665884	0.740719557	0.674503684	0.644787788	0.530458152
				
-0.123297617	0.743402243	0.674825311	0.644254923	0.527886033
				
-0.134562448	0.745744705	0.675693393	0.644223094	0.52660048
				
-0.149997771	0.746056795	0.676906526	0.643441916	0.524009764
				
-0.164815769	0.746953309	0.679193258	0.643601894	0.522619963
				
-0.171710268	0.75001967	0.680719852	0.644033194	0.521392226
				
-0.182355896	0.751214504	0.683215857	0.644432068	0.520143211
				
-0.192407548	0.751870334	0.685403466	0.644557953	0.519567013
				
-0.190113366	0.754288018	0.685931385	0.6443398	0.519577503
				
-0.188740328	0.756715655	0.686626852	0.644616425	0.520452976
				
-0.186708167	0.758228898	0.686631799	0.644159913	0.521396458
				
-0.19437398	0.756309152	0.687698603	0.643836975	0.522666454
				
-0.197445422	0.753323793	0.687499583	0.642734289	0.523303986
				
-0.201700255	0.74859041	0.686114907	0.640976787	0.523859799
				
-0.2066852	0.744761586	0.684813619	0.639078975	0.525090396
				
-0.210794181	0.741039097	0.683676243	0.637383938	0.526752174
				
-0.211603031	0.738228321	0.680801749	0.634425521	0.528260887
				
-0.225005955	0.735620856	0.6791538	0.632251918	0.529726744
				
-0.230418473	0.735553503	0.676197886	0.629704833	0.531273246
				
-0.239427343	0.732289255	0.673272133	0.626544416	0.531092644
				
-0.244929552	0.730471194	0.671051979	0.624108016	0.531447291
				
-0.241665587	0.726285577	0.680295527	0.623791993	0.528834403
				
-0.248291373	0.724192977	0.693930984	0.625347018	0.527256966
				
-0.250729799	0.724429727	0.705684066	0.626404107	0.526549101
				
-0.257882148	0.722385287	0.716769695	0.627399445	0.524910688
				
-0.26640445	0.720714033	0.725088894	0.627469718	0.523060441
				
-0.26334393	0.721001744	0.730319619	0.627542317	0.52167815
				
-0.264053047	0.718242168	0.734752238	0.62691623	0.518659532
				
-0.265329242	0.716678798	0.737447858	0.625890017	0.516335607
				
-0.259634733	0.717495203	0.736971557	0.624875426	0.515503526
				
-0.263479739	0.718861699	0.736695766	0.624993086	0.516202867
				
-0.270085305	0.721303284	0.736196995	0.624523163	0.516853809
				
-0.278151482	0.723399103	0.735540152	0.624020219	0.517071962
				
-0.287411988	0.724852085	0.734496117	0.622524321	0.516741991
				
-0.306572229	0.725190043	0.734120727	0.619368792	0.514331937
				
-0.313355625	0.726733506	0.732190371	0.61607784	0.512585104
				
-0.3291004	0.725025415	0.727769375	0.609559834	0.506919086
				
-0.333640099	0.722787976	0.720950186	0.601468027	0.499535084
				
-0.32432729	0.723536134	0.712643921	0.595416903	0.494517952
				
-0.313140124	0.72223419	0.705898881	0.588522971	0.486842811
				
-0.295958251	0.723406792	0.70078963	0.585839808	0.483574092
				
-0.275128931	0.723587513	0.69609946	0.58317852	0.480497032
				
-0.246064499	0.714296222	0.683289349	0.594906569	0.490804374
				
-0.222401842	0.704965413	0.672431886	0.601329327	0.498633742
				
-0.196856484	0.699810386	0.664856315	0.607721448	0.507796705
				
-0.177226469	0.696657658	0.659040034	0.613265276	0.516382337
				
-0.167148381	0.692706704	0.653286755	0.615982533	0.522278666
				
-0.169301778	0.688203335	0.646994114	0.616846263	0.525588095
				
-0.177655548	0.68436408	0.642016411	0.617612123	0.527987838
				
-0.164591581	0.684303224	0.628392041	0.615504861	0.531708837
				
-0.185990572	0.68139416	0.623088002	0.613584161	0.530573547
				
-0.170597404	0.683250546	0.614294231	0.613016725	0.534484684
				
-0.151021987	0.687055111	0.610841811	0.615712523	0.540345967
				
-0.123814248	0.691695213	0.611092627	0.61958158	0.545843959
				
-0.095265076	0.69753015	0.614770532	0.624610305	0.549615324
				
-0.070157021	0.702975571	0.620095491	0.629333496	0.552460372
				
-0.046192952	0.708237529	0.626437724	0.634202421	0.553734362
				
-0.027675815	0.713272095	0.633067608	0.639001131	0.554347217
				
-0.016351126	0.71770817	0.638823092	0.643273592	0.553525031
				
-0.0107264	0.719935715	0.642106414	0.645213187	0.549800515
				
-0.007237755	0.720745087	0.644004285	0.645374477	0.544915497
				
-0.006688498	0.720484972	0.644625962	0.644451797	0.539765954
				
-0.006632514	0.720360518	0.645534456	0.643819034	0.535444975
				
-0.007786781	0.719385266	0.645588338	0.642425597	0.531648517
				
-0.008071594	0.718172014	0.644955873	0.640790105	0.52778548
				
-0.009767018	0.716947913	0.644424558	0.63915354	0.52464515
				
-0.013249569	0.715284348	0.643338323	0.637467742	0.521537185
				
-0.017088927	0.714205623	0.642717779	0.636346102	0.51910007
				
-0.021286219	0.713440299	0.642270267	0.635458171	0.517499745
				
-0.024890788	0.712986112	0.641962469	0.634813547	0.51664114
				
-0.027107067	0.712282896	0.641313851	0.633987784	0.515859842
				
-0.02825252	0.711878419	0.640773535	0.633307815	0.515355825
				
-0.028860286	0.711687684	0.640436649	0.632852256	0.515315473
				
-0.029484995	0.712337971	0.64082551	0.633017302	0.516405404
				
-0.029882126	0.712934136	0.641120195	0.633204043	0.517241299
				
-0.029949956	0.713727176	0.641402006	0.63361007	0.517235518
				
-0.039281547	0.713444114	0.641990125	0.633437634	0.516524136
				
-0.034646399	0.713937879	0.641473591	0.633673966	0.515839756
				
-0.028559484	0.713282526	0.639050782	0.632169902	0.514141202
				
-0.025475293	0.712359905	0.636863112	0.62995851	0.515318334
				
-0.023753516	0.710849166	0.63367635	0.627080262	0.516386747
				
-0.031601921	0.708261251	0.631660342	0.624507129	0.51596868
				
-0.029299252	0.705622554	0.628754973	0.62131846	0.516897023
				
-0.029192857	0.702615261	0.625715733	0.617732763	0.517521143
				
-0.02829811	0.700685382	0.624192119	0.615248501	0.518328726
				
-0.02715046	0.698672295	0.623263478	0.613176405	0.518620789
				
-0.027752072	0.697857022	0.623738527	0.612315238	0.519284606
				
-0.026829474	0.698356688	0.626359224	0.613544106	0.520567596
				
-0.026024468	0.700294137	0.631017268	0.616800725	0.522685945
				
-0.025355689	0.702981949	0.635712206	0.621068716	0.525085866
				
-0.023553371	0.706396997	0.640960634	0.626327515	0.527788639
				
-0.021028861	0.710056663	0.647440314	0.631886065	0.531189382
				
-0.016956478	0.714011431	0.654150784	0.637464643	0.534605622
				
-0.011323519	0.719133198	0.662236869	0.643747211	0.538857818
				
-0.004040182	0.725299597	0.67122364	0.650246978	0.543322086
				
0.00317952	0.73148787	0.680115461	0.656711698	0.54775542
				
0.00590384	0.737555981	0.688426495	0.66268003	0.552466691
				
0.005709961	0.742998719	0.695755959	0.667765796	0.556662798
				
0.003941521	0.747674227	0.702307761	0.672394991	0.560362875
				
-0.002080172	0.752005339	0.707483888	0.67655611	0.564557672
				
-0.010356538	0.75551635	0.712835729	0.680289507	0.568027139
				
-0.02193398	0.757838845	0.716363847	0.682720304	0.570507586
				
-0.035108693	0.75911665	0.718695045	0.684129477	0.571956038
				
-0.048599206	0.760451019	0.720410287	0.685137391	0.573264599
				
-0.064279407	0.757332563	0.718824744	0.683438659	0.569287181
				
-0.076608062	0.755381286	0.715288162	0.680540442	0.567652583
				
-0.086367652	0.753361881	0.71091634	0.677086949	0.565920949
				
-0.095400959	0.751678407	0.706947148	0.673872828	0.564275086
				
-0.10390956	0.749896944	0.703003585	0.670690298	0.562595069
				
-0.112894617	0.747978628	0.698974431	0.66748178	0.560944676
				
-0.119638711	0.746677339	0.696186602	0.66521287	0.560042322
				
-0.121960983	0.745823681	0.694360435	0.663652658	0.559515953
				
-0.121216863	0.745367646	0.693261802	0.66245842	0.559074044
				
-0.118808925	0.74546212	0.69336772	0.662362158	0.55943507
				
-0.116251305	0.74617064	0.694539607	0.663191855	0.560543716
				
-0.113546625	0.746834338	0.69571352	0.664198577	0.561763465
				
-0.112229802	0.747651458	0.696774602	0.665059924	0.562799215
				
-0.112959884	0.748201966	0.697626233	0.665771306	0.563565314
				
-0.114357539	0.748350918	0.69758296	0.665627658	0.563583791
				
-0.117007792	0.748324275	0.697122276	0.665129542	0.563286781
				
-0.118196651	0.747742951	0.69620353	0.664266229	0.562405169
				
-0.117144562	0.747159541	0.694795728	0.662995279	0.561169863
				
-0.114271328	0.746665657	0.694084764	0.662092328	0.559895992
				
-0.109635204	0.746185958	0.693488479	0.661401093	0.558551133
				
-0.10280899	0.744790554	0.691572785	0.659856021	0.556094229
				
-0.094548389	0.743176758	0.689586103	0.658040583	0.553017735
				
-0.086817138	0.741854072	0.687273502	0.655923307	0.549800634
				
-0.08343292	0.736879528	0.684526205	0.652823985	0.542529583
				
-0.077132449	0.73405695	0.680693626	0.648957551	0.537614405
				
-0.070760339	0.731585622	0.676699042	0.645206034	0.533479214
				
-0.065818787	0.730246663	0.674264908	0.642941236	0.531058192
				
-0.064019345	0.728754163	0.671905994	0.640998006	0.529209375
				
-0.062844135	0.727407694	0.669875205	0.639525175	0.528248727
				
-0.06241221	0.725907922	0.667841375	0.637994409	0.52744782
				
-0.065268569	0.723925471	0.665773988	0.636557877	0.526785135
				
-0.07186155	0.721413612	0.663427114	0.635032952	0.526076674
				
-0.080272689	0.718365014	0.661787391	0.634065509	0.525535583
				
-0.088794753	0.716558933	0.661884129	0.634355783	0.525975525
				
-0.098919123	0.714966953	0.661963105	0.635018468	0.526682496
				
-0.108557805	0.713599801	0.662517071	0.636053085	0.527206779
				
-0.116756588	0.712524712	0.662459135	0.636386752	0.526959062
				
-0.126846224	0.712913513	0.663808525	0.6375947	0.527408779
				
-0.136168331	0.71363163	0.664620697	0.638291121	0.527323008
				
-0.147422701	0.714178562	0.665024042	0.638538897	0.52724278
				
-0.160604671	0.715159059	0.665412664	0.638509393	0.526808739
				
-0.177556515	0.715722561	0.665241659	0.637663007	0.525688648
				
-0.18486762	0.716531396	0.665192008	0.636628389	0.524595857
				
-0.183954135	0.717579842	0.664565802	0.634956002	0.522971749
				
-0.173402309	0.718731582	0.664034247	0.633396447	0.521327376
				
-0.158355504	0.719891548	0.663243532	0.63160646	0.519460201
				
-0.143329665	0.721167207	0.662525058	0.63021183	0.518053651
				
-0.129285753	0.721828043	0.66093272	0.628349841	0.516299129
				
-0.118399106	0.72226882	0.659420609	0.626954556	0.515130818
				
-0.110568568	0.721717358	0.657344639	0.625394344	0.513972878
				
-0.10547179	0.720118999	0.654655218	0.623515368	0.51249826
				
-0.102041557	0.716376305	0.649757147	0.620223045	0.509750843
				
-0.103375129	0.714573503	0.647495866	0.619247675	0.508974612
				
-0.106420413	0.712902725	0.645140052	0.618196547	0.508098781
				
-0.111389026	0.711186051	0.64248848	0.616811156	0.506538987
				
-0.116236277	0.709171176	0.639183044	0.614604354	0.504162848
				
-0.122604951	0.707727671	0.636056662	0.612700105	0.50220263
				
-0.130920768	0.706819355	0.633334696	0.611050308	0.50022006
				
-0.140121028	0.706767082	0.63130939	0.609725833	0.498377681
				
-0.149911493	0.705576122	0.627600014	0.607043445	0.495487601
				
-0.159476519	0.703472793	0.622923851	0.603607774	0.492168605
				
-0.171362609	0.702579021	0.620149493	0.601613402	0.490356326
				
-0.18848975	0.701378942	0.617063403	0.599568486	0.488479257
				
-0.236103222	0.70054245	0.61471498	0.598258972	0.487294793
				
-0.270205736	0.698661923	0.611943364	0.596526027	0.485900283
				
-0.276343226	0.697208643	0.609861255	0.595374465	0.484950244
				
-0.27909404	0.694912553	0.607022166	0.59356308	0.483432502
				
-0.280946493	0.693680882	0.605698287	0.592939019	0.482817858
				
-0.28144294	0.692468464	0.604312301	0.592371881	0.48224777
				
-0.281928718	0.6907956	0.602337122	0.591451943	0.481615812
				
-0.281930596	0.68989861	0.601286709	0.591249585	0.48141402
				
-0.281165212	0.688805401	0.599976242	0.590628266	0.480653375
				
-0.280322403	0.688086629	0.599147618	0.59036994	0.480387479
				
-0.279138058	0.687679768	0.598753572	0.59041661	0.480440795
				
-0.277130425	0.686765194	0.59803021	0.590193629	0.480376005
				
-0.271162152	0.684904337	0.596436143	0.589284599	0.479775757
				
-0.251871139	0.682471335	0.594348967	0.587828338	0.478961319
				
-0.229773924	0.680198193	0.592328072	0.586178899	0.477911294
				
-0.213960871	0.67789638	0.590341449	0.584598303	0.476899087
				
-0.207895413	0.675972223	0.588888407	0.583317459	0.475901455
				
-0.207165971	0.674331069	0.587651372	0.582219243	0.47501713
				
-0.20626387	0.673213482	0.586892366	0.581563115	0.474479526
				
-0.206713587	0.671914995	0.585685372	0.580489218	0.473492146
				
-0.207816973	0.670681	0.584462285	0.579308927	0.472452283
				
-0.207568482	0.669061065	0.58285141	0.577786207	0.471241742
				
-0.207824454	0.668058276	0.58191222	0.5768767	0.470623493
				
-0.207680881	0.667267323	0.581242859	0.57631278	0.470413744
				
-0.205792755	0.667411268	0.581566572	0.576349497	0.470689446
				
-0.201918244	0.667395711	0.581438541	0.575886488	0.470537901
				
-0.199215338	0.668134272	0.582236946	0.576381147	0.471381456
				
-0.196911573	0.668980241	0.583220243	0.577082276	0.4723019
				
-0.195084795	0.670446813	0.584793329	0.578246355	0.473640859
				
-0.195823252	0.672320247	0.586895227	0.57994777	0.475319505
				
-0.197181582	0.674598217	0.589740872	0.582612097	0.477909952
				
-0.196978614	0.677190661	0.592820883	0.585449517	0.480546385
				
-0.19519344	0.679636002	0.595396519	0.587882757	0.482909173
				
-0.19371061	0.682425439	0.598327756	0.590656936	0.485652864
				
-0.193051755	0.684898973	0.601182342	0.593305111	0.488419473
				
-0.185147196	0.692983389	0.610691607	0.601125598	0.496917367
				
-0.178799167	0.696678162	0.61462146	0.604793072	0.501400113
				
-0.173778698	0.699608624	0.617195368	0.607620358	0.505188704
				
-0.169412047	0.701990128	0.618430197	0.609512806	0.507960677
				
-0.16500017	0.704300463	0.619615912	0.611711323	0.511289954
				
-0.161752462	0.707459986	0.62201637	0.61525315	0.516112447
				
-0.157388151	0.710688353	0.62392199	0.618651986	0.521542311
				
-0.152323991	0.714823008	0.62640053	0.622970402	0.528033853
				
-0.14441967	0.72104007	0.628412068	0.626168966	0.53335458
				
-0.13499631	0.726747155	0.630621493	0.629480362	0.538004518
				
-0.125837117	0.734114289	0.635542572	0.634608388	0.543637156
				
-0.119640872	0.741148591	0.640208244	0.639482737	0.548464537
				
-0.11349228	0.746990442	0.643804073	0.643710375	0.552027464
				
-0.11147128	0.750657499	0.646542132	0.647048354	0.554707825
				
-0.109993026	0.753524184	0.648417115	0.649413943	0.556150615
				
-0.110011533	0.754129291	0.64803195	0.649286032	0.555941224
				
-0.117697343	0.75342536	0.647656918	0.647443175	0.552482009
				
-0.118732214	0.752861917	0.645540357	0.645764887	0.551172554
				
-0.121299237	0.751848698	0.642531276	0.643319488	0.549319804
				
-0.13736856	0.746387184	0.632678986	0.63279891	0.532593071
				
-0.152066976	0.743918657	0.627243698	0.627669334	0.520155728
				
-0.16423443	0.742565632	0.623523295	0.624530613	0.510081291
				
-0.172986493	0.74109304	0.620585382	0.621643424	0.502233505
				
-0.176007196	0.737604082	0.616425514	0.618169725	0.496557027
				
-0.179783955	0.732704043	0.612255871	0.614711404	0.491502225
				
-0.182146087	0.72837162	0.609358668	0.612146556	0.487469673
				
-0.187816098	0.722797513	0.606762946	0.609566391	0.483729333
				
-0.195742548	0.717859507	0.605325639	0.608210087	0.481339037
				
-0.208746165	0.715263128	0.607696712	0.61035651	0.483109295
				
-0.222506329	0.710846305	0.608877778	0.611329913	0.485306293
				
-0.238632381	0.704767942	0.611300588	0.613595128	0.491558284
				
-0.253932416	0.698146343	0.613572061	0.615649819	0.49867022
				
-0.26793164	0.690308809	0.613582432	0.614932895	0.50253278
				
-0.276373506	0.68283987	0.626874208	0.621375799	0.510524035
				
-0.284765512	0.675253332	0.636826575	0.624918938	0.516495943
				
-0.304423451	0.677734673	0.648453772	0.617887557	0.508631349
				
-0.297374606	0.669008017	0.636766434	0.605264723	0.50341022
				
-0.307633311	0.673754036	0.644245267	0.598827183	0.498268247
				
-0.312987775	0.677856982	0.650241971	0.592255533	0.494023025
				
-0.313744664	0.679112852	0.653987765	0.585370958	0.488780081
				
-0.309044003	0.68340981	0.658017755	0.57998395	0.485296637
				
-0.288826346	0.672916412	0.649038255	0.581163824	0.489880919
				
-0.293459892	0.670421541	0.647039115	0.576093078	0.480322838
				
-0.276462495	0.664475977	0.641240597	0.577947021	0.484332651
				
-0.26106301	0.662133336	0.639460444	0.582547903	0.491656125
				
-0.242343843	0.66224283	0.641619682	0.589805186	0.501900733
				
-0.223415449	0.662112176	0.646023273	0.598441303	0.514217556
				
-0.238479108	0.668810725	0.649968147	0.601448953	0.519124389
				
-0.241759896	0.678279042	0.652070105	0.603561759	0.52403605
				
-0.217660964	0.675778925	0.656817794	0.610938072	0.534647048
				
-0.19363682	0.670316696	0.657392383	0.613823414	0.541088581
				
-0.172944605	0.670906544	0.657542765	0.616320372	0.545929134
				
-0.163101718	0.677135408	0.658779025	0.62015444	0.551123798
				
-0.161555812	0.682825685	0.660660148	0.62373054	0.556002915
				
-0.161544278	0.6895082	0.663762093	0.62791276	0.561511576
				
-0.17044872	0.705511808	0.665501952	0.628502846	0.559382737
				
-0.179532737	0.718604922	0.66467309	0.627505898	0.55715996
				
-0.18988663	0.729667127	0.664032757	0.626715839	0.555459797
				
-0.195942342	0.738134205	0.662563026	0.625597239	0.553700686
				
-0.195159197	0.744698405	0.661044955	0.624507725	0.551877379
				
-0.187418506	0.750983953	0.66026473	0.624338806	0.5503034
				
-0.172423244	0.757151663	0.660588622	0.625588775	0.548964322
				
-0.160748795	0.762954712	0.66212827	0.62815392	0.548180103
				
-0.155330583	0.768022954	0.663861215	0.630541563	0.548322201
				
-0.150413871	0.772669077	0.666315794	0.633637369	0.549106717
				
-0.144507095	0.777335048	0.669302106	0.637181163	0.550874591
				
-0.141358331	0.781121671	0.672104359	0.640374064	0.552860975
				
-0.137758464	0.784496307	0.674498022	0.643299639	0.554884791
				
-0.13390702	0.788494229	0.678236902	0.647340059	0.557751954
				
-0.130729437	0.792360485	0.68195492	0.651218772	0.560687304
				
-0.117442474	0.785832882	0.68752563	0.663381815	0.575252593
				
-0.105951734	0.779808104	0.692068219	0.673392594	0.588746488
				
-0.099200517	0.774724901	0.696637869	0.682228804	0.600370169
				
-0.094023287	0.771319211	0.700583994	0.691126347	0.610785365
				
-0.089740314	0.769252539	0.704195499	0.699887216	0.619858742
				
-0.087434679	0.767355025	0.707132459	0.707095146	0.627368093
				
-0.087156266	0.76567924	0.709620178	0.712674975	0.633368731
				
-0.089492641	0.764709353	0.712107182	0.716274023	0.638445258
				
-0.093744226	0.764292598	0.714579403	0.719520032	0.642419457
				
-0.098295383	0.765008628	0.717310786	0.722575188	0.646300077
				
-0.102821335	0.765796125	0.719263673	0.724641442	0.648976803
				
-0.106719449	0.766767144	0.720760345	0.726098776	0.650716424
				
-0.108238317	0.768154502	0.722214043	0.727311254	0.652049541
				
-0.109043188	0.769278944	0.723274112	0.728104949	0.652780592
				
-0.108589448	0.770974517	0.724544644	0.728970289	0.653049231
				
-0.108503662	0.77291131	0.725777984	0.729730248	0.653026223
				
-0.108095139	0.774183631	0.72642976	0.729821265	0.65223062
				
-0.107768312	0.775286674	0.726872683	0.729773402	0.650931001
				
-0.107400343	0.776300967	0.727431297	0.729711473	0.649770737
				
-0.106833756	0.776802719	0.727470756	0.729323983	0.648101687
				
-0.106532663	0.777089238	0.727400303	0.72886312	0.646393359
				
-0.106126927	0.777208328	0.727094173	0.728167474	0.644505739
				
-0.105666324	0.777082324	0.726721287	0.727549493	0.642825902
				
-0.104917347	0.777354002	0.726830721	0.727321029	0.641451538
				
-0.103648111	0.776983082	0.726209641	0.726522207	0.639607191
				
-0.10313338	0.776400805	0.725538969	0.725689411	0.637649357
				
-0.101915322	0.775657475	0.724719584	0.724818349	0.635991454
				
-0.101206496	0.775194764	0.724262655	0.724273205	0.634954095
				
-0.100352712	0.774195611	0.723227203	0.72315985	0.633336663
				
-0.099522308	0.773013592	0.722195745	0.721487522	0.631804645
				
-0.099144459	0.771575987	0.720933259	0.719592273	0.630117953
				
-0.098522797	0.770495772	0.719969571	0.718352079	0.629185438
				
-0.099009857	0.769614637	0.719139278	0.717331171	0.628758848
				
-0.097999163	0.768864095	0.718621075	0.716638684	0.628670514
				
-0.097479761	0.768435001	0.718143284	0.716079473	0.628692865
				
-0.097282469	0.767667711	0.717811227	0.715444922	0.628832817
				
-0.097389132	0.766572356	0.716697335	0.713955998	0.628268242
				
-0.097724363	0.765903354	0.716336489	0.713406086	0.62866807
				
-0.097493522	0.764172435	0.715162277	0.711723685	0.628085315
				
-0.097541302	0.762549937	0.714224577	0.710253	0.627713799
				
-0.09781459	0.760890186	0.71318543	0.708580315	0.627084732
				
-0.097672701	0.759239495	0.712248385	0.707069814	0.626457036
				
-0.096367806	0.757589996	0.71130532	0.705570221	0.625811577
				
-0.093482047	0.756154239	0.710447371	0.704471409	0.625276446
				
-0.090264231	0.754870594	0.710016191	0.704078436	0.625335157
				
-0.086239785	0.752766192	0.708669066	0.702477455	0.623939157
				
-0.081737399	0.751442194	0.707616329	0.701855898	0.623346925
				
-0.077216148	0.749824107	0.70626235	0.701097965	0.622483015
				
-0.070741102	0.748730004	0.70529604	0.701289892	0.621796906
				
-0.063102975	0.747302413	0.703642905	0.700742304	0.61977458
				
-0.053804535	0.746433437	0.70268333	0.701149702	0.618843555
				
-0.044563677	0.745600343	0.701930404	0.701505601	0.61862886
				
-0.035073973	0.744478762	0.701066673	0.701391637	0.618130326
				
-0.026002105	0.743118763	0.699881554	0.700857878	0.616640925
				
-0.018434029	0.741771162	0.698752046	0.700030923	0.615974784
				
-0.003313227	0.735911727	0.695240021	0.696109295	0.614530504
				
0.003556995	0.732169867	0.692344725	0.692371547	0.612882614
				
0.012885129	0.727185428	0.687607765	0.68722713	0.609879851
				
0.020843767	0.7233181	0.683677673	0.683362067	0.60874939
				
0.012344275	0.721518993	0.678745627	0.674199581	0.598398447
				
0.006108077	0.721718192	0.675621152	0.667601764	0.590203166
				
-0.000386365	0.722926617	0.674489975	0.663744569	0.585104346
				
-0.00736542	0.725125134	0.674418986	0.661290526	0.581330299
				
-0.016375216	0.728052199	0.675211728	0.659832358	0.578190207
				
-0.023165843	0.732126713	0.678123355	0.661043882	0.577062607
				
-0.027628146	0.736195385	0.681242347	0.662813246	0.576507509
				
-0.013071986	0.736673594	0.685160279	0.66991818	0.584307134
				
0.005828992	0.737982392	0.689328671	0.677615821	0.591914594
				
0.022123719	0.738050103	0.693373144	0.684612095	0.599345088
				
0.036813777	0.739732981	0.697242856	0.691981614	0.608858228
				
0.04728312	0.740363955	0.699155807	0.697245061	0.616700768
				
0.057196956	0.739483237	0.700629115	0.699692607	0.621305466
				
0.041779257	0.740484357	0.704694927	0.697981954	0.618409276
				
0.028166462	0.741084337	0.708850861	0.696122348	0.615850568
				
0.035056148	0.738637269	0.709638059	0.698372781	0.620943785
				
0.037542608	0.737097979	0.71014297	0.701393425	0.627225041
				
0.015177455	0.737697482	0.712447405	0.698167503	0.621831179
				
0.015250011	0.733794034	0.711499631	0.699218273	0.624564946
				
0.016549043	0.732516646	0.711005926	0.701526999	0.629102111
				
0.023216959	0.730931044	0.71024406	0.701968551	0.629462123
				
0.026423678	0.731077552	0.710448503	0.704076409	0.631966412
				
0.030457176	0.730514467	0.71014607	0.704149842	0.631205678
				
0.007338013	0.729947388	0.710244656	0.698443532	0.621500194
				
-0.009028063	0.730037272	0.709736049	0.69337517	0.612572074
				
-0.001403174	0.729786992	0.709921002	0.69605124	0.615308404
				
0.010992986	0.730645776	0.710215688	0.69871974	0.617654681
				
0.020525839	0.732567251	0.709841728	0.701784968	0.620401025
				
0.027890813	0.734326541	0.709189773	0.703697264	0.622675538
				
0.031427681	0.736634314	0.708871007	0.706019402	0.625178456
				
0.03491582	0.739972353	0.709827065	0.708298087	0.62837255
				
0.034603126	0.742349267	0.709729314	0.70922327	0.629798949
				
0.03215133	0.74408406	0.709134519	0.709451914	0.630689144
				
0.028646149	0.745268703	0.708473504	0.709287465	0.630865932
				
0.026964687	0.746343136	0.708072543	0.709444106	0.630918741
				
0.003604776	0.745403409	0.708163321	0.705549002	0.62302357
				
0.008579347	0.747124791	0.709241688	0.707313538	0.625298858
				
0.014595343	0.748959899	0.710020006	0.708654106	0.627532303
				
0.019432515	0.750958681	0.711145878	0.710246861	0.630033076
				
0.021109451	0.752272248	0.71184814	0.711127281	0.631856084
				
0.022439875	0.753461719	0.712672353	0.712115049	0.634227335
				
0.022633182	0.754966378	0.713869214	0.713534415	0.636975527
				
0.021713264	0.755549192	0.714281261	0.714000702	0.638137221
				
0.020931359	0.755723476	0.714850008	0.714548409	0.63918215
				
0.019875677	0.756411672	0.715960264	0.715518773	0.640321493
				
0.018427525	0.75734055	0.717606068	0.716933608	0.642299116
				
0.016878631	0.758099616	0.718896151	0.717912376	0.643385053
				
0.015338663	0.758565903	0.720237494	0.718824089	0.644288301
				
0.013384435	0.759230018	0.721380889	0.719792962	0.644758046
				
0.009707017	0.758863091	0.721514463	0.71966666	0.644184709
				
0.006594855	0.75857991	0.72129941	0.719429195	0.642835021
				
0.003814494	0.758435607	0.721163869	0.719344139	0.641548753
				
0.000844989	0.757961452	0.720457077	0.718913555	0.640448153
				
-0.003004506	0.757718503	0.719633281	0.718119025	0.639439702
				
-0.007560432	0.757136464	0.718212783	0.716875911	0.638077259
				
-0.013908828	0.756789804	0.717083454	0.715707719	0.637379885
				
-0.021151159	0.756118953	0.715675592	0.714310646	0.636547267
				
-0.027615217	0.755242944	0.713808894	0.712865353	0.635306418
				
-0.035792902	0.754332781	0.712035418	0.711406708	0.634568691
				
-0.044421598	0.752591789	0.709899187	0.709525585	0.632860482
				
-0.053767122	0.750232935	0.706995189	0.706675172	0.630158305
				
-0.063561514	0.748467565	0.704966068	0.704045653	0.628060222
				
-0.073939338	0.74577111	0.702199638	0.699326515	0.624557316
				
-0.083456978	0.742929816	0.699813366	0.694523215	0.620732784
				
-0.092578024	0.740936339	0.697988749	0.690550923	0.617589414
				
-0.101672277	0.74009186	0.696510077	0.687779784	0.615043879
				
-0.109131292	0.73930788	0.694715559	0.685037255	0.612403035
				
-0.115129501	0.738296747	0.693481088	0.68307817	0.610632777
				
-0.119909689	0.736080885	0.691104412	0.680160522	0.608182728
				
-0.12548238	0.734405637	0.68954277	0.678022385	0.60664022
				
-0.129606724	0.732658803	0.688443184	0.676162004	0.605162382
				
-0.134496018	0.730181813	0.686407864	0.673385799	0.603065133
				
-0.138349131	0.728970766	0.684664011	0.670649886	0.601081133
				
-0.142152101	0.728169203	0.682336807	0.667320848	0.598567665
				
-0.150069863	0.727945447	0.679972231	0.664255261	0.596041381
				
-0.158517256	0.727611542	0.677139699	0.661040783	0.593687713
				
-0.16585353	0.72721076	0.67398715	0.657698214	0.591003239
				
-0.16992791	0.725497186	0.669813514	0.653510749	0.587647259
				
-0.174548477	0.723366261	0.665717244	0.649834752	0.584798396
				
-0.179453433	0.721045136	0.662392378	0.64680934	0.582323253
				
-0.182268262	0.718390763	0.65887773	0.643532336	0.579427004
				
-0.183371007	0.714491487	0.654472709	0.639589906	0.576223612
				
-0.184939921	0.710651994	0.650219917	0.635953724	0.573364556
				
-0.184140012	0.705456257	0.645287991	0.631983936	0.569980264
				
-0.180426806	0.699296236	0.639814019	0.627449095	0.566095293
				
-0.174857691	0.694326043	0.635982454	0.624769092	0.563889146
				
-0.167110682	0.688916564	0.632263064	0.622040808	0.561334133
				
-0.157369792	0.68545866	0.629717171	0.620368063	0.559459627
				
-0.151093334	0.684004188	0.62937957	0.621106803	0.559385359
				
-0.141890317	0.683432341	0.629164338	0.622054279	0.559353888
				
-0.132596746	0.683676302	0.629317522	0.623516381	0.559441209
				
-0.121797889	0.68385613	0.629021585	0.624126256	0.558707714
				
-0.11065951	0.684050381	0.628439307	0.624373317	0.558032751
				
-0.101535313	0.683766007	0.627578259	0.624287546	0.557075918
				
-0.090735793	0.683939993	0.626401067	0.623758972	0.555620253
				
-0.080786437	0.685271382	0.626389682	0.623778939	0.554871917
				
-0.071643069	0.685607731	0.625446618	0.623021722	0.553845823
				
-0.068390548	0.687963367	0.626195014	0.623449683	0.554246664
				
-0.066293374	0.690670013	0.627029479	0.624252737	0.554581046
				
-0.066669606	0.692631721	0.627116501	0.62372905	0.55371207
				
-0.06847474	0.694571495	0.627573133	0.623506367	0.552835226
				
-0.070216462	0.695269048	0.627377033	0.622059882	0.550844252
				
-0.07505244	0.696353078	0.62770468	0.621765852	0.550161898
				
-0.085054584	0.696532309	0.628127992	0.621393204	0.547989607
				
-0.090626672	0.699096799	0.629712224	0.622679055	0.547236085
				
-0.093955547	0.70140028	0.630468667	0.623090625	0.546003938
				
-0.100740895	0.702145994	0.629524589	0.621920705	0.542961121
				
-0.106181666	0.701604843	0.628128767	0.619522691	0.539387524
				
-0.113641784	0.700487792	0.626537442	0.616732955	0.53615123
				
-0.122426353	0.700086176	0.625356555	0.614506245	0.534182906
				
-0.12380939	0.699746013	0.623834729	0.613029897	0.533077419
				
-0.124339238	0.700294435	0.623688221	0.613075614	0.533068359
				
-0.125780076	0.701509833	0.623947382	0.612872303	0.533339202
				
-0.127968118	0.702849686	0.624265909	0.613111675	0.533997536
				
-0.130809635	0.702419758	0.62332195	0.612375259	0.534035802
				
-0.13318035	0.702211916	0.623082697	0.612281382	0.534938931
				
-0.138432592	0.702517092	0.62364018	0.613432348	0.536426425
				
-0.142761424	0.704797149	0.626694322	0.617358446	0.540044725
				
-0.143146783	0.706462145	0.628960967	0.620526373	0.54262501
				
-0.138555661	0.714550316	0.640626192	0.6355744	0.556328952
				
-0.135595486	0.722049713	0.650980055	0.648038328	0.56748122
				
-0.130117998	0.735794902	0.672736466	0.67157948	0.587531388
				
-0.130966857	0.743918717	0.683386326	0.682911277	0.597717047
				
-0.14000982	0.748675466	0.690859497	0.689807355	0.602324009
				
-0.136322677	0.7513026	0.692213416	0.691931605	0.599717736
				
-0.132371366	0.752497196	0.692519784	0.692795992	0.593824625
				
-0.132052705	0.753623366	0.693102956	0.693866789	0.589085817
				
-0.130515292	0.751164556	0.687068939	0.686853051	0.582555711
				
-0.130697474	0.748198628	0.681798756	0.678287029	0.575370491
				
-0.131039202	0.74483335	0.67578119	0.669919372	0.56809926
				
-0.136677235	0.741121054	0.668832123	0.661017358	0.560929358
				
-0.145319223	0.738575161	0.663894236	0.654651999	0.55567503
				
-0.151988	0.736278057	0.660624504	0.650532842	0.552125335
				
-0.148612931	0.733036637	0.656621456	0.646418273	0.548141956
				
-0.145188838	0.729431689	0.652503669	0.642674446	0.544712245
				
-0.149221957	0.727628529	0.651371479	0.640955329	0.542570949
				
-0.149816319	0.726644635	0.650746107	0.640657187	0.541710138
				
-0.152426928	0.724129915	0.647785544	0.637841702	0.53902185
				
-0.148521557	0.721175134	0.644539654	0.635300398	0.536590815
				
-0.145620644	0.720183372	0.643074036	0.634772062	0.536557436
				
-0.141361877	0.718689203	0.641608953	0.63399303	0.536359489
				
-0.141766965	0.718838573	0.640879393	0.633871853	0.536739707
				
-0.14403376	0.718480766	0.639804304	0.633568347	0.536637664
				
-0.144896552	0.720544219	0.641895413	0.63619107	0.538822055
				
-0.141738012	0.723662019	0.644312739	0.63922286	0.540812016
				
-0.137548804	0.72694397	0.646440625	0.641997755	0.542271674
				
-0.131386593	0.72851038	0.647192121	0.643188834	0.542660952
				
-0.125033975	0.730037808	0.648174942	0.644649446	0.542901158
				
-0.119218618	0.73168242	0.649264395	0.645848036	0.543302476
				
-0.11481607	0.732907474	0.649922192	0.646663189	0.543271303
				
-0.111348085	0.734182239	0.650821447	0.64773345	0.543865144
				
-0.107429408	0.734670281	0.651354611	0.648305357	0.544242263
				
-0.103909604	0.734137177	0.651265144	0.648309469	0.544152975
				
-0.101308689	0.733931065	0.651369929	0.648423553	0.544224024
				
-0.100438066	0.733270466	0.651118398	0.648213506	0.543998003
				
-0.099054791	0.732209444	0.65066272	0.647947907	0.543621421
				
-0.096845865	0.731203854	0.649870992	0.64741987	0.542700231
				
-0.094796017	0.729848981	0.648885131	0.646668434	0.541139603
				
-0.090192162	0.727938175	0.647421002	0.644978106	0.53834635
				
-0.087313958	0.72525543	0.645282507	0.642508864	0.535050154
				
-0.083545879	0.722731948	0.643743455	0.640520692	0.531918466
				
-0.082814798	0.720313072	0.642818093	0.638503671	0.528949082
				
-0.084808461	0.715725183	0.639168739	0.634255886	0.525134087
				
-0.088465914	0.709693193	0.634241641	0.628720403	0.520591021
				
-0.092531845	0.705505252	0.631442964	0.625386357	0.518254578
				
-0.094208136	0.703898311	0.630712867	0.624548554	0.518653631
				
-0.098593503	0.701569557	0.629424214	0.623623967	0.519364536
				
-0.109264806	0.696923256	0.627883434	0.621924281	0.52183032
				
-0.116238251	0.695657969	0.628715158	0.622770786	0.526145875
				
-0.120219782	0.694931149	0.630182505	0.624031663	0.530673027
				
-0.126367271	0.693873763	0.632467449	0.625707924	0.534923255
				
-0.135361075	0.693488359	0.635313272	0.627742767	0.53862977
				
-0.146352023	0.692717075	0.637004972	0.628762603	0.540857375
				
-0.160359234	0.691007316	0.637204528	0.62847501	0.541128218
				
-0.176674515	0.689731359	0.637606025	0.62816453	0.540996015
				
-0.190100029	0.688357949	0.637182951	0.627065182	0.53987968
				
-0.199858546	0.686411977	0.636010945	0.625537753	0.537961841
				
-0.207862124	0.683776021	0.634293675	0.623634696	0.535416722
				
-0.205504537	0.680237472	0.631783724	0.620891452	0.531815052
				
-0.195592329	0.678979039	0.632551551	0.620519876	0.530391753
				
-0.181977555	0.678809166	0.634274006	0.620438337	0.529208302
				
-0.168716967	0.6777246	0.634342551	0.619106352	0.527148068
				
-0.151559576	0.677344322	0.636092603	0.618722677	0.525429964
				
-0.134988725	0.677221	0.637860656	0.618495703	0.523944497
				
-0.118706241	0.678064704	0.640059888	0.619021297	0.523182571
				
-0.105310678	0.682054162	0.644818187	0.622205734	0.525039732
				
-0.092838012	0.688906074	0.651922822	0.627614617	0.529522717
				
-0.081750505	0.697967529	0.661431313	0.635307848	0.53613776
				
-0.075402245	0.706794977	0.669820845	0.642680585	0.543138146
				
-0.073084846	0.713806272	0.67691648	0.649131656	0.549211144
				
-0.072331198	0.719251335	0.683359981	0.654499292	0.553909779
				
-0.071706504	0.72288537	0.688264549	0.658691049	0.556955218
				
-0.068270542	0.725605845	0.69144696	0.661688566	0.558724761
				
-0.060515277	0.726200461	0.693298697	0.663369238	0.559100032
				
-0.04914131	0.726822257	0.695993125	0.665584683	0.559716284
				
-0.034645081	0.727555037	0.699641883	0.668152213	0.560672164
				
-0.023019843	0.729754448	0.704698682	0.671530128	0.562753797
				
-0.013017148	0.733180225	0.710368335	0.675602794	0.565715075
				
-0.005392253	0.736966729	0.716525614	0.680044472	0.568879902
				
-0.002143033	0.740960658	0.722009003	0.684338272	0.572561443
				
0.000365496	0.745141625	0.72833693	0.689464688	0.576980054
				
0.00112097	0.748657882	0.733164191	0.693834782	0.580855012
				
0.001057621	0.751321197	0.737088203	0.697550476	0.583826244
				
-0.000891067	0.75346607	0.740496516	0.701055288	0.586712718
				
-0.005099382	0.755493283	0.743654668	0.704239666	0.589569271
				
-0.010934345	0.756667614	0.746332228	0.706720352	0.591939032
				
-0.017215896	0.757402539	0.748455048	0.708419204	0.593795717
				
-0.023334	0.757878602	0.750305176	0.709846258	0.595438004
				
-0.030327465	0.758688092	0.752074659	0.711250663	0.597221613
				
-0.037725985	0.759675086	0.753738225	0.712492883	0.598948121
				
-0.04465409	0.760798872	0.755886555	0.714037061	0.600882649
				
-0.049164519	0.76159811	0.757393181	0.715272903	0.602519155
				
-0.051616587	0.762272477	0.758774519	0.716323137	0.603862643
				
-0.05379812	0.762999713	0.760156929	0.717585385	0.605504394
				
-0.054129194	0.763727129	0.761797786	0.718921661	0.607093751
				
-0.054763835	0.764460683	0.763129115	0.720422387	0.608950257
				
-0.054878436	0.765073478	0.764566422	0.722327828	0.611039639
				
-0.054755595	0.76513046	0.76508224	0.723197043	0.612199247
				
-0.054548986	0.765002787	0.76544553	0.723981678	0.613381684
				
-0.052749123	0.764702797	0.765748382	0.724518061	0.614105225
				
-0.050519515	0.764288008	0.765735269	0.724785447	0.614682257
				
-0.047728702	0.763508022	0.765454292	0.724693298	0.614871442
				
-0.045490779	0.763045371	0.765096068	0.724636197	0.615005612
				
-0.042947829	0.762681246	0.76463598	0.724630952	0.615341842
				
-0.039590716	0.762146115	0.763895214	0.724320054	0.615597248
				
-0.035974279	0.761327803	0.763005495	0.723629832	0.615550518
				
-0.031963974	0.759740651	0.761614382	0.722437382	0.615062594
				
-0.028396223	0.758351088	0.760388136	0.721722245	0.614828944
				
-0.024501953	0.757405519	0.759471595	0.721295714	0.614739954
				
-0.021676213	0.756960928	0.758927822	0.721447408	0.614837468
				
-0.019835591	0.75670445	0.758778095	0.722060084	0.61513567
				
-0.018911999	0.756846726	0.758546472	0.722427607	0.615400434
				
-0.017193381	0.757297873	0.758227825	0.722689807	0.615585089
				
-0.016978707	0.759098709	0.758620501	0.723213732	0.616308868
				
-0.017698292	0.761987448	0.760965407	0.725627065	0.618515849
				
-0.018028267	0.765451789	0.764579535	0.7299577	0.622506022
				
-0.020005643	0.766626477	0.766425192	0.732983232	0.626036465
				
-0.021481216	0.765265644	0.766330481	0.733872294	0.627927661
				
-0.021080784	0.764714241	0.76613903	0.734112382	0.628907621
				
-0.019513801	0.765502036	0.766680181	0.734733641	0.630186617
				
-0.017680883	0.765983582	0.767563462	0.735425949	0.631335437
				
-0.018449049	0.766785145	0.768935621	0.736499608	0.632556915
				
-0.018407546	0.765827179	0.769970119	0.737245798	0.633337617
				
-0.022135798	0.765464187	0.771121502	0.739012897	0.635095894
				
-0.037395149	0.765486002	0.772841394	0.741583705	0.637874484
				
-0.056335095	0.765704989	0.775212467	0.74466747	0.640470028
				
-0.063300297	0.764227033	0.778767347	0.749649763	0.646384239
				
-0.062037677	0.764030337	0.78101778	0.750945866	0.649525404
				
-0.062138148	0.766040444	0.785189748	0.754303992	0.655160308
				
-0.060771506	0.767091393	0.787343681	0.755406797	0.658003628
				
-0.061512366	0.76630342	0.79260546	0.758236408	0.65944916
				
-0.059942111	0.768537939	0.795413792	0.758847117	0.660553396
				
-0.056812502	0.772071838	0.798283458	0.759419382	0.662214518
				
-0.054899637	0.775193691	0.802244544	0.76082778	0.663861394
				
-0.055069979	0.776300073	0.806629062	0.764033973	0.66838634
				
-0.053385876	0.779283941	0.809688568	0.766427279	0.671913028
				
-0.053151365	0.780896962	0.812506855	0.769983351	0.677114725
				
-0.051497899	0.786832094	0.815084755	0.774946749	0.684128225
				
-0.053261522	0.79256171	0.816774845	0.779529154	0.689845026
				
-0.046367727	0.80170697	0.818245649	0.783432066	0.694977641
				
-0.037567191	0.80734396	0.818045735	0.785687029	0.697556794
				
-0.025029546	0.811579645	0.816857874	0.786667168	0.69857496
				
-0.01537726	0.815444648	0.814248085	0.786684573	0.699914396
				
-0.009101465	0.815855265	0.810622811	0.786008894	0.700231373
				
0.000187368	0.815259099	0.807216644	0.785291135	0.701004028
				
0.010472122	0.814950407	0.802277625	0.783857524	0.699908614
				
0.015856294	0.81223911	0.797614992	0.782069445	0.69888705
				
0.022362089	0.810638666	0.793890655	0.781535447	0.69909817
				
0.029233087	0.808260381	0.789453745	0.780395806	0.697930455
				
0.038873356	0.808129251	0.786488593	0.780404031	0.69787854
				
0.044614289	0.807835519	0.784396708	0.779433906	0.696635187
				
0.04711353	0.805063844	0.781906962	0.777857363	0.694845021
				
0.048935555	0.801965714	0.778664708	0.775327623	0.691960037
				
0.052861534	0.799405992	0.77633822	0.773130596	0.68987
				
0.05475644	0.798059881	0.773200274	0.769874454	0.687251747
				
0.05735407	0.796888828	0.77229315	0.768777907	0.687851906
				
0.058973197	0.79782325	0.771742046	0.767884195	0.688317716
				
0.057668876	0.798534453	0.771131516	0.766270518	0.687121093
				
0.051504314	0.797073483	0.769533992	0.7642892	0.685478389
				
0.047231428	0.795425415	0.767878294	0.762576103	0.684189796
				
0.043185454	0.793903112	0.763869226	0.758657813	0.678945243
				
0.037673369	0.789298475	0.75788492	0.753269911	0.67190057
				
0.035918027	0.785859346	0.751930892	0.748021543	0.664419055
				
0.035265815	0.780644774	0.744501233	0.741421223	0.655330777
				
0.0310116	0.77422303	0.736898959	0.73468399	0.646213412
				
0.027187979	0.768564343	0.730489016	0.729300261	0.638971984
				
0.023403998	0.76219815	0.723811746	0.721771717	0.631527901
				
0.005672924	0.756996036	0.720052063	0.710241497	0.615461409
				
-0.002175858	0.752637029	0.716624618	0.701434493	0.601425409
				
0.019116782	0.748460293	0.712244689	0.700018823	0.597439587
				
0.012231816	0.746624112	0.711209774	0.694597423	0.586634755
				
0.02657738	0.743061781	0.708827257	0.695213497	0.587270141
				
0.038353108	0.739622593	0.704485714	0.692125797	0.585175753
				
0.02554512	0.742085576	0.702964664	0.686732173	0.575264215
				
0.033300728	0.739553332	0.701179504	0.687668204	0.57768321
				
0.017078424	0.740401804	0.700076938	0.682930946	0.56875205
				
0.005795742	0.741832852	0.698120892	0.678851187	0.561532915
				
-0.005357756	0.741535068	0.695156574	0.673785925	0.553846717
				
-0.016418273	0.739630342	0.690754771	0.667803407	0.545681179
				
-0.028114591	0.737407088	0.687659025	0.662936807	0.539855599
				
-0.039787751	0.738758504	0.68580389	0.659845591	0.537100911
				
-0.053508192	0.741264343	0.685294986	0.658573747	0.534657717
				
-0.067158185	0.743182957	0.684825003	0.65777874	0.53303659
				
-0.079519063	0.744915307	0.686334848	0.658117056	0.531463981
				
-0.088735349	0.746424198	0.688182592	0.658372164	0.52889657
				
-0.093059525	0.746985078	0.689020276	0.657422006	0.526576996
				
-0.091026247	0.747571945	0.688423216	0.655481994	0.525463402
				
-0.086917557	0.746526837	0.68654871	0.652901173	0.524818897
				
-0.085190766	0.743177772	0.683125615	0.649060011	0.52354598
				
-0.080698647	0.73929435	0.679081023	0.645286322	0.522550941
				
-0.07675904	0.736851394	0.676264644	0.64321059	0.521438777
				
-0.07367868	0.735931516	0.67485261	0.642447472	0.520791769
				
-0.075106069	0.73464334	0.674387574	0.641300678	0.519894719
				
-0.077991121	0.735162139	0.674595892	0.641485691	0.520406067
				
-0.082068332	0.736444712	0.675611079	0.642589271	0.521308064
				
-0.088468984	0.736432552	0.677139163	0.643415213	0.521641731
				
-0.091190122	0.738063514	0.67829597	0.644872904	0.52141571
				
-0.09751001	0.738659382	0.680138707	0.646306872	0.520964026
				
-0.101968303	0.738988578	0.681319356	0.647422314	0.521043956
				
-0.103351109	0.740444064	0.681945384	0.64890486	0.521284163
				
-0.101401404	0.74212122	0.682630599	0.650662184	0.52281487
				
-0.098243035	0.743693709	0.683661163	0.652971208	0.523598194
				
-0.09788166	0.74603647	0.685650349	0.655959129	0.525665998
				
-0.094736323	0.747801304	0.686754644	0.658080816	0.527665257
				
-0.096777916	0.74772346	0.687765121	0.65890187	0.528846085
				
-0.097631007	0.74869591	0.688392997	0.660013914	0.530454278
				
-0.099542454	0.74807477	0.689146459	0.660382211	0.531349063
				
-0.099985838	0.748588443	0.688614011	0.659969568	0.532122612
				
-0.101419665	0.747276306	0.688052058	0.658919454	0.53164643
				
-0.105171941	0.746638894	0.688155591	0.658233166	0.532246053
				
-0.109491251	0.747478366	0.687276065	0.657226324	0.533691943
				
-0.115304276	0.74842751	0.686212063	0.656059802	0.535396457
				
-0.121977568	0.747969747	0.685845494	0.654835045	0.536379218
				
-0.126387596	0.748502016	0.684403479	0.653152704	0.537846923
				
-0.130591273	0.749161601	0.683037877	0.651781797	0.539795637
				
-0.134076953	0.749632835	0.681448102	0.65051496	0.541688979
				
-0.139731586	0.74854809	0.680763125	0.649262846	0.542959809
				
-0.142432883	0.748882055	0.67945236	0.648242354	0.544781327
				
-0.145441011	0.749557972	0.678452969	0.647834659	0.546958089
				
-0.14610517	0.750258327	0.677957654	0.647857368	0.549450517
				
-0.151049301	0.749587238	0.678632498	0.648160756	0.551248312
				
-0.153581053	0.750467896	0.679449677	0.649233103	0.553664446
				
-0.157991916	0.753339529	0.682004631	0.651922107	0.557304025
				
-0.162706688	0.756618738	0.685361505	0.655017972	0.560985923
				
-0.163259566	0.759338319	0.687913835	0.65711844	0.56305927
				
-0.163692504	0.762439489	0.691347718	0.659912944	0.56544584
				
-0.160696119	0.764943957	0.694211483	0.661978722	0.56720221
				
-0.162770167	0.765446544	0.697771072	0.663802028	0.568319201
				
-0.155959949	0.767668724	0.699881673	0.665379047	0.56929934
				
-0.155284435	0.768403769	0.703098297	0.667213559	0.570299149
				
-0.153670132	0.768987715	0.705381274	0.668289244	0.571203947
				
-0.150564447	0.771495998	0.70458281	0.66698277	0.571065664
				
-0.148853913	0.775838077	0.704551637	0.667482257	0.573652506
				
-0.148420647	0.777719557	0.701584339	0.665321171	0.572685599
				
-0.149693877	0.778818786	0.697602868	0.662212014	0.571127892
				
-0.153685033	0.779851079	0.693965912	0.659528852	0.570048094
				
-0.160113484	0.779911637	0.690009713	0.656893492	0.569245934
				
-0.167959854	0.778491616	0.684696794	0.652979612	0.567022741
				
-0.175633222	0.776560843	0.679906249	0.649121821	0.564962924
				
-0.186641812	0.773988247	0.675257266	0.64513278	0.563180029
				
-0.196680784	0.770453751	0.67065084	0.64094317	0.561159432
				
-0.208588183	0.76745832	0.666967809	0.637550235	0.560000896
				
-0.217448547	0.762600064	0.662890196	0.633740902	0.558243394
				
-0.203304142	0.747100711	0.659646034	0.636164546	0.566262126
				
-0.18629995	0.733727217	0.656620026	0.637431741	0.572024047
				
-0.170198336	0.723934054	0.655279279	0.639028907	0.577026367
				
-0.158196032	0.716466606	0.65388906	0.639805853	0.580776274
				
-0.149317995	0.711093545	0.653488696	0.640652955	0.583724618
				
-0.183914661	0.71180737	0.655120313	0.637534678	0.575971067
				
-0.171629936	0.707560301	0.653675616	0.637671053	0.577880144
				
-0.152623221	0.703363955	0.650867522	0.637476921	0.578462601
				
-0.106378645	0.69867897	0.648432314	0.639009714	0.580002725
				
-0.079820357	0.699445665	0.645973921	0.638324797	0.576839685
				
-0.063731626	0.700811863	0.644870818	0.638126671	0.574216902
				
-0.052572768	0.701450288	0.642387807	0.636651337	0.570887208
				
-0.052660998	0.703331292	0.642875135	0.637035489	0.56847477
				
-0.051954802	0.706562877	0.642693222	0.637779415	0.567492366
				
-0.056182757	0.709112346	0.641582906	0.6378389	0.565748811
				
-0.068067305	0.712417901	0.641846716	0.638825297	0.565210283
				
-0.082077555	0.715014219	0.641484916	0.638969004	0.564601421
				
-0.095949858	0.717049837	0.641170502	0.639011502	0.564090312
				
-0.110247418	0.719168961	0.641171098	0.639217794	0.564202845
				
-0.123845294	0.720727444	0.641040802	0.638965011	0.563684642
				
-0.134788543	0.722683012	0.64195317	0.639654279	0.563432276
				
-0.142590776	0.723835289	0.642753482	0.640323997	0.563131034
				
-0.146038517	0.723863482	0.642908335	0.640645206	0.562600911
				
-0.146167114	0.723582745	0.643034518	0.641330719	0.562367141
				
-0.143001482	0.722152829	0.641706347	0.640023589	0.560493767
				
-0.138566405	0.720562339	0.640425801	0.638462603	0.55796057
				
-0.13243258	0.718029916	0.637867033	0.635148048	0.554196596
				
-0.123211496	0.715677023	0.635930836	0.632170558	0.5510059
				
-0.116906919	0.713342667	0.634482861	0.629439354	0.548260331
				
-0.11055129	0.711071014	0.633695066	0.62765646	0.546544194
				
-0.105020627	0.708887815	0.633133411	0.626153111	0.545231819
				
-0.099691793	0.70717454	0.633335412	0.625212073	0.544163465
				
-0.096372925	0.706225276	0.633880734	0.624781072	0.543460906
				
-0.091879129	0.704510629	0.633240163	0.62335521	0.541767359
				
-0.090015389	0.703324914	0.63331449	0.622777522	0.540142655
				
-0.087805778	0.701928794	0.633048534	0.621982396	0.53792125
				
-0.083121441	0.700972497	0.633053601	0.621461034	0.535419464
				
-0.078540638	0.701427519	0.634006858	0.622344315	0.533571422
				
-0.075277187	0.702351213	0.634266138	0.622522593	0.53096813
				
-0.071741529	0.703978658	0.634670675	0.623607576	0.529477894
				
-0.070405409	0.705985188	0.63597995	0.625450015	0.528958559
				
-0.073016338	0.709346533	0.639254212	0.629621744	0.531230032
				
-0.079947159	0.712932765	0.643068135	0.633862197	0.534344792
				
-0.089738294	0.715891123	0.646690726	0.638019919	0.5383389
				
-0.100830033	0.718217254	0.649327636	0.640884161	0.54174459
				
-0.111759454	0.720091879	0.65192461	0.643269837	0.544868469
				
-0.119334906	0.721909642	0.65369916	0.645304084	0.547712862
				
-0.124369368	0.722463727	0.653579116	0.645625651	0.548807859
				
-0.128150061	0.721846342	0.652126431	0.644577026	0.548439205
				
-0.131726474	0.720857918	0.650417209	0.642724633	0.547017097
				
-0.133066013	0.719554126	0.648230135	0.640439868	0.545509517
				
-0.134216771	0.717744768	0.645815372	0.637924552	0.543673396
				
-0.136954263	0.715877533	0.643608689	0.63538003	0.54181844
				
-0.139342532	0.714109004	0.641037166	0.632699847	0.539494753
				
-0.139473215	0.712302327	0.638477862	0.629975796	0.536952734
				
-0.138103724	0.709946215	0.635338724	0.62654233	0.533771932
				
-0.133867607	0.706451178	0.632083833	0.623157024	0.530389488
				
-0.128921404	0.703274071	0.629339695	0.620132208	0.527355194
				
-0.122831061	0.699742854	0.626923144	0.617081523	0.524110138
				
-0.1149064	0.696671546	0.624869943	0.614470422	0.521256506
				
-0.107096508	0.693294227	0.623101234	0.61222899	0.518540502
				
-0.09852884	0.689941764	0.621541142	0.610216498	0.516174436
				
-0.090024605	0.68599999	0.619358659	0.607617795	0.513210773
				
-0.081770286	0.683162451	0.618235946	0.606016517	0.511065364
				
-0.072604693	0.681216359	0.617926002	0.605110884	0.509559214
				
-0.063538559	0.67998004	0.618124068	0.604521871	0.508130908
				
-0.056484722	0.67961061	0.618697405	0.604131401	0.507258296
				
-0.054195143	0.680091918	0.620251894	0.604698002	0.507439435
				
-0.055877864	0.680934906	0.6224733	0.60582751	0.507877707
				
-0.057589941	0.682022929	0.625193357	0.607133031	0.508357286
				
-0.061122678	0.682977915	0.628082156	0.608337522	0.508660316
				
-0.064112715	0.684567809	0.631073475	0.609309435	0.50856483
				
-0.067706004	0.686201692	0.63370645	0.610093117	0.508183897
				
-0.070196308	0.687558293	0.635817409	0.610610366	0.507580638
				
-0.072610743	0.689474821	0.638450742	0.611676157	0.507451057
				
-0.073861487	0.69137013	0.641019344	0.612957954	0.507682323
				
-0.075457178	0.692927599	0.643648624	0.614477336	0.508468747
				
-0.075718902	0.695005894	0.647054672	0.616923571	0.510302663
				
-0.076538436	0.697062254	0.65006125	0.619509816	0.512203693
				
-0.077075548	0.70055598	0.655054629	0.624126792	0.516287088
				
-0.075278714	0.703203201	0.659301102	0.628151357	0.519776881
				
-0.073000945	0.70599699	0.664144158	0.632290065	0.52324754
				
-0.066402979	0.709512353	0.669603467	0.636835217	0.526981235
				
-0.056293167	0.713266969	0.675064325	0.641290009	0.531101286
				
-0.041500799	0.717583537	0.681226313	0.646326542	0.5360412
				
-0.027447261	0.722654819	0.68734473	0.651665509	0.541674376
				
-0.016056299	0.728155315	0.693032265	0.657306254	0.548374653
				
-0.008025758	0.733110726	0.698779404	0.66321063	0.555295229
				
-0.002531871	0.737760305	0.703693628	0.668838441	0.562269807
				
0.001172662	0.742139578	0.70765996	0.673782647	0.568597436
				
0.00460989	0.746057272	0.711497724	0.678665698	0.574679196
				
0.007693395	0.749294162	0.714874268	0.68283093	0.579810917
				
0.011080563	0.751537085	0.717620611	0.68618685	0.583925724
				
0.015279986	0.753124595	0.719147563	0.689078093	0.587745905
				
0.018998295	0.754599512	0.720078349	0.691624343	0.59108758
				
0.022500247	0.756410956	0.721731007	0.694760859	0.594848275
				
0.025501952	0.757814884	0.723617494	0.697610557	0.598152578
				
0.029537387	0.758531868	0.725201428	0.699755013	0.600716889
				
0.036029194	0.758314013	0.726329863	0.701069713	0.602359772
				
0.040773962	0.758118093	0.726752758	0.701658607	0.603801012
				
0.042497873	0.758372545	0.727699578	0.702366471	0.605183482
				
0.042216506	0.758410931	0.728477716	0.702363014	0.605471015
				
0.039207779	0.758762121	0.728745937	0.702111781	0.605524838
				
0.036434107	0.759621739	0.729525924	0.702418923	0.60582459
				
0.035544183	0.761123538	0.731019974	0.703179181	0.606294334
				
0.034663357	0.763619065	0.732531369	0.704220772	0.607391834
				
0.037064824	0.766726136	0.734771788	0.706246018	0.609567225
				
0.042249005	0.770450592	0.737422228	0.709082425	0.612609744
				
0.046936668	0.773231566	0.738670766	0.710819721	0.614444733
				
0.055317283	0.773890376	0.738728344	0.712093234	0.615113258
				
0.061651848	0.775461972	0.739839554	0.714913189	0.615728438
				
0.062423602	0.776396632	0.740443885	0.71770823	0.616167367
				
0.056346815	0.776666999	0.74091202	0.719741821	0.616212368
				
0.048542019	0.778469801	0.742544651	0.72318989	0.61756444
				
0.039192334	0.781960726	0.745626748	0.728762805	0.619632781
				
0.033083297	0.786036253	0.748972774	0.73429656	0.622640133
				
0.027486052	0.790130854	0.752888441	0.738960028	0.625958979
				
0.023047145	0.793285429	0.75624752	0.742242873	0.629390657
				
0.02113146	0.796141148	0.758914173	0.74511373	0.631437659
				
0.024117533	0.798230827	0.760569394	0.747542322	0.631843984
				
0.027064595	0.798609078	0.760516822	0.74794662	0.631685853
				
0.0317671	0.798353195	0.759912908	0.747279823	0.631506979
				
0.034202814	0.797936916	0.759407461	0.746450067	0.632493615
				
0.032837704	0.79707706	0.757580578	0.74462074	0.632962108
				
0.028931798	0.796774864	0.7569713	0.743379354	0.634709656
				
0.025205227	0.795616448	0.755115628	0.741372406	0.635540187
				
0.021700727	0.793694079	0.752110004	0.738552928	0.635573149
				
0.020073354	0.791785359	0.749627709	0.73632437	0.635779917
				
0.01809133	0.789377511	0.746401787	0.733428419	0.635159791
				
0.016999198	0.786916256	0.742530346	0.730499268	0.633934855
				
0.017694855	0.784926176	0.739333987	0.728503942	0.632264256
				
0.020122563	0.78320539	0.736658931	0.727124751	0.63021636
				
0.020674871	0.782458365	0.73501873	0.726498365	0.628872454
				
0.013525562	0.779928982	0.729878306	0.723930836	0.625703752
				
0.010708258	0.778816521	0.728548467	0.723328412	0.623199165
				
-0.001907431	0.776210427	0.726396263	0.721839547	0.620346665
				
-0.012145061	0.774237394	0.724977493	0.720861018	0.618023336
				
-0.020098206	0.772618175	0.724236965	0.720342696	0.616251767
				
-0.026001951	0.771483243	0.723787785	0.720235944	0.614773214
				
-0.031919703	0.770649731	0.72342205	0.720161736	0.612803459
				
-0.038273446	0.769321263	0.722615838	0.719277382	0.610774338
				
-0.048500352	0.76666826	0.722352266	0.718769312	0.609381437
				
-0.05745386	0.765570402	0.721129954	0.717500269	0.607984841
				
-0.066929698	0.763639331	0.718723059	0.714823246	0.606017232
				
-0.076792344	0.761705458	0.716631293	0.712228298	0.604485691
				
-0.084485471	0.759576678	0.714304507	0.709513187	0.602784276
				
-0.091092393	0.757160127	0.711750329	0.706518352	0.601334095
				
-0.096256182	0.755239904	0.709678769	0.703956246	0.600655735
				
-0.099752486	0.753893852	0.708305478	0.702724457	0.601000071
				
-0.102251127	0.751801014	0.705759585	0.700189948	0.599480569
				
-0.102342412	0.750075817	0.703328252	0.698450267	0.597845197
				
-0.103666954	0.748448014	0.700890243	0.696630836	0.596432745
				
-0.102230728	0.747143447	0.698434889	0.694793344	0.595078051
				
-0.100557856	0.746323586	0.696287096	0.69362551	0.594014168
				
-0.09816923	0.746187747	0.694877982	0.692750096	0.593425035
				
-0.096258461	0.745474696	0.692985177	0.6912691	0.594103634
				
-0.096033514	0.745233536	0.691793203	0.690609515	0.595587611
				
-0.098230138	0.744612575	0.690486431	0.689622998	0.597759426
				
-0.099327177	0.744169235	0.690199614	0.689826012	0.600510657
				
-0.100829229	0.742682517	0.689113855	0.688957453	0.602608621
				
-0.098615304	0.739951015	0.687040567	0.68647182	0.603323698
				
-0.095985293	0.737986326	0.686227798	0.685715497	0.605032027
				
-0.094393089	0.735763907	0.685508847	0.684900284	0.606860816
				
-0.095358625	0.734576941	0.684766948	0.684972763	0.609184384
				
-0.097608984	0.733259797	0.684081614	0.684842825	0.611798644
				
-0.099247307	0.731432438	0.68245852	0.683721542	0.613489985
				
-0.101266116	0.730474353	0.681430221	0.682973742	0.615254164
				
-0.101235434	0.729493976	0.679943919	0.681555748	0.615468264
				
-0.103454769	0.727935612	0.677824616	0.67955637	0.615067482
				
-0.106678456	0.726192713	0.675843239	0.677613616	0.614681542
				
-0.110458687	0.726092458	0.675252795	0.677175164	0.61595732
				
-0.111287065	0.726887703	0.675501525	0.676971614	0.616904855
				
-0.114406288	0.728542566	0.676617801	0.677563071	0.618185282
				
-0.120211102	0.729559302	0.677005768	0.677878022	0.619301081
				
-0.12774159	0.73129642	0.67842865	0.678830743	0.620512962
				
-0.13477248	0.732902288	0.679588616	0.679631889	0.621404827
				
-0.143350363	0.734364748	0.68009305	0.679664016	0.62190938
				
-0.151002571	0.735603869	0.680533886	0.679463387	0.621937692
				
-0.156101465	0.736187577	0.680371821	0.678559244	0.62136054
				
-0.161108822	0.736969173	0.680490553	0.677567303	0.620441556
				
-0.162116945	0.736690104	0.679610968	0.675734639	0.618482351
				
-0.159196138	0.7350986	0.677590966	0.672486544	0.615259886
				
-0.156062335	0.733170509	0.675483584	0.669549406	0.612498462
				
-0.152042255	0.730684161	0.672401726	0.666033268	0.609063268
				
-0.148348898	0.728936791	0.670731783	0.664177299	0.607124686
				
-0.144723088	0.727410674	0.668921947	0.662302256	0.604845226
				
-0.140992314	0.725206614	0.66618681	0.659518242	0.601310968
				
-0.134519637	0.723116577	0.663535476	0.657111883	0.597356617
				
-0.126980677	0.721644938	0.661165059	0.654886723	0.593321681
				
-0.120752834	0.71985054	0.658267558	0.652107596	0.588869333
				
-0.114273027	0.717593729	0.654379904	0.648204029	0.583412886
				
-0.109920703	0.7150262	0.650123596	0.643987536	0.577964187
				
-0.108099185	0.711920202	0.645506501	0.639421821	0.572690666
				
-0.10841497	0.708856523	0.641308784	0.634942055	0.567476392
				
-0.111280091	0.705896258	0.637171209	0.630676687	0.562740862
				
-0.115841635	0.703005373	0.633575082	0.626889527	0.55894804
				
-0.121679224	0.700542271	0.63067472	0.624127984	0.556342006
				
-0.127351731	0.699357271	0.629102588	0.622835219	0.554774523
				
-0.13078554	0.698369265	0.627483547	0.621085763	0.552822471
				
-0.130942762	0.697362602	0.626024246	0.619688749	0.551249146
				
-0.132855028	0.696761727	0.624637842	0.618506074	0.550164998
				
-0.134293526	0.697384953	0.624116063	0.618384838	0.550124764
				
-0.135208964	0.698777616	0.623940945	0.618608117	0.550329685
				
-0.134661898	0.700342178	0.62307179	0.618287683	0.549831152
				
-0.135054529	0.701807559	0.622539937	0.618316114	0.549645424
				
-0.1343413	0.702763557	0.621353626	0.617867708	0.548813224
				
-0.134041741	0.704415679	0.621224225	0.618374288	0.54877764
				
-0.135103345	0.705062687	0.621178985	0.618742466	0.548718929
				
-0.138933867	0.70647198	0.622284412	0.619805455	0.549278975
				
-0.143211246	0.706561208	0.622462571	0.619573295	0.548630714
				
-0.149068534	0.707104921	0.622876227	0.619568288	0.548265159
				
-0.151673034	0.709423184	0.624846756	0.621106803	0.54893291
				
-0.151911139	0.710715055	0.626153588	0.621638656	0.548776865
				
-0.149578959	0.711904526	0.627589881	0.622416496	0.54866761
				
-0.147423357	0.712182343	0.628899157	0.622823894	0.548431814
				
-0.145412505	0.713490069	0.63140893	0.624724984	0.549280465
				
-0.142200172	0.714622259	0.633816183	0.626248419	0.549236536
				
-0.139774218	0.714391768	0.634906769	0.626822412	0.548522651
				
-0.136595771	0.712932944	0.635034442	0.62677151	0.547481656
				
-0.133398816	0.711161852	0.634867966	0.626796901	0.546283603
				
-0.130413324	0.709166646	0.634765387	0.627153873	0.545152366
				
-0.129385442	0.706014633	0.633624792	0.626843095	0.543340802
				
-0.12628603	0.703089714	0.632461011	0.626539469	0.541453063
				
-0.121161669	0.701227665	0.632090807	0.626681745	0.539580286
				
-0.115552835	0.700456977	0.632245898	0.62684387	0.537967741
				
-0.108966321	0.699524224	0.631897449	0.626398027	0.535861552
				
-0.099547185	0.698417187	0.630931258	0.625293314	0.533242106
				
-0.089643963	0.697178721	0.629494786	0.623418927	0.529981017
				
-0.081202969	0.696851254	0.629191339	0.621799052	0.527623653
				
-0.076150924	0.696841121	0.629645348	0.621128261	0.526192069
				
-0.065443538	0.696356297	0.629253864	0.62041688	0.523594677
				
-0.054645531	0.696792364	0.629694939	0.620051563	0.521178842
				
-0.047040388	0.699958563	0.632313251	0.622190714	0.520892382
				
-0.03680823	0.703660846	0.636728823	0.625734568	0.521308243
				
-0.027411863	0.707131743	0.641280413	0.629340231	0.521545112
				
-0.019711934	0.710253596	0.646404088	0.632744014	0.522073686
				
-0.013979465	0.712936342	0.651069999	0.635431767	0.522688508
				
-0.011967629	0.71465075	0.655550838	0.637246966	0.523190022
				
-0.015042596	0.715762675	0.659212112	0.638252616	0.523641646
				
-0.022252902	0.715882897	0.660923958	0.638189554	0.523412466
				
-0.029995658	0.716450095	0.663413167	0.638706923	0.52369386
				
-0.038847491	0.717355251	0.665987611	0.639791727	0.524687827
				
-0.04610803	0.718173623	0.667472243	0.64052546	0.525934339
				
-0.047781549	0.718912303	0.669033289	0.641615927	0.527903795
				
-0.047097057	0.71961832	0.67102176	0.643253684	0.530529678
				
-0.041082181	0.720776916	0.673084378	0.645329893	0.534148514
				
-0.034997836	0.722440004	0.675240278	0.647743881	0.537892938
				
-0.027701169	0.723846793	0.676292598	0.649802089	0.541313052
				
-0.023746759	0.725650549	0.677663267	0.652029037	0.544779897
				
-0.024137929	0.727607012	0.678814948	0.654280901	0.548036218
				
-0.028659545	0.72973907	0.679848433	0.655953646	0.550370157
				
-0.037630238	0.731009245	0.678989768	0.656125307	0.551524043
				
-0.048804507	0.73219645	0.678094447	0.656063795	0.552241504
				
-0.061320603	0.733549953	0.67769146	0.655934572	0.552308798
				
-0.073753685	0.734173775	0.677101612	0.65556258	0.552036464
				
-0.082762241	0.734179974	0.676369667	0.654738367	0.55116719
				
-0.08975815	0.733840525	0.675374985	0.653894305	0.550382555
				
-0.094642036	0.732843041	0.673701584	0.652497172	0.549114943
				
-0.100746676	0.735966802	0.678749442	0.655849934	0.552624106
				
-0.092303298	0.737451077	0.681732237	0.657490492	0.554101884
				
-0.085714519	0.738453627	0.683793783	0.658840597	0.555400729
				
-0.079721376	0.739287734	0.685413778	0.659923315	0.55634737
				
-0.074396625	0.739862204	0.686328948	0.660690963	0.557106316
				
-0.06991975	0.740451694	0.686952114	0.661478698	0.557907403
				
-0.065669499	0.740591884	0.687452257	0.662130296	0.558279395
				
-0.061988443	0.741009414	0.688099921	0.663020372	0.559079289
				
-0.057950027	0.741263449	0.688605547	0.663779736	0.559687376
				
-0.053471223	0.741446018	0.689005673	0.664256394	0.560061514
				
-0.048443481	0.74157697	0.68937099	0.664838076	0.560847402
				
-0.042001665	0.741361678	0.689241827	0.66489923	0.561161816
				
-0.035157442	0.741129339	0.689183831	0.665023088	0.561609507
				
-0.029835589	0.74093926	0.689238489	0.665186048	0.561903775
				
-0.026168935	0.740591764	0.688988805	0.66497004	0.561783671
				
-0.023876727	0.740338564	0.688836217	0.664723873	0.561558008
				
-0.022602819	0.740166783	0.688775182	0.6644907	0.561370015
				
-0.02163472	0.740058362	0.688856602	0.664251447	0.561156094
				
-0.022954881	0.739571869	0.688104928	0.663417101	0.560453415
				
-0.025251396	0.738616049	0.686720133	0.662008643	0.55920434
				
-0.02843032	0.737359405	0.684863687	0.660264075	0.55766201
