-0.291861057	-0.203084126	-0.074387521	-0.060202733	-0.079288289
				
-0.265371799	-0.065221623	-0.122238964	-0.121494889	-0.114416242
				
-0.26769799	-0.002078176	-0.098365948	-0.077759758	-0.09201698
				
-0.25795722	0.052332796	-0.073840111	-0.055658951	-0.068575159
				
-0.244512931	0.079941981	-0.051027954	-0.033998981	-0.038414448
				
-0.239917696	0.079121336	-0.045453399	-0.034859166	-0.02415058
				
-0.219740525	0.055707835	-0.054276541	-0.064593121	-0.082112089
				
-0.212709695	0.035974286	-0.064626917	-0.079562649	-0.099846035
				
-0.207662404	0.022089839	-0.07193017	-0.085868776	-0.106282949
				
-0.20434764	0.009839267	-0.078103006	-0.087917015	-0.10842368
				
-0.266953051	0.004388601	-0.086185396	-0.071571037	-0.059136227
				
-0.288135231	0.00695467	-0.091304258	-0.054216161	-0.028213054
				
-0.289912581	0.017979965	-0.081187323	-0.060020566	-0.04792349
				
-0.267983109	0.020385191	-0.079197451	-0.066635326	-0.07083945
				
-0.246872097	0.029422961	-0.070525855	-0.062510088	-0.077248037
				
-0.275173843	0.040169202	-0.071397752	-0.043401539	-0.032667831
				
-0.262603998	0.05034443	-0.064951181	-0.043540552	-0.044551313
				
-0.24342519	0.057522222	-0.059218004	-0.044435948	-0.055282548
				
-0.230693221	0.060287699	-0.057475775	-0.048768356	-0.064910948
				
-0.264368653	0.05606737	-0.067020684	-0.041980863	-0.026818112
				
-0.257745087	0.064375289	-0.059078187	-0.040598452	-0.037076503
				
-0.243349746	0.067705892	-0.055565089	-0.044663653	-0.052577987
				
-0.226702437	0.068248607	-0.059411451	-0.056150988	-0.070033848
				
-0.217598811	0.070545122	-0.059190556	-0.060857639	-0.076271638
				
-0.218242064	0.067355111	-0.060727447	-0.064601168	-0.07981585
				
-0.224056721	0.055892639	-0.069503888	-0.07626912	-0.090804294
				
-0.23186551	0.044024453	-0.081851438	-0.090861097	-0.105065063
				
-0.244408667	0.033559367	-0.09128201	-0.102173671	-0.11487709
				
-0.258803189	0.029422052	-0.092841104	-0.103992775	-0.114843473
				
-0.269572943	0.028723352	-0.092567235	-0.104549184	-0.112882316
				
-0.27513209	0.02977705	-0.08846952	-0.099366724	-0.10698624
				
-0.279979646	0.034215674	-0.082343414	-0.092268601	-0.098095953
				
-0.283205569	0.035069525	-0.079830751	-0.08934398	-0.093700871
				
-0.285216957	0.037353255	-0.074909225	-0.084374592	-0.088555738
				
-0.284233212	0.039251909	-0.071581572	-0.080918774	-0.08608678
				
-0.281325936	0.038529165	-0.070154205	-0.079151705	-0.086008698
				
-0.279165447	0.037976757	-0.068698943	-0.074609503	-0.080706239
				
-0.275433332	0.037436984	-0.064451039	-0.065725029	-0.07321538
				
-0.26747191	0.04487323	-0.056181014	-0.052957922	-0.062506482
				
-0.258176118	0.048925109	-0.053196117	-0.050840974	-0.063818634
				
-0.258303821	0.048595741	-0.054530889	-0.053916603	-0.068290234
				
-0.26926589	0.042872153	-0.057827696	-0.058923617	-0.073388726
				
-0.279526949	0.039337203	-0.056334719	-0.056346416	-0.071071699
				
-0.286542147	0.036711656	-0.055284604	-0.053535312	-0.069254935
				
-0.289529741	0.033506572	-0.055294931	-0.052011982	-0.069481343
				
-0.290384471	0.032567658	-0.05465135	-0.050031096	-0.068407476
				
-0.28928268	0.029845893	-0.055760086	-0.050476462	-0.069440067
				
-0.290830731	0.026076987	-0.058737874	-0.052468315	-0.07116209
				
-0.289928138	0.024332955	-0.061055332	-0.054598555	-0.073196426
				
-0.288728595	0.017853305	-0.069438398	-0.065006107	-0.084107742
				
-0.288660735	0.007652916	-0.081937574	-0.080518603	-0.099712417
				
-0.289610445	-0.000971541	-0.093491301	-0.095708616	-0.113701239
				
-0.290908337	-0.005886592	-0.101590976	-0.10608682	-0.123230435
				
-0.29263401	-0.008661129	-0.10799031	-0.114350311	-0.129961118
				
-0.295098782	-0.004459202	-0.106715366	-0.112925008	-0.126635402
				
-0.296775371	0.003644623	-0.10105712	-0.105721049	-0.118072353
				
-0.298285186	0.016958348	-0.08922109	-0.092033304	-0.103744507
				
-0.301597476	0.028617732	-0.078712277	-0.080497824	-0.091156058
				
-0.30522269	0.038625017	-0.068698823	-0.069636926	-0.078720406
				
-0.306381673	0.049865142	-0.055991195	-0.056121528	-0.065599568
				
-0.304826349	0.056803875	-0.046216547	-0.045202225	-0.055043228
				
-0.303030849	0.061152011	-0.038477227	-0.036206201	-0.047095157
				
-0.299619347	0.065726385	-0.032420456	-0.02863647	-0.039922111
				
-0.294291496	0.069385707	-0.029083706	-0.024303056	-0.036104135
				
-0.290205866	0.07329376	-0.026869074	-0.020859353	-0.033047915
				
-0.286943316	0.074581027	-0.029163681	-0.023906521	-0.035643145
				
-0.283953846	0.075288557	-0.034186989	-0.030245297	-0.04032331
				
-0.280295104	0.073995307	-0.041052513	-0.038889475	-0.047203891
				
-0.276937723	0.071128204	-0.049213231	-0.048905388	-0.055539645
				
-0.273530006	0.067931876	-0.057161875	-0.058591709	-0.064416386
				
-0.272503585	0.063947305	-0.064303152	-0.066592693	-0.07158602
				
-0.272097915	0.05876274	-0.071703576	-0.074986562	-0.078777917
				
-0.273193896	0.052217215	-0.080615692	-0.084506765	-0.086987592
				
-0.274716645	0.047199108	-0.086924754	-0.091045536	-0.092612654
				
-0.275636733	0.043220244	-0.090887211	-0.095109828	-0.096123151
				
-0.275809109	0.040106535	-0.09338849	-0.097393021	-0.098780967
				
-0.276613176	0.037719488	-0.095757931	-0.100095958	-0.101584785
				
-0.278572142	0.033221468	-0.100329965	-0.10532897	-0.106450543
				
-0.278987944	0.029521734	-0.10329926	-0.108351186	-0.109601542
				
-0.27940923	0.024839163	-0.106899016	-0.112345867	-0.113525257
				
-0.280712783	0.018629231	-0.111931287	-0.117550232	-0.119354799
				
-0.281613469	0.013465315	-0.115929373	-0.121215209	-0.123289384
				
-0.282087177	0.004578166	-0.124114923	-0.130195171	-0.131843626
				
-0.284447283	-0.006327309	-0.133642554	-0.140453607	-0.140405133
				
-0.288301826	-0.020108625	-0.145024508	-0.152136236	-0.148239791
				
-0.293617338	-0.037675068	-0.157634914	-0.164990142	-0.15504837
				
-0.298417747	-0.051286146	-0.166117668	-0.172068566	-0.15774937
				
-0.303742528	-0.053335041	-0.165229917	-0.170076728	-0.153916776
				
-0.308851957	-0.050825603	-0.161169454	-0.166527301	-0.150514394
				
-0.314660311	-0.046557002	-0.156600058	-0.162357986	-0.146325395
				
-0.318189383	-0.038497694	-0.14991653	-0.156711683	-0.140786827
				
-0.320766389	-0.030803643	-0.144342348	-0.152491719	-0.136119217
				
-0.321227074	-0.024804324	-0.141114771	-0.151480392	-0.134200111
				
-0.32046923	-0.018643923	-0.137360811	-0.149567336	-0.132036507
				
-0.317659795	-0.011674263	-0.133464664	-0.146775693	-0.129164621
				
-0.314054668	-0.007348299	-0.131395817	-0.144838557	-0.128033072
				
-0.310140848	-0.005507827	-0.131582856	-0.144758463	-0.128709286
				
-0.306100011	-0.003636122	-0.130798817	-0.143003255	-0.129195303
				
-0.302119613	-0.002088517	-0.1295266	-0.140621573	-0.129335552
				
-0.298841417	-0.001862109	-0.128532499	-0.138482377	-0.129818052
				
-0.304818392	0.004265808	-0.115381762	-0.111655131	-0.094067439
				
-0.282991886	-0.004541941	-0.121460684	-0.115318052	-0.096372068
				
-0.295271307	0.00398013	-0.108540229	-0.089721143	-0.072362579
				
-0.299692541	0.003155671	-0.107695192	-0.07945203	-0.064445183
				
-0.289370328	0.000251502	-0.108060554	-0.090403706	-0.072984748
				
-0.293220341	0.004831508	-0.105031908	-0.081213422	-0.066513576
				
-0.281581193	0.004512742	-0.105517522	-0.094330512	-0.079544537
				
-0.287056446	0.008811422	-0.104775138	-0.086621679	-0.073612876
				
-0.276663035	0.010865435	-0.104494132	-0.102174357	-0.092118062
				
-0.284039438	0.015023179	-0.105605081	-0.096197009	-0.084196053
				
-0.27526176	0.016132928	-0.106413327	-0.114319645	-0.104957409
				
-0.262452632	0.022823744	-0.108835086	-0.12810494	-0.12651512
				
-0.277810246	0.023539104	-0.107795872	-0.115732431	-0.103669427
				
-0.271957338	0.01995264	-0.112163655	-0.131267458	-0.124626018
				
-0.261864007	0.020264551	-0.11501886	-0.138925254	-0.139779687
				
-0.279307693	0.020585686	-0.110533819	-0.120279282	-0.110351391
				
-0.273564756	0.014758639	-0.113928623	-0.131585807	-0.127044499
				
-0.263787985	0.008733034	-0.116244979	-0.135838553	-0.140421301
				
-0.257897526	-9.01E-05	-0.118636601	-0.137808323	-0.150781929
				
-0.255282879	-0.01267872	-0.123903617	-0.14128238	-0.158200413
				
-0.252615094	-0.023949094	-0.126499683	-0.140319258	-0.160141289
				
-0.245978445	-0.028015405	-0.122864574	-0.133591861	-0.155885041
				
-0.238852769	-0.027532883	-0.116250336	-0.124161772	-0.148940533
				
-0.23229003	-0.023524292	-0.107357085	-0.111737557	-0.138690203
				
-0.253594339	-0.004833691	-0.094255522	-0.08593154	-0.098694421
				
-0.274182856	8.20E-07	-0.09699586	-0.077608027	-0.080987498
				
-0.291234702	-0.007952645	-0.106910378	-0.080408931	-0.07700327
				
-0.302502513	-0.018814702	-0.118483737	-0.089194335	-0.080205314
				
-0.298076719	-0.021645561	-0.120281108	-0.106081158	-0.099377468
				
-0.298096687	-0.023079693	-0.121704556	-0.103987113	-0.097453497
				
-0.30298692	-0.029107228	-0.127238885	-0.106364451	-0.098706201
				
-0.307476908	-0.034569763	-0.132718816	-0.111374646	-0.10308674
				
-0.310813367	-0.039399032	-0.137636051	-0.116476774	-0.108096808
				
-0.312034935	-0.041074373	-0.140178472	-0.119909644	-0.112288944
				
-0.312218696	-0.041129913	-0.141227633	-0.121525198	-0.114471488
				
-0.312294722	-0.038713437	-0.139264703	-0.119433001	-0.112224311
				
-0.312427282	-0.037006192	-0.137649581	-0.118422478	-0.11147657
				
-0.312543869	-0.035727818	-0.136078894	-0.117796347	-0.111234009
				
-0.312576413	-0.034757096	-0.134436563	-0.117048815	-0.11112389
				
-0.312611759	-0.033750519	-0.132662028	-0.115280569	-0.109873906
				
-0.312908262	-0.034289166	-0.131893352	-0.114569113	-0.10922052
				
-0.312971741	-0.034477435	-0.131015062	-0.113565832	-0.108235762
				
-0.313300431	-0.034503814	-0.130706862	-0.112891279	-0.107776217
				
-0.311518878	-0.03286631	-0.130261302	-0.110908315	-0.106001779
				
-0.310046613	-0.034729812	-0.132358432	-0.113617159	-0.108212069
				
-0.308542192	-0.035692986	-0.132931963	-0.115070008	-0.109919913
				
-0.307258725	-0.035877246	-0.132760391	-0.115437821	-0.11053437
				
-0.306140631	-0.035939761	-0.132026389	-0.115637526	-0.110938564
				
-0.305207193	-0.036197063	-0.132377192	-0.116796285	-0.112586573
				
-0.304757655	-0.036900677	-0.13299191	-0.117960319	-0.113879241
				
-0.304068148	-0.037541345	-0.13375774	-0.118645169	-0.114705935
				
-0.303239256	-0.034904674	-0.133197874	-0.116706289	-0.113186128
				
-0.302689612	-0.031076357	-0.132788539	-0.114369676	-0.111459203
				
-0.301907957	-0.026933178	-0.132153422	-0.111840039	-0.109489135
				
-0.301652819	-0.023263998	-0.13100034	-0.109380215	-0.107505195
				
-0.301845491	-0.021695904	-0.130676955	-0.108425044	-0.106878743
				
-0.302054167	-0.021065421	-0.130252466	-0.107981995	-0.106857486
				
-0.301959723	-0.021094061	-0.129798502	-0.107712314	-0.106802285
				
-0.301410943	-0.025319993	-0.131333724	-0.110364117	-0.109371237
				
-0.300161123	-0.032949992	-0.133724421	-0.115419179	-0.113651104
				
-0.299696743	-0.04313837	-0.137831077	-0.123321019	-0.120400049
				
-0.300458074	-0.052008949	-0.142023534	-0.130802572	-0.126326665
				
-0.301276624	-0.057144057	-0.144349143	-0.134455189	-0.128128588
				
-0.304237843	-0.058169097	-0.146244794	-0.135991722	-0.127000391
				
-0.30504626	-0.054781109	-0.142929181	-0.13125819	-0.121263579
				
-0.304379821	-0.051352993	-0.139178216	-0.1263493	-0.11626716
				
-0.302652687	-0.048028469	-0.135665566	-0.121907771	-0.112046957
				
-0.30037263	-0.045655817	-0.133053154	-0.119150065	-0.110302217
				
-0.296505034	-0.04306867	-0.131087393	-0.116737805	-0.109670423
				
-0.292202115	-0.04010009	-0.129389256	-0.114099152	-0.108979888
				
-0.289158583	-0.036238506	-0.127848551	-0.11121206	-0.107502326
				
-0.298484385	-0.035034701	-0.116469957	-0.093520865	-0.100050144
				
-0.295561522	-0.027622074	-0.116176471	-0.092100255	-0.096047387
				
-0.29325977	-0.023578681	-0.117355622	-0.093429275	-0.094714507
				
-0.291677803	-0.021714382	-0.119288251	-0.096290953	-0.095671169
				
-0.290917665	-0.021794923	-0.121082202	-0.099346116	-0.097591728
				
-0.289359063	-0.024168476	-0.122850314	-0.102851331	-0.100292288
				
-0.286891282	-0.031072848	-0.12510626	-0.108797349	-0.106159009
				
-0.293610454	-0.043818168	-0.120004326	-0.101051621	-0.10792575
				
-0.300574094	-0.048273355	-0.111345433	-0.090096988	-0.106539786
				
-0.308469892	-0.051574036	-0.104557365	-0.082602762	-0.106490798
				
-0.315279394	-0.052881375	-0.098528601	-0.076657243	-0.105635978
				
-0.319420397	-0.052150987	-0.093668833	-0.072732098	-0.103123307
				
-0.30449903	-0.0491473	-0.102264866	-0.084290154	-0.099779464
				
-0.310147285	-0.046064183	-0.097914547	-0.078436606	-0.093647331
				
-0.301966935	-0.041437522	-0.105809458	-0.087912418	-0.090621479
				
-0.296155393	-0.037953451	-0.113148779	-0.096720316	-0.089866363
				
-0.292255163	-0.03639067	-0.119138367	-0.103761367	-0.090703383
				
-0.290773422	-0.035659492	-0.122765712	-0.107763745	-0.0911512
				
-0.289551586	-0.035680585	-0.124561399	-0.109885648	-0.091729514
				
-0.288631141	-0.036323287	-0.125857323	-0.112000018	-0.094398342
				
-0.288434178	-0.035606034	-0.125163153	-0.111917026	-0.095725149
				
-0.288606167	-0.034033962	-0.123448789	-0.110298447	-0.09639176
				
-0.287311465	-0.034276322	-0.12344297	-0.110548295	-0.099201679
				
-0.286921501	-0.035122395	-0.123276569	-0.110794187	-0.1013643
				
-0.2868779	-0.036428571	-0.122802734	-0.110661566	-0.102359548
				
-0.289625615	-0.035558082	-0.121836841	-0.107504398	-0.096861169
				
-0.297648698	-0.038815863	-0.126017705	-0.104115605	-0.092584983
				
-0.297315091	-0.044017587	-0.124449633	-0.103922248	-0.093960613
				
-0.304302573	-0.026767351	-0.108455546	-0.079088315	-0.060407769
				
-0.312516481	-0.006451022	-0.087893844	-0.057142232	-0.035175126
				
-0.321769625	-0.011393666	-0.071061835	-0.042917304	-0.030247319
				
-0.327645749	-0.025163963	-0.068589628	-0.041571558	-0.03465604
				
-0.339105248	-0.015547715	-0.05795683	-0.036558308	-0.026889399
				
-0.340402603	-0.02258271	-0.057157062	-0.03523761	-0.030593924
				
-0.340171486	-0.046294242	-0.084495194	-0.067100152	-0.060008239
				
-0.341363728	-0.06898506	-0.106081732	-0.095489331	-0.089325905
				
-0.337073088	-0.086243562	-0.120774895	-0.117863342	-0.11013741
				
-0.332517564	-0.096024446	-0.124862939	-0.129818171	-0.121463165
				
-0.327522278	-0.098678663	-0.119876638	-0.131474182	-0.125376895
				
-0.308845282	-0.086036101	-0.102871813	-0.12140803	-0.123720415
				
-0.293385327	-0.072537355	-0.088174038	-0.114019386	-0.12843661
				
-0.271353304	-0.068039343	-0.084309235	-0.119106099	-0.148087025
				
-0.237503856	-0.05918549	-0.079216056	-0.120289944	-0.158132732
				
-0.20258832	-0.035565041	-0.065982491	-0.111764848	-0.146678299
				
-0.170728207	-0.01373042	-0.054687742	-0.104325026	-0.130112559
				
-0.138625994	0.006030297	-0.045115456	-0.094372533	-0.110032275
				
-0.11216601	0.028922867	-0.030300602	-0.08183267	-0.094735101
				
-0.098269463	0.041928262	-0.020262282	-0.075749017	-0.091801643
				
-0.094014689	0.051993873	-0.009290719	-0.067855939	-0.085371763
				
-0.100026041	0.059576243	-7.72E-05	-0.063599892	-0.087935813
				
-0.115369156	0.061360203	0.002063897	-0.065742947	-0.094934478
				
-0.128933653	0.060846314	0.003462892	-0.066451102	-0.101004668
				
-0.15059644	0.051618751	-0.000342775	-0.065709464	-0.101709262
				
-0.162413508	0.0450157	-0.003622178	-0.06390205	-0.106675506
				
-0.1800192	0.038179941	-0.008001648	-0.063627347	-0.105859235
				
-0.208904505	0.016136408	-0.022245158	-0.056030806	-0.110219017
				
-0.213268608	0.018809035	-0.020259205	-0.04498519	-0.086777858
				
-0.215568274	0.019854195	-0.017888285	-0.02120287	-0.062751502
				
-0.219611079	0.020183973	-0.011882246	0.000371873	-0.044270724
				
-0.222068965	0.024932653	0.003243119	0.024866484	-0.029847313
				
-0.221391022	0.029283307	0.01949764	0.044750199	-0.021459173
				
-0.214083716	0.031727076	0.028981119	0.05565995	-0.019752402
				
-0.19937408	0.034990363	0.038164079	0.063051954	-0.022672266
				
-0.193978399	0.035788037	0.050081812	0.051490493	-0.031985544
				
-0.187287182	0.034236863	0.053675309	0.029831693	-0.047457919
				
-0.179514945	0.034630742	0.054347098	0.014661603	-0.049192134
				
-0.176029772	0.026912156	0.052716829	-0.008394189	-0.05575167
				
-0.166701078	0.0278689	0.050417546	-0.013891697	-0.052816316
				
-0.164837793	0.020151112	0.046389576	-0.027913377	-0.053449698
				
-0.160925642	0.026160304	0.042677321	-0.017262453	-0.045214698
				
-0.156448677	0.019005001	0.037855957	-0.032658506	-0.050578799
				
-0.166485444	0.017092071	0.030422494	-0.031101216	-0.048368566
				
-0.170427829	0.009482332	0.024467364	-0.048751708	-0.055295601
				
-0.193164766	-0.012878012	-0.013501929	-0.080797143	-0.070495568
				
-0.209845781	-0.033549078	-0.056592233	-0.10006319	-0.090635158
				
-0.233850986	-0.051078394	-0.085996807	-0.116810225	-0.107778303
				
-0.258305103	-0.060545675	-0.094476081	-0.12561442	-0.118677586
				
-0.268944621	-0.058226526	-0.090141639	-0.122050285	-0.119584061
				
-0.288657606	-0.058633022	-0.087241076	-0.119545408	-0.118833952
				
-0.298274577	-0.060838904	-0.086668871	-0.118331082	-0.119746275
				
-0.315712124	-0.069483146	-0.09438701	-0.121959768	-0.123588681
				
-0.331491649	-0.075055368	-0.101456352	-0.124299049	-0.124448739
				
-0.346281588	-0.076276176	-0.109392285	-0.125393689	-0.122701466
				
-0.356141388	-0.062187187	-0.099802576	-0.11098367	-0.105814889
				
-0.361024261	-0.055474948	-0.101727255	-0.106657296	-0.098132119
				
-0.360242099	-0.042323705	-0.09130808	-0.09061373	-0.079357982
				
-0.361077815	-0.036600795	-0.088972606	-0.082822993	-0.068584025
				
-0.349372119	-0.039333634	-0.086119935	-0.077086553	-0.047419604
				
-0.338981897	-0.015574704	-0.080943681	-0.061120734	-0.036862113
				
-0.326453805	-0.014006244	-0.091252066	-0.061535101	-0.039258998
				
-0.322414815	-0.01074589	-0.092529252	-0.055854522	-0.039781835
				
-0.317599475	-0.023102898	-0.107874438	-0.066849217	-0.055130467
				
-0.312513828	-0.032799233	-0.119767122	-0.078818522	-0.075192675
				
-0.310428977	-0.048265886	-0.13440308	-0.095937483	-0.100532562
				
-0.30868116	-0.059854854	-0.14668709	-0.114615336	-0.125889778
				
-0.308081567	-0.069949903	-0.157072306	-0.133157402	-0.149096817
				
-0.313119352	-0.078171268	-0.170978904	-0.157642007	-0.176231056
				
-0.313004524	-0.075995862	-0.168792382	-0.16321075	-0.184494346
				
-0.315977216	-0.077960841	-0.165478855	-0.168296814	-0.188249841
				
-0.31502074	-0.073732555	-0.160487115	-0.168769836	-0.188897938
				
-0.315548211	-0.067196362	-0.152528226	-0.164646626	-0.183671325
				
-0.326266199	-0.091738775	-0.170105904	-0.188844711	-0.208357453
				
-0.320592105	-0.100159541	-0.174157172	-0.194879651	-0.213604957
				
-0.319444388	-0.115112916	-0.181549311	-0.201037854	-0.222081453
				
-0.307516634	-0.111070648	-0.173276618	-0.190180257	-0.211775869
				
-0.289108068	-0.1155205	-0.172422469	-0.184999287	-0.20965293
				
-0.276052356	-0.097396091	-0.146521896	-0.15667066	-0.179932863
				
-0.259011328	-0.08932668	-0.134640113	-0.13655743	-0.16603443
				
-0.240729362	-0.065572508	-0.107701577	-0.104809336	-0.138074309
				
-0.243024409	-0.058719225	-0.097332679	-0.093743257	-0.132374287
				
-0.24171789	-0.06118083	-0.098698817	-0.093007222	-0.14171207
				
-0.232759625	-0.047913715	-0.088245705	-0.084493265	-0.143027574
				
-0.238884956	-0.041773215	-0.081070572	-0.079320431	-0.145391569
				
-0.247289389	-0.051649541	-0.089085609	-0.087579533	-0.161387354
				
-0.248031735	-0.046527475	-0.086871758	-0.085445255	-0.166364297
				
-0.253565103	-0.037652209	-0.081265554	-0.081206247	-0.168830946
				
-0.260070711	-0.041278794	-0.079970166	-0.074880064	-0.162762001
				
-0.265602827	-0.04960461	-0.082870379	-0.071515143	-0.162169859
				
-0.271698654	-0.052404821	-0.081130221	-0.066193536	-0.160584524
				
-0.292532027	-0.053869709	-0.077834681	-0.057525247	-0.151944712
				
-0.310243607	-0.074519545	-0.089292318	-0.064834952	-0.155854285
				
-0.320305616	-0.109008431	-0.114480272	-0.089119777	-0.175535306
				
-0.319122881	-0.140614867	-0.140354261	-0.114503473	-0.197180673
				
-0.311905175	-0.163052589	-0.161516547	-0.134331092	-0.21551913
				
-0.303776503	-0.177638948	-0.1775444	-0.149736807	-0.229687005
				
-0.296388507	-0.188915744	-0.190384924	-0.161818683	-0.239286542
				
-0.289413691	-0.196331799	-0.19966498	-0.170752704	-0.246249065
				
-0.281525195	-0.208954945	-0.211312145	-0.182349086	-0.254616201
				
-0.278225273	-0.218360588	-0.216254592	-0.187244385	-0.257271528
				
-0.282800138	-0.197133556	-0.196281776	-0.169147894	-0.240346894
				
-0.279079616	-0.145279661	-0.153791636	-0.124746114	-0.201918125
				
-0.272806525	-0.13031882	-0.139687285	-0.107282311	-0.186386272
				
-0.263948888	-0.136294842	-0.140803516	-0.107833892	-0.185714513
				
-0.253685474	-0.122548327	-0.126417249	-0.094623029	-0.174138665
				
-0.249058038	-0.10154289	-0.109198645	-0.07815741	-0.157838598
				
-0.24939397	-0.08115457	-0.090963349	-0.060338959	-0.138804764
				
-0.249897346	-0.07212159	-0.082207739	-0.052145898	-0.128639013
				
-0.247928098	-0.065892681	-0.076484993	-0.047677651	-0.123398736
				
-0.244120121	-0.066049233	-0.077020645	-0.049732909	-0.125993028
				
-0.235575289	-0.067314759	-0.080771044	-0.05571878	-0.133370012
				
-0.22734423	-0.069908515	-0.086742207	-0.064670011	-0.1448614
				
-0.22011593	-0.072268754	-0.093789414	-0.075616181	-0.159630552
				
-0.216045201	-0.075728983	-0.101146325	-0.087053686	-0.175221547
				
-0.216218323	-0.083202377	-0.110615447	-0.099637911	-0.189384416
				
-0.21551013	-0.08312317	-0.112510949	-0.103371039	-0.190982506
				
-0.21848017	-0.078861989	-0.11055097	-0.102573648	-0.186234996
				
-0.230286196	-0.075061426	-0.109626181	-0.104145057	-0.18437396
				
-0.242087558	-0.071630307	-0.111602701	-0.109724462	-0.191193193
				
-0.260448009	-0.07629697	-0.118901491	-0.118948452	-0.194038078
				
-0.279896319	-0.075117134	-0.119393125	-0.121197142	-0.189570427
				
-0.299335897	-0.071563564	-0.114455201	-0.113791555	-0.180668175
				
-0.310444742	-0.071386196	-0.116278984	-0.11410103	-0.176146686
				
-0.320622444	-0.077370077	-0.12141832	-0.118201554	-0.175378472
				
-0.332935274	-0.092255063	-0.132520244	-0.12712948	-0.17972827
				
-0.332551897	-0.101700984	-0.143574387	-0.135952637	-0.185312748
				
-0.340100825	-0.13154009	-0.169516653	-0.159435242	-0.201100558
				
-0.341245145	-0.14197059	-0.184031636	-0.176978618	-0.213083506
				
-0.340569049	-0.140978575	-0.186075404	-0.178874388	-0.212134063
				
-0.351827145	-0.131441623	-0.178298056	-0.173488677	-0.204145014
				
-0.342260242	-0.089439958	-0.147837356	-0.132710636	-0.154536486
				
-0.33076641	-0.068807051	-0.126867548	-0.113249496	-0.133190796
				
-0.335130692	-0.047809683	-0.110614181	-0.09041132	-0.104413293
				
-0.323410839	-0.032617327	-0.102973185	-0.091819018	-0.104081973
				
-0.334231496	-0.036837138	-0.104863122	-0.091288865	-0.102491587
				
-0.342752814	-0.046614468	-0.093375593	-0.079039954	-0.080167428
				
-0.347461909	-0.047329068	-0.08936356	-0.074930429	-0.072579876
				
-0.348798305	-0.047851745	-0.084649116	-0.072893873	-0.067992054
				
-0.354782403	-0.043000016	-0.083491869	-0.075700685	-0.073977098
				
-0.355977893	-0.052709401	-0.094790041	-0.085217088	-0.07729011
				
-0.359014422	-0.061530378	-0.105245166	-0.094913684	-0.070385605
				
-0.36351335	-0.077667192	-0.123727247	-0.116991401	-0.084876716
				
-0.36626476	-0.101695284	-0.14575617	-0.14369984	-0.107744858
				
-0.369586974	-0.121298365	-0.162193686	-0.161271468	-0.116202727
				
-0.371644646	-0.130164325	-0.168127894	-0.167168692	-0.114798494
				
-0.373066515	-0.134119526	-0.171434343	-0.169881672	-0.116967604
				
-0.373338163	-0.134339154	-0.172525749	-0.170293435	-0.117841326
				
-0.372121871	-0.132374838	-0.171911821	-0.168987438	-0.117965519
				
-0.369415969	-0.134423658	-0.174835458	-0.171028227	-0.121328697
				
-0.365638971	-0.137056991	-0.178346232	-0.175123081	-0.12912634
				
-0.363612354	-0.128521144	-0.171818778	-0.168692559	-0.129227355
				
-0.360620439	-0.075390808	-0.140251473	-0.124210171	-0.131770357
				
-0.364822984	-0.063252106	-0.125609428	-0.112866178	-0.116218656
				
-0.364438981	-0.052799854	-0.115157753	-0.103023678	-0.104404777
				
-0.359137386	-0.038275614	-0.100838944	-0.08949925	-0.081524178
				
-0.353188276	-0.022110712	-0.08392103	-0.072727963	-0.055531681
				
-0.352085382	-0.009906203	-0.07530576	-0.0651519	-0.0439573
				
-0.349097013	-0.002375718	-0.069522299	-0.060499478	-0.031420294
				
-0.345627904	-0.002554946	-0.068020768	-0.054430824	-0.030419473
				
-0.343937695	-0.005014453	-0.072158687	-0.053606484	-0.028617945
				
-0.345078439	-0.014501836	-0.083991811	-0.063377708	-0.031845961
				
-0.345365107	-0.024623815	-0.098014429	-0.076812603	-0.045022458
				
-0.347903073	-0.027270716	-0.104438528	-0.082019255	-0.053041521
				
-0.349059045	-0.025755059	-0.106686994	-0.083616868	-0.057289492
				
-0.348033726	-0.024078991	-0.105942875	-0.082987726	-0.059564076
				
-0.346335113	-0.023333352	-0.104694724	-0.082137927	-0.061632488
				
-0.344453692	-0.025510486	-0.104410067	-0.083007678	-0.064507902
				
-0.342541993	-0.028592143	-0.103801087	-0.084196419	-0.066565134
				
-0.339476585	-0.031691011	-0.103030398	-0.085960999	-0.068438128
				
-0.331856936	-0.033284515	-0.101331994	-0.086009867	-0.069814973
				
-0.328717113	-0.035208222	-0.10140416	-0.087643348	-0.069586784
				
-0.324568808	-0.038044915	-0.102267057	-0.089690804	-0.069413364
				
-0.321914554	-0.041746426	-0.103739649	-0.091605775	-0.0725611
				
-0.322147399	-0.046048455	-0.105642505	-0.093780778	-0.081860684
				
-0.324585766	-0.049688794	-0.107478872	-0.095067665	-0.099743694
				
-0.327011168	-0.052923102	-0.109751828	-0.096516646	-0.119824134
				
-0.329173148	-0.053338751	-0.109997988	-0.096437439	-0.132137433
				
-0.33335048	-0.053376164	-0.110656828	-0.09706901	-0.135528043
				
-0.338493079	-0.052963965	-0.111940697	-0.09838298	-0.137073159
				
-0.342382967	-0.051516742	-0.112376027	-0.098574214	-0.136533618
				
-0.349489331	-0.050799012	-0.112862356	-0.096249431	-0.128244966
				
-0.342616737	-0.038322125	-0.090931967	-0.077443287	-0.078962967
				
-0.340490103	-0.033393681	-0.092658788	-0.074310735	-0.067381606
				
-0.344154388	-0.028570006	-0.09263894	-0.068812042	-0.058907509
				
-0.346203834	-0.027516944	-0.094855741	-0.066625416	-0.058565214
				
-0.3467637	-0.033314921	-0.101412706	-0.070757672	-0.065952331
				
-0.348782867	-0.038108405	-0.105422474	-0.074155457	-0.068309098
				
-0.339991629	-0.023686435	-0.105873413	-0.089196593	-0.076492786
				
-0.32622534	-0.016482733	-0.110927016	-0.105009571	-0.097999066
				
-0.314994454	-0.009061053	-0.117586479	-0.120197684	-0.114509121
				
-0.307660282	-0.008113857	-0.128104687	-0.135033429	-0.128138632
				
-0.303221285	-0.012987431	-0.138092935	-0.14543657	-0.137529239
				
-0.301805466	-0.01785161	-0.143590063	-0.149493501	-0.141583875
				
-0.30243203	-0.015906859	-0.138188183	-0.14249216	-0.132861018
				
-0.29772231	-0.007785194	-0.127929628	-0.1302699	-0.119756036
				
-0.291324198	-0.001408488	-0.120826818	-0.122651666	-0.113273188
				
-0.28786841	0.000482842	-0.113609627	-0.114779167	-0.105519377
				
-0.294733167	0.013413284	-0.094901584	-0.094448082	-0.08499673
				
-0.305719763	0.007183105	-0.080363646	-0.075878814	-0.068550915
				
-0.310008883	0.005624358	-0.064874247	-0.055631537	-0.050128356
				
-0.315667778	0.001466896	-0.05333481	-0.040895008	-0.037425354
				
-0.323711812	-0.000664935	-0.043830119	-0.028323673	-0.026228733
				
-0.337149531	-0.008156076	-0.042105727	-0.022586204	-0.018996164
				
-0.345971227	-0.011828698	-0.036400512	-0.01508002	-0.010316052
				
-0.356634319	-0.016416989	-0.0296866	-0.005344532	0.003204487
				
-0.36272794	-0.015533902	-0.021964565	0.005551592	0.016226601
				
-0.365715384	-0.012257792	-0.013296276	0.017347455	0.028982736
				
-0.364381909	-0.008118033	-0.008412339	0.023686484	0.037474375
				
-0.363286227	-0.001197271	-0.00130111	0.031184811	0.047758784
				
-0.362136543	0.003804304	0.00324031	0.035173178	0.052731574
				
-0.360592067	0.004982032	0.002805233	0.033440396	0.050892666
				
-0.355039626	0.002984643	-0.000815928	0.025789753	0.04204493
				
-0.350195706	0.004612312	-0.0008891	0.022277858	0.03620762
				
-0.347524941	0.00344529	-0.003220379	0.017248996	0.030419491
				
-0.346626699	2.55E-05	-0.00700593	0.011795714	0.025590122
				
-0.3450827	0.0036548	-0.004974045	0.0117063	0.025227387
				
-0.344964594	0.00831572	-0.001205467	0.01378483	0.027426224
				
-0.346734434	0.012442071	0.000997864	0.01425381	0.028851401
				
-0.349027544	0.015708495	0.00047984	0.012161724	0.027413104
				
-0.347885847	0.018767923	-0.00139001	0.009940498	0.025427502
				
-0.345576197	0.017317764	-0.008585304	0.002289519	0.01793224
				
-0.342100799	0.016366307	-0.015401781	-0.00506331	0.010492899
				
-0.342454433	0.013099063	-0.023938339	-0.014313914	0.000558186
				
-0.346263945	0.013234016	-0.029065415	-0.019157626	-0.001015589
				
-0.351340264	0.00618675	-0.042307962	-0.032503065	-0.013454329
				
-0.353786409	-0.002899911	-0.058147136	-0.048157923	-0.025905382
				
-0.352414429	-0.012949362	-0.075551853	-0.066242918	-0.043198083
				
-0.348487496	-0.027729806	-0.092902862	-0.086334139	-0.064338781
				
-0.340732247	-0.038096815	-0.108589768	-0.10330271	-0.082069449
				
-0.330130398	-0.057537522	-0.136275262	-0.133205205	-0.107936919
				
-0.319945574	-0.074388623	-0.159133852	-0.159625888	-0.135849372
				
-0.314250141	-0.08645431	-0.175329328	-0.176280826	-0.154606774
				
-0.308061719	-0.087701082	-0.180247307	-0.179672524	-0.162456572
				
-0.305077583	-0.085399702	-0.18011871	-0.17708689	-0.16546911
				
-0.303489149	-0.086140692	-0.180052906	-0.177263737	-0.1721742
				
-0.305525154	-0.085731119	-0.176492214	-0.172089636	-0.173892111
				
-0.306283087	-0.087349243	-0.17379415	-0.16883707	-0.177274197
				
-0.311186254	-0.084434479	-0.16372329	-0.15700981	-0.171729177
				
-0.317982763	-0.080496877	-0.150505826	-0.142718405	-0.164410785
				
-0.330717206	-0.076543778	-0.1374446	-0.127123982	-0.15247792
				
-0.332315952	-0.073556863	-0.127377644	-0.111941963	-0.135733679
				
-0.333410203	-0.073869169	-0.126070142	-0.107774414	-0.127595261
				
-0.330997318	-0.072928548	-0.126922444	-0.108350895	-0.122342341
				
-0.326372385	-0.06897606	-0.126283124	-0.105472341	-0.11307624
				
-0.316757977	-0.064387582	-0.122775286	-0.101232	-0.105513223
				
-0.305381656	-0.060678914	-0.118660718	-0.096680187	-0.098253369
				
-0.302903026	-0.050322931	-0.105811626	-0.084070161	-0.090207547
				
-0.305105507	-0.045300126	-0.093189269	-0.072722867	-0.083380565
				
-0.306613356	-0.04069512	-0.08340326	-0.066531084	-0.08008419
				
-0.308329225	-0.038972806	-0.077896625	-0.06479872	-0.08112298
				
-0.310352832	-0.039649598	-0.075546138	-0.065642841	-0.08541505
				
-0.313415051	-0.042395622	-0.075927772	-0.067270167	-0.091112748
				
-0.317661703	-0.045292404	-0.076622844	-0.067586377	-0.095602229
				
-0.32240653	-0.047239121	-0.077475831	-0.067958653	-0.099448785
				
-0.327067614	-0.049322814	-0.079770885	-0.069063269	-0.103941567
				
-0.318189204	-0.053990349	-0.087938465	-0.074676417	-0.098961204
				
-0.318485916	-0.050389558	-0.090458669	-0.074826285	-0.086366937
				
-0.320238858	-0.042508837	-0.090175867	-0.073104642	-0.073728792
				
-0.323481321	-0.039346412	-0.093443379	-0.074010789	-0.067386135
				
-0.32784611	-0.034992456	-0.095883831	-0.072921142	-0.061589103
				
-0.333413601	-0.036555301	-0.100369245	-0.07506571	-0.061616592
				
-0.338882834	-0.030690169	-0.103465669	-0.081035629	-0.078525744
				
-0.33803308	-0.025984898	-0.105878964	-0.089161575	-0.093658775
				
-0.329145014	-0.025750618	-0.11313349	-0.102876976	-0.110518835
				
-0.342035562	-0.032450363	-0.117778428	-0.108803883	-0.104543522
				
-0.332315445	-0.032218643	-0.120757431	-0.115700014	-0.109631673
				
-0.322732687	-0.028373055	-0.119541138	-0.116782248	-0.112497896
				
-0.316670656	-0.025793154	-0.120278314	-0.119107649	-0.116594896
				
-0.314178824	-0.021707632	-0.115585253	-0.11327669	-0.113017499
				
-0.309355319	-0.022481419	-0.112139337	-0.108874604	-0.109914109
				
-0.305220991	-0.025265574	-0.112917244	-0.109284423	-0.110587001
				
-0.305216312	-0.027470917	-0.116277263	-0.113319866	-0.113357455
				
-0.306039453	-0.0268768	-0.113689646	-0.110384904	-0.10973274
				
-0.313670635	-0.014362067	-0.098253809	-0.090296745	-0.086519629
				
-0.327848732	-0.00946125	-0.083703786	-0.070963517	-0.064536437
				
-0.330165267	-0.002801124	-0.068070658	-0.053331099	-0.045408983
				
-0.343997538	0.002094883	-0.04802132	-0.02255927	-0.010886934
				
-0.349557877	-0.006857045	-0.044713307	-0.019552901	-0.008494373
				
-0.355123043	-0.009566266	-0.034965184	-0.009335693	0.002815861
				
-0.357355416	-0.011600569	-0.029647417	-0.004478738	0.007914066
				
-0.356786966	-0.010037847	-0.023680039	0.000929225	0.013377424
				
-0.353626043	-0.008386463	-0.022274505	-0.000972256	0.011863027
				
-0.35466522	-0.004365504	-0.018826447	0.000994563	0.015418872
				
-0.351808637	-0.005643237	-0.008999486	0.000209309	0.009314492
				
-0.349452525	-0.008321688	-0.005132057	-0.006003782	-0.001846723
				
-0.345961958	-0.015531093	-0.008218333	-0.015827723	-0.015292287
				
-0.345819771	-0.014581051	-0.01503684	-0.020379737	-0.014533017
				
-0.343071818	-0.020039983	-0.019041978	-0.028829619	-0.024859395
				
-0.348691106	-0.016976174	-0.023722734	-0.030938495	-0.017893415
				
-0.345109016	-0.021798193	-0.027669881	-0.037492398	-0.025466897
				
-0.351328969	-0.015624944	-0.030149333	-0.035644304	-0.015725467
				
-0.356742054	-0.00684521	-0.028360687	-0.029205739	-0.002081864
				
-0.361556411	-0.00110748	-0.028404556	-0.025204848	0.007190906
				
-0.364460289	0.002585005	-0.031005599	-0.023686845	0.012658741
				
-0.361140966	0.005223371	-0.03523263	-0.024178278	0.013341138
				
-0.35956654	0.002482057	-0.042875312	-0.030067116	0.007789548
				
-0.358423829	-0.000635099	-0.04967228	-0.034868184	0.002910933
				
-0.360978395	-0.005061992	-0.055144012	-0.039292268	-0.001284545
				
-0.357565761	-0.007761786	-0.062516816	-0.045472786	-0.008937739
				
-0.355037361	-0.016910663	-0.07460025	-0.058678299	-0.022963477
				
-0.339345396	-0.015025586	-0.081882045	-0.062067114	-0.031504385
				
-0.331820488	-0.017130852	-0.088187672	-0.066521846	-0.041164055
				
-0.328989863	-0.035431422	-0.109857626	-0.090938538	-0.068840563
				
-0.328441888	-0.053192429	-0.129438743	-0.11218451	-0.094950601
				
-0.326847613	-0.063416429	-0.143005461	-0.130638942	-0.12075375
				
-0.327730298	-0.075408287	-0.152380764	-0.142305285	-0.137493908
				
-0.324796319	-0.081745543	-0.156328142	-0.148329854	-0.148668319
				
-0.323225081	-0.086778373	-0.15660581	-0.148815259	-0.153988943
				
-0.323764265	-0.089145802	-0.152803302	-0.1458873	-0.157923102
				
-0.327753723	-0.090458602	-0.150265992	-0.14350459	-0.161675632
				
-0.331945419	-0.092339993	-0.146424055	-0.139586285	-0.162148893
				
-0.333362162	-0.090574794	-0.141479492	-0.133723706	-0.159207299
				
-0.32440713	-0.079919375	-0.130273163	-0.121198878	-0.140430391
				
-0.319995016	-0.075963616	-0.127268448	-0.11376673	-0.126328632
				
-0.316639483	-0.078818306	-0.131007001	-0.113083102	-0.117770284
				
-0.312087446	-0.082810581	-0.136342555	-0.112682104	-0.110846266
				
-0.300649375	-0.083025753	-0.135077849	-0.109743364	-0.106571659
				
-0.283898592	-0.076729745	-0.133716092	-0.109025717	-0.107849047
				
-0.285550147	-0.073744968	-0.133576185	-0.106035352	-0.114835285
				
-0.29000178	-0.068488255	-0.131710172	-0.100606501	-0.122828051
				
-0.294489205	-0.062776111	-0.130454704	-0.093355834	-0.123622879
				
-0.295938522	-0.061023496	-0.132609203	-0.094708614	-0.130262524
				
-0.307837576	-0.052184291	-0.125004351	-0.082547478	-0.120899171
				
-0.28744629	-0.055331126	-0.129045159	-0.098650724	-0.14470987
				
-0.277954489	-0.065580979	-0.141302407	-0.112592742	-0.149614096
				
-0.267330289	-0.071922541	-0.14093262	-0.122509979	-0.162055969
				
-0.248883635	-0.076201439	-0.137064934	-0.125707537	-0.165937319
				
-0.232185036	-0.072009295	-0.126666635	-0.121079192	-0.160041526
				
-0.22892943	-0.079926997	-0.12736699	-0.125247613	-0.167931929
				
-0.21059683	-0.07067278	-0.109753877	-0.107741117	-0.153291315
				
-0.188716054	-0.07442975	-0.106991455	-0.103069693	-0.151747018
				
-0.17434743	-0.088432208	-0.107608825	-0.099321052	-0.152922779
				
-0.184408754	-0.106130198	-0.114238665	-0.103677139	-0.16261977
				
-0.205681175	-0.134561226	-0.132507518	-0.122040004	-0.18219927
				
-0.230673343	-0.156881541	-0.137816921	-0.124490976	-0.182170555
				
-0.280361116	-0.15904516	-0.136711508	-0.120271891	-0.178966314
				
-0.281643033	-0.158641413	-0.12843357	-0.108258694	-0.161403328
				
-0.265266895	-0.140038133	-0.11152041	-0.085879043	-0.135529473
				
-0.277315676	-0.154571205	-0.114235863	-0.087059066	-0.136153683
				
-0.279189199	-0.170215562	-0.118887872	-0.094653457	-0.139506951
				
-0.294121444	-0.20682241	-0.142892569	-0.12020494	-0.164880127
				
-0.303542644	-0.23323141	-0.16357775	-0.142758101	-0.190094858
				
-0.308632731	-0.24405995	-0.173905432	-0.155596152	-0.205453441
				
-0.310212076	-0.251845121	-0.18190667	-0.166190729	-0.218089595
				
-0.308075964	-0.254072368	-0.183170542	-0.170217231	-0.217618272
				
-0.300967693	-0.239609614	-0.168534935	-0.154469594	-0.194504112
				
-0.326745301	-0.260305852	-0.188162804	-0.173999012	-0.215128958
				
-0.336337566	-0.249793395	-0.183207482	-0.167975143	-0.204890415
				
-0.335071743	-0.239507064	-0.184110418	-0.166025564	-0.201888517
				
-0.303688049	-0.213752121	-0.178319231	-0.150749758	-0.1837226
				
-0.273207247	-0.186659127	-0.170120701	-0.132941753	-0.16218096
				
-0.258565456	-0.1789397	-0.174084961	-0.129210755	-0.158069327
				
-0.264021426	-0.190964386	-0.196068764	-0.148586527	-0.178292811
				
-0.270415843	-0.207231641	-0.219597325	-0.179609522	-0.206465542
				
-0.269183248	-0.185218036	-0.211529881	-0.184953645	-0.208920419
				
-0.278874546	-0.157669842	-0.200574636	-0.18363373	-0.205879331
				
-0.287771881	-0.122550547	-0.176282912	-0.163483724	-0.183637425
				
-0.29972285	-0.083386399	-0.14880538	-0.138363361	-0.15416342
				
-0.293201327	-0.040284809	-0.126028121	-0.11449784	-0.137871683
				
-0.299210787	0.001318429	-0.098914377	-0.0837567	-0.10204044
				
-0.308207363	0.027920995	-0.076102555	-0.058572717	-0.072935551
				
-0.320584625	0.032853521	-0.067226514	-0.051859584	-0.058844548
				
-0.327503443	0.024438076	-0.064825043	-0.055471182	-0.060138069
				
-0.33201623	0.012334554	-0.063595258	-0.063845806	-0.069539472
				
-0.331476569	-0.004955998	-0.067684099	-0.076861888	-0.082431883
				
-0.33093518	-0.026404439	-0.070895702	-0.085892186	-0.089650236
				
-0.318104476	-0.040635251	-0.069011614	-0.087904766	-0.096861236
				
-0.300872087	-0.052457403	-0.073100254	-0.098409608	-0.110973217
				
-0.273112178	-0.058628704	-0.074753709	-0.105353937	-0.12908113
				
-0.254074603	-0.061092731	-0.077157989	-0.111541405	-0.144788966
				
-0.22538735	-0.056746289	-0.078216903	-0.114274368	-0.14887695
				
-0.20321089	-0.043295704	-0.06728439	-0.111156672	-0.154088929
				
-0.176891804	-0.037954055	-0.070689514	-0.1144173	-0.149666369
				
-0.15210101	-0.02922792	-0.066446982	-0.112333693	-0.141884178
				
-0.133230999	-0.023797233	-0.065335244	-0.112585984	-0.135948226
				
-0.118671268	-0.012836818	-0.055796225	-0.109520197	-0.128603309
				
-0.111497946	-0.00444068	-0.04553517	-0.10633713	-0.124302149
				
-0.108736977	0.002006076	-0.035559233	-0.104014263	-0.123782709
				
-0.106938943	0.007003836	-0.024342965	-0.100143693	-0.123823002
				
-0.111296512	0.007764041	-0.018276069	-0.095844209	-0.123305336
				
-0.116461396	0.009051561	-0.016362652	-0.094372787	-0.126645938
				
-0.137354672	0.002803601	-0.014854424	-0.09055692	-0.11999245
				
-0.155780807	-0.005709101	-0.032188356	-0.094230764	-0.124839306
				
-0.18912527	-0.018379079	-0.049916878	-0.09839049	-0.125265464
				
-0.222324491	-0.026524886	-0.07417322	-0.108198255	-0.130890846
				
-0.252094567	-0.034920737	-0.088724844	-0.121307999	-0.138631046
				
-0.286813796	-0.044944659	-0.10789974	-0.13598299	-0.147177547
				
-0.318839818	-0.054320049	-0.120797887	-0.136871845	-0.138787404
				
-0.339112461	-0.048389252	-0.116509385	-0.117403746	-0.106793888
				
-0.349090248	-0.044643275	-0.113979556	-0.100264698	-0.078159563
				
-0.348964006	-0.045445383	-0.10596966	-0.086542457	-0.040063955
				
-0.337438136	-0.010056373	-0.094631657	-0.077995196	-0.02595686
				
-0.31867072	-0.001187276	-0.097411007	-0.085269772	-0.035460535
				
-0.304413825	-0.016674746	-0.116606548	-0.10695795	-0.058349393
				
-0.294605792	-0.0341268	-0.126906425	-0.121717125	-0.086209208
				
-0.286506057	-0.051384084	-0.137739778	-0.133531034	-0.113021955
				
-0.268062949	-0.065587051	-0.141491801	-0.1385739	-0.132444441
				
-0.224897206	-0.065710634	-0.125179738	-0.121515289	-0.126600385
				
-0.17938143	-0.063891716	-0.108615905	-0.102301545	-0.118963122
				
-0.164873242	-0.06520132	-0.100372843	-0.093587905	-0.122298628
				
-0.106955014	-0.075215966	-0.083449796	-0.077234283	-0.139790535
				
-0.140882954	-0.112528384	-0.112752214	-0.101048917	-0.15776673
				
-0.165577486	-0.141996339	-0.130903006	-0.117945477	-0.174048662
				
-0.193107784	-0.171981648	-0.146474063	-0.130206019	-0.182106599
				
-0.223070428	-0.194812194	-0.165712535	-0.151560366	-0.20353286
				
-0.253794849	-0.204965621	-0.178601176	-0.162974477	-0.212629676
				
-0.279335231	-0.220476463	-0.193734959	-0.176418304	-0.223059118
				
-0.296053648	-0.224430859	-0.199309319	-0.177084669	-0.21980837
				
-0.30027169	-0.233597234	-0.210218996	-0.184923872	-0.223143756
				
-0.304693401	-0.241862163	-0.220692381	-0.190965995	-0.223980337
				
-0.314822793	-0.23782967	-0.224123403	-0.18785879	-0.224197298
				
-0.313761055	-0.22699523	-0.221293584	-0.184538767	-0.223633915
				
-0.297023028	-0.213366225	-0.211977109	-0.174371213	-0.214346617
				
-0.281138271	-0.212225825	-0.209054753	-0.169674098	-0.208254009
				
-0.27679494	-0.205724552	-0.19971621	-0.155058622	-0.194675326
				
-0.262435019	-0.189193085	-0.187444031	-0.146382198	-0.188476399
				
-0.253275633	-0.17686747	-0.176651448	-0.13435939	-0.179082781
				
-0.252131581	-0.151098996	-0.166696727	-0.135669887	-0.181775674
				
-0.265886158	-0.127269775	-0.158192292	-0.133033961	-0.182093367
				
-0.285087049	-0.101614945	-0.15138711	-0.140324831	-0.188205481
				
-0.298736483	-0.081680954	-0.144322738	-0.142283142	-0.186032131
				
-0.313738525	-0.057159215	-0.131842196	-0.138610169	-0.175787419
				
-0.323589295	-0.039933935	-0.127505451	-0.140517816	-0.168627471
				
-0.307858914	-0.035597656	-0.129188433	-0.150976315	-0.16369918
				
-0.300187796	-0.03838947	-0.131886125	-0.152318448	-0.153775468
				
-0.294662774	-0.050696958	-0.142382815	-0.163504779	-0.153393507
				
-0.294617712	-0.049801491	-0.144906223	-0.16214633	-0.14544636
				
-0.293162972	-0.054934785	-0.152702183	-0.16347079	-0.142400771
				
-0.292210251	-0.056262985	-0.150740385	-0.149659127	-0.121347234
				
-0.296438575	-0.052102003	-0.144366175	-0.132950097	-0.103157774
				
-0.30484271	-0.038787138	-0.131622165	-0.113851219	-0.093492597
				
-0.306725085	-0.033522833	-0.125353739	-0.101993009	-0.086904258
				
-0.300667882	-0.037013665	-0.122083381	-0.092048459	-0.082534485
				
-0.298233926	-0.044802994	-0.118737414	-0.080519795	-0.075698063
				
-0.298607528	-0.048054677	-0.111537322	-0.067090645	-0.067811549
				
-0.299550712	-0.050628971	-0.104439571	-0.056891531	-0.067508049
				
-0.302099645	-0.054490063	-0.103060894	-0.056709498	-0.075964414
				
-0.311064273	-0.055871114	-0.103034407	-0.062099513	-0.088880695
				
-0.322812915	-0.057704151	-0.105553031	-0.070431449	-0.103126407
				
-0.331438243	-0.06000644	-0.105169661	-0.081328891	-0.102525406
				
-0.338754684	-0.065547064	-0.112527944	-0.09420675	-0.09738078
				
-0.343582273	-0.065017752	-0.11466375	-0.101950474	-0.087889619
				
-0.347296268	-0.058290072	-0.110951006	-0.10492719	-0.077914029
				
-0.348729521	-0.047464713	-0.104100123	-0.106280282	-0.070255235
				
-0.353382468	-0.017364331	-0.086970642	-0.094030261	-0.064750761
				
-0.35680446	-0.018999457	-0.08509054	-0.089372538	-0.068795204
				
-0.360427558	-0.017641328	-0.081766315	-0.078524671	-0.064652085
				
-0.360523522	-0.010512501	-0.077350095	-0.066161416	-0.055739552
				
-0.359597385	-0.002614364	-0.068997361	-0.050275199	-0.045578875
				
-0.361596733	0.003270485	-0.064203709	-0.040775403	-0.041873649
				
-0.363987446	0.003905714	-0.06584011	-0.038140304	-0.044123262
				
-0.370870203	0.015842311	-0.057870634	-0.027321763	-0.036548503
				
-0.368904769	0.030542199	-0.053318612	-0.022647992	-0.020927966
				
-0.365893096	0.037572607	-0.056454889	-0.024631619	-0.010774039
				
-0.361335814	0.03378072	-0.06870959	-0.034596138	-0.013481364
				
-0.357242614	0.035425372	-0.089152478	-0.068437614	-0.038052775
				
-0.343519807	0.043792687	-0.098022185	-0.083547585	-0.050220385
				
-0.327031583	0.05140204	-0.103634514	-0.092496693	-0.059524402
				
-0.310763896	0.054758288	-0.107257873	-0.100293085	-0.067719489
				
-0.297353685	0.052292947	-0.113607816	-0.110579923	-0.076668479
				
-0.285215825	0.043033767	-0.122325383	-0.125898272	-0.091509491
				
-0.287583649	0.039745141	-0.116084628	-0.116477348	-0.067417704
				
-0.287109375	0.039755121	-0.114957064	-0.111538358	-0.057038561
				
-0.286401629	0.039349288	-0.114630312	-0.105907209	-0.051814683
				
-0.286402613	0.038919087	-0.112729408	-0.097496897	-0.044996396
				
-0.287492156	0.03718587	-0.109996378	-0.087460861	-0.038381413
				
-0.284955531	0.03051741	-0.111104079	-0.085743457	-0.039162934
				
-0.276590824	0.02077049	-0.114411265	-0.091858409	-0.047673687
				
-0.282799751	0.016784482	-0.106217571	-0.082347684	-0.04901205
				
-0.285620391	0.004088104	-0.107845068	-0.079777911	-0.059605949
				
-0.287494034	-0.010473341	-0.10865967	-0.076690115	-0.065535598
				
-0.282801032	-0.01803869	-0.102568813	-0.07167583	-0.059176162
				
-0.272876263	-0.026048154	-0.103299685	-0.077030018	-0.066890061
				
-0.269533992	-0.034048095	-0.114089906	-0.090662569	-0.082610257
				
-0.269922376	-0.041786924	-0.121874563	-0.101474203	-0.091117375
				
-0.27355966	-0.053399228	-0.135227352	-0.115992106	-0.108696215
				
-0.272980869	-0.069314212	-0.166356444	-0.148927659	-0.137674674
				
-0.279888779	-0.092348799	-0.183634102	-0.164441466	-0.151858479
				
-0.291113883	-0.117119268	-0.196466863	-0.175437212	-0.160321891
				
-0.303801775	-0.146414667	-0.210807443	-0.186826706	-0.168798894
				
-0.317291856	-0.168741465	-0.215674385	-0.187593743	-0.167290524
				
-0.326808363	-0.187526882	-0.219050765	-0.186709583	-0.165373176
				
-0.303809941	-0.190166414	-0.22008881	-0.188498855	-0.164419889
				
-0.280946791	-0.17946741	-0.21326068	-0.181289449	-0.155811325
				
-0.265947282	-0.178378642	-0.197777525	-0.161801621	-0.138833731
				
-0.253880441	-0.169540867	-0.179045111	-0.139676601	-0.12016999
				
-0.250050724	-0.158893228	-0.166474149	-0.126568556	-0.112902693
				
-0.229448646	-0.130672097	-0.159393907	-0.120896667	-0.111103334
				
-0.218633562	-0.109994486	-0.15887773	-0.120741427	-0.117015332
				
-0.212561548	-0.087505467	-0.155555576	-0.118526012	-0.12072891
				
-0.212081879	-0.066780277	-0.148747057	-0.111465909	-0.11638581
				
-0.213041186	-0.04570923	-0.138575256	-0.100695245	-0.108042888
				
-0.218887985	-0.027074553	-0.128584325	-0.089111738	-0.096824177
				
-0.227734268	-0.009365581	-0.119014852	-0.077765346	-0.085868053
				
-0.236011595	0.002983063	-0.11258053	-0.069712624	-0.079461463
				
-0.240606204	0.00563056	-0.11158587	-0.069021218	-0.079505056
				
-0.239019603	0.00260897	-0.114951998	-0.074812509	-0.086804211
				
-0.234696507	-0.000804029	-0.119496554	-0.082124777	-0.09537036
				
-0.229439527	-0.00792063	-0.126433745	-0.091174439	-0.104935519
				
-0.228278458	-0.020477585	-0.135829777	-0.102968089	-0.114531472
				
-0.229674697	-0.037516981	-0.145994753	-0.116570905	-0.122828983
				
-0.251802981	-0.066484146	-0.152834207	-0.126528651	-0.134057298
				
-0.262579203	-0.087357692	-0.159090251	-0.136132896	-0.143593535
				
-0.275391519	-0.106600814	-0.163495183	-0.142673612	-0.14785178
				
-0.285318136	-0.120425098	-0.165508524	-0.145743549	-0.144747078
				
-0.297453046	-0.130924881	-0.172597423	-0.152931184	-0.151045084
				
-0.305374384	-0.139643699	-0.180127025	-0.159193829	-0.154253468
				
-0.308623493	-0.144967049	-0.189254165	-0.165114656	-0.156281263
				
-0.318857223	-0.152826563	-0.200607389	-0.175038546	-0.162881106
				
-0.328517824	-0.161091447	-0.212238014	-0.187442869	-0.174647957
				
-0.33671993	-0.169381425	-0.222341716	-0.199222326	-0.186951324
				
-0.339086354	-0.16863431	-0.225945577	-0.205252975	-0.194819227
				
-0.337169409	-0.162535474	-0.22769919	-0.208056837	-0.200511336
				
-0.334988475	-0.152763888	-0.225046813	-0.205072075	-0.200793758
				
-0.313451439	-0.154372528	-0.222786874	-0.206693396	-0.199666351
				
-0.297430098	-0.142561674	-0.213161677	-0.195718825	-0.187020153
				
-0.281985223	-0.124789461	-0.201717824	-0.184577465	-0.17681779
				
-0.264819592	-0.097531006	-0.184933454	-0.164382905	-0.159292787
				
-0.260483146	-0.066758208	-0.161697716	-0.138101667	-0.140497252
				
-0.248953968	-0.054866262	-0.153342322	-0.129135787	-0.132123187
				
-0.235328749	-0.042739995	-0.147334963	-0.121941864	-0.12241523
				
-0.221988112	-0.035554372	-0.145087719	-0.121118478	-0.120139487
				
-0.220210105	-0.042664476	-0.148983777	-0.127103984	-0.123141982
				
-0.224900067	-0.03961587	-0.142616168	-0.121255063	-0.11418879
				
-0.226448596	-0.032536916	-0.133937448	-0.110038981	-0.101437427
				
-0.21968621	-0.030893289	-0.129953817	-0.105405502	-0.097366534
				
-0.215974063	-0.038763344	-0.128955066	-0.104004726	-0.096344806
				
-0.209342748	-0.044572033	-0.128794447	-0.101882018	-0.093958147
				
-0.202551544	-0.049313918	-0.130138636	-0.10222552	-0.093808345
				
-0.196048647	-0.059994288	-0.137481242	-0.110711686	-0.097621404
				
-0.189917743	-0.078417465	-0.136652127	-0.110873878	-0.097647004
				
-0.187213153	-0.098510928	-0.143042356	-0.117114253	-0.103874005
				
-0.189368397	-0.123856738	-0.156398535	-0.129073292	-0.11238604
				
-0.200114802	-0.150832862	-0.170792565	-0.143830806	-0.12137752
				
-0.208706886	-0.180052549	-0.186581299	-0.160863206	-0.132928699
				
-0.218438327	-0.203698367	-0.201812595	-0.178008437	-0.145317405
				
-0.228673577	-0.221397668	-0.214789331	-0.192284614	-0.15425314
				
-0.239030108	-0.234714016	-0.2246162	-0.203440547	-0.160676509
				
-0.250962198	-0.244258404	-0.232049257	-0.212099314	-0.167510092
				
-0.260370225	-0.247059345	-0.235322192	-0.21681568	-0.172608525
				
-0.263644189	-0.246426702	-0.236082613	-0.219729215	-0.177520037
				
-0.264954358	-0.24083294	-0.231802538	-0.216135964	-0.177215308
				
-0.266573012	-0.229790449	-0.221163705	-0.203036696	-0.169721186
				
-0.269725621	-0.209844068	-0.199309975	-0.17658025	-0.148432791
				
-0.254097581	-0.167185962	-0.170018613	-0.138258934	-0.120079838
				
-0.243502617	-0.129506886	-0.144692302	-0.104074404	-0.096595816
				
-0.232135698	-0.10559544	-0.127710015	-0.081290804	-0.08090876
				
-0.222407445	-0.093802519	-0.119615406	-0.067850038	-0.071929649
				
-0.2111426	-0.084921911	-0.114822209	-0.059852093	-0.066551164
				
-0.200846612	-0.082957737	-0.115224004	-0.058843009	-0.064608775
				
-0.186794072	-0.083704948	-0.11920543	-0.064156845	-0.067517236
				
-0.17561087	-0.088445015	-0.127456933	-0.076282471	-0.076190829
				
-0.16928044	-0.097204946	-0.138509154	-0.091716282	-0.087126575
				
-0.163829178	-0.107948206	-0.148694992	-0.105837926	-0.097436674
				
-0.165162325	-0.115388177	-0.156662911	-0.116363518	-0.10589879
				
-0.175295606	-0.124577448	-0.163691372	-0.128054842	-0.114474952
				
-0.191924274	-0.136626184	-0.174949929	-0.144836098	-0.126812488
				
-0.20402196	-0.142801389	-0.180949017	-0.156238317	-0.135694101
				
-0.222466365	-0.162863076	-0.187140375	-0.167029142	-0.141831964
				
-0.234386623	-0.175810546	-0.190813452	-0.173417076	-0.146823674
				
-0.241360262	-0.187858328	-0.196877018	-0.186707377	-0.156699106
				
-0.24697192	-0.199004441	-0.205418095	-0.199328616	-0.169830188
				
-0.25245285	-0.209022611	-0.215442047	-0.212525904	-0.181894362
				
-0.256344825	-0.21389173	-0.222901821	-0.220943302	-0.190737709
				
-0.258414328	-0.218181387	-0.230822027	-0.229336485	-0.20048368
				
-0.258671284	-0.218623891	-0.232996851	-0.231537908	-0.207405388
				
-0.258685559	-0.221360356	-0.237093866	-0.236804932	-0.219257653
				
-0.260836542	-0.223098814	-0.234605819	-0.233609572	-0.220735461
				
-0.263229221	-0.226228207	-0.229961902	-0.224877685	-0.21107465
				
-0.261326939	-0.221785054	-0.218327105	-0.206760988	-0.191808686
				
-0.264404833	-0.213551819	-0.203359604	-0.1850456	-0.169571191
				
-0.270588815	-0.200895339	-0.185224026	-0.158282071	-0.142751753
				
-0.276336074	-0.183243185	-0.167348087	-0.131361648	-0.117421493
				
-0.283063114	-0.170026645	-0.154553413	-0.113265097	-0.101753615
				
-0.289381504	-0.162426442	-0.148599744	-0.105568022	-0.095560275
				
-0.292514741	-0.160782918	-0.148837924	-0.105078727	-0.09196119
				
-0.251626134	-0.153683946	-0.152164966	-0.10919401	-0.092704497
				
-0.230868429	-0.14994736	-0.146267727	-0.102983341	-0.084803969
				
-0.215371162	-0.148999393	-0.144905627	-0.102169596	-0.078740239
				
-0.207344085	-0.152493149	-0.149761975	-0.109940626	-0.080534182
				
-0.204679042	-0.161082029	-0.159688815	-0.123301513	-0.089798436
				
-0.206209347	-0.175683156	-0.176850483	-0.146496415	-0.107132904
				
-0.211243287	-0.192987025	-0.193460554	-0.167445213	-0.123555578
				
-0.219837949	-0.213022113	-0.208769828	-0.187237218	-0.141331464
				
-0.231039703	-0.229193553	-0.219839543	-0.200068787	-0.153494358
				
-0.247398943	-0.239847213	-0.225418448	-0.205353618	-0.158556312
				
-0.262750864	-0.246454388	-0.227566779	-0.207830906	-0.162228018
				
-0.278814018	-0.248815477	-0.226472944	-0.206862658	-0.162147969
				
-0.288564205	-0.24760887	-0.223777145	-0.205342948	-0.162424862
				
-0.295939326	-0.249822915	-0.225558132	-0.209042698	-0.167738229
				
-0.30030781	-0.248681918	-0.2257054	-0.210462183	-0.172029689
				
-0.302260369	-0.242397293	-0.221566781	-0.206512526	-0.171790034
				
-0.262435973	-0.220063925	-0.210907325	-0.195677996	-0.164260909
				
-0.250506431	-0.191959083	-0.198812515	-0.181429058	-0.15847519
				
-0.242861062	-0.173995659	-0.19058615	-0.168329433	-0.15351209
				
-0.238615185	-0.155566543	-0.178818151	-0.149877638	-0.148111999
				
-0.242260098	-0.139877439	-0.165748179	-0.130031005	-0.138100564
				
-0.246566728	-0.123643979	-0.149996489	-0.108484454	-0.126642972
				
-0.243637741	-0.119963855	-0.145388573	-0.098840483	-0.123058528
				
-0.226705894	-0.122296952	-0.148325399	-0.100888073	-0.132726848
				
-0.208199501	-0.118478954	-0.1496301	-0.103026085	-0.140521884
				
-0.196759999	-0.111214079	-0.149849892	-0.106408559	-0.149473056
				
-0.185168087	-0.107860051	-0.152422488	-0.110798955	-0.158871859
				
-0.171186626	-0.110421501	-0.163182482	-0.124389447	-0.172466695
				
-0.161955416	-0.108247183	-0.169143841	-0.133398443	-0.179849431
				
-0.163689181	-0.099198967	-0.165272638	-0.129027575	-0.171469569
				
-0.170348406	-0.087693684	-0.14675571	-0.111180469	-0.150426447
				
-0.164431959	-0.075331509	-0.131439656	-0.10062547	-0.133989394
				
-0.167964116	-0.064535752	-0.120702878	-0.096757546	-0.121442452
				
-0.175512671	-0.057467476	-0.116767243	-0.099033363	-0.113431796
				
-0.180655196	-0.049302157	-0.112837315	-0.099617891	-0.10261035
				
-0.188290715	-0.041056708	-0.109979443	-0.098650366	-0.092182875
				
-0.201005235	-0.041901719	-0.110388741	-0.100317717	-0.088119492
				
-0.20749405	-0.048119701	-0.119915754	-0.11093609	-0.095595926
				
-0.229781136	-0.062047929	-0.1345011	-0.126199409	-0.10970898
				
-0.254920006	-0.086036377	-0.142102584	-0.130103156	-0.110305831
				
-0.236463696	-0.095735051	-0.153335333	-0.140391514	-0.110398501
				
-0.240831345	-0.092884213	-0.147863299	-0.138297707	-0.106392279
				
-0.25909549	-0.104218096	-0.154362917	-0.147233322	-0.109638847
				
-0.293833971	-0.135522708	-0.170759469	-0.16423662	-0.11753197
				
-0.326507837	-0.157931805	-0.181244031	-0.169660419	-0.114909157
				
-0.348707974	-0.183054954	-0.196986645	-0.178292975	-0.11723236
				
-0.360604674	-0.197614968	-0.204038009	-0.179155841	-0.114795059
				
-0.362410158	-0.18982999	-0.199316323	-0.172655329	-0.10315685
				
-0.365754485	-0.16199179	-0.177719295	-0.152610287	-0.079357721
				
-0.364554465	-0.144051924	-0.158952504	-0.136152595	-0.062841266
				
-0.359464288	-0.136520326	-0.145506889	-0.123814173	-0.052338816
				
-0.351244658	-0.132485226	-0.136079803	-0.115651198	-0.044562027
				
-0.342672408	-0.133861989	-0.130301654	-0.1093833	-0.037248291
				
-0.335962951	-0.134196192	-0.126050577	-0.105303362	-0.027199239
				
-0.331183463	-0.134520441	-0.123677403	-0.102651604	-0.020049416
				
-0.328671664	-0.134205237	-0.121432699	-0.100481056	-0.015569434
				
-0.327840626	-0.131283268	-0.114804871	-0.096173584	-0.009741746
				
-0.326056659	-0.125644684	-0.10464488	-0.088285841	-0.00366158
				
-0.322927147	-0.119421691	-0.09953358	-0.084097177	-0.002260759
				
-0.318723559	-0.11475376	-0.102806881	-0.088160172	-0.008424424
				
-0.311463386	-0.110646151	-0.113643318	-0.09594018	-0.02207242
				
-0.304363608	-0.114580937	-0.127453476	-0.110356711	-0.041909434
				
-0.30195877	-0.124956056	-0.143436551	-0.127086118	-0.059268594
				
-0.302209973	-0.137844905	-0.157406271	-0.142237902	-0.076984882
				
-0.291764081	-0.156852141	-0.169263691	-0.156727403	-0.092514701
				
-0.29109171	-0.165835992	-0.175093353	-0.165441453	-0.099283591
				
-0.293503135	-0.174181059	-0.177476466	-0.17022121	-0.105139039
				
-0.301550508	-0.190305158	-0.188833863	-0.180115521	-0.11817266
				
-0.315431505	-0.212054282	-0.205303669	-0.193789318	-0.134082079
				
-0.299813449	-0.221976131	-0.212266728	-0.192735612	-0.128592908
				
-0.292573541	-0.236819342	-0.227191031	-0.207031548	-0.143228382
				
-0.292600632	-0.244853854	-0.237023771	-0.21626775	-0.153410062
				
-0.29818508	-0.249018252	-0.243013173	-0.220931619	-0.159933835
				
-0.30590263	-0.250777721	-0.246716201	-0.223775625	-0.164555281
				
-0.318502635	-0.265809059	-0.258274317	-0.236259565	-0.182268277
				
-0.320081145	-0.258123577	-0.24718681	-0.228053093	-0.176055089
				
-0.317058146	-0.223108098	-0.224340796	-0.209288761	-0.155580312
				
-0.3218382	-0.207453221	-0.209836766	-0.192424908	-0.142441243
				
-0.308435559	-0.175608009	-0.182401299	-0.165294111	-0.113956869
				
-0.310940206	-0.139821678	-0.15388906	-0.129108995	-0.080037475
				
-0.291766763	-0.111852214	-0.133517265	-0.102485895	-0.060303695
				
-0.274146408	-0.085393667	-0.119323112	-0.083841227	-0.04828307
				
-0.251204848	-0.063408688	-0.120619759	-0.07930705	-0.046413817
				
-0.248566493	-0.067467764	-0.131072104	-0.083305016	-0.057146527
				
-0.251238644	-0.073810019	-0.1513713	-0.100195505	-0.07700792
				
-0.255612522	-0.080067582	-0.170850873	-0.120704934	-0.103919186
				
-0.256283402	-0.072038762	-0.179593891	-0.131792918	-0.119215429
				
-0.254180282	-0.056945741	-0.176986784	-0.133161783	-0.129850835
				
-0.254111707	-0.040607885	-0.1674577	-0.124042206	-0.12290325
				
-0.256716311	-0.028407194	-0.156460837	-0.113680303	-0.112858698
				
-0.258671075	-0.02562204	-0.143957853	-0.118237779	-0.124866255
				
-0.254053921	-0.026889555	-0.134590447	-0.120706148	-0.134097397
				
-0.251564205	-0.026156962	-0.124722913	-0.120260894	-0.139288202
				
-0.248991519	-0.024192527	-0.115048729	-0.116940245	-0.1427726
				
-0.248610318	-0.022646882	-0.106454454	-0.111625113	-0.144081175
				
-0.249537885	-0.022346601	-0.100971125	-0.107260987	-0.144298956
				
-0.250222266	-0.029557757	-0.101803504	-0.107064664	-0.147753716
				
-0.24790737	-0.036098279	-0.101793535	-0.104554161	-0.147432357
				
-0.24150753	-0.043358214	-0.103362247	-0.103301957	-0.146941751
				
-0.233634979	-0.046765439	-0.103564054	-0.100813985	-0.143957451
				
-0.224148095	-0.050042488	-0.105216518	-0.099723309	-0.142118081
				
-0.214098975	-0.044618294	-0.101505473	-0.094716936	-0.135686755
				
-0.204937965	-0.038967848	-0.099639013	-0.092088848	-0.132722795
				
-0.204465091	-0.042063951	-0.103833705	-0.096694544	-0.137435704
				
-0.221693829	-0.047380671	-0.110629886	-0.103473872	-0.145146802
				
-0.237137571	-0.047277257	-0.116333328	-0.111641362	-0.151525766
				
-0.235735118	-0.044888668	-0.11602553	-0.112744719	-0.151828989
				
-0.237866133	-0.04609748	-0.117592633	-0.116293527	-0.154036462
				
-0.234570771	-0.032918923	-0.120019652	-0.101988338	-0.123667546
				
-0.232812911	-0.028767422	-0.126609713	-0.098503694	-0.117331013
				
-0.225625306	-0.008595578	-0.122007258	-0.084410258	-0.101476111
				
-0.217307627	-0.002740182	-0.128336281	-0.085163236	-0.10188289
				
-0.226646513	0.000271462	-0.129708335	-0.085145801	-0.096094146
				
-0.249394625	-0.017338082	-0.132437319	-0.094154045	-0.095524058
				
-0.27458027	-0.038374193	-0.136256352	-0.106811993	-0.103794895
				
-0.292052478	-0.059445836	-0.150134012	-0.128401428	-0.127642483
				
-0.286885291	-0.084246419	-0.169724241	-0.150169045	-0.142380178
				
-0.291079223	-0.099653684	-0.175891787	-0.16089955	-0.15326038
				
-0.30614683	-0.114067309	-0.184936404	-0.173330113	-0.163886547
				
-0.303777754	-0.13937816	-0.201762587	-0.189629212	-0.171077475
				
-0.308786154	-0.163912147	-0.213339746	-0.200497001	-0.169723108
				
-0.31006369	-0.18841511	-0.219793022	-0.206321493	-0.167433321
				
-0.30725795	-0.195677817	-0.216285437	-0.198878199	-0.157121539
				
-0.306044459	-0.188704535	-0.212336674	-0.192295134	-0.147332951
				
-0.303898096	-0.175076589	-0.206515282	-0.185093373	-0.137412101
				
-0.303215295	-0.161003411	-0.201969177	-0.179384813	-0.129870281
				
-0.303127766	-0.149001181	-0.197228849	-0.174051866	-0.123869196
				
-0.301561475	-0.139083326	-0.194045156	-0.171153843	-0.121269792
				
-0.30220297	-0.130380869	-0.191632807	-0.16987586	-0.121085852
				
-0.30472672	-0.123309694	-0.188663572	-0.168083221	-0.122166201
				
-0.304306746	-0.117499255	-0.185037404	-0.165867209	-0.123290382
				
-0.302251995	-0.113024771	-0.183202907	-0.165846422	-0.126226515
				
-0.301152021	-0.108967133	-0.180531576	-0.164760083	-0.128121108
				
-0.297422647	-0.10285598	-0.173258543	-0.158999026	-0.126968846
				
-0.295270205	-0.097107537	-0.165469259	-0.153022617	-0.124680601
				
-0.296162218	-0.091566779	-0.157309979	-0.145957559	-0.121357672
				
-0.278564215	-0.080243021	-0.153834671	-0.145705178	-0.120180286
				
-0.27365607	-0.081537507	-0.158619821	-0.150898248	-0.12143191
				
-0.267545044	-0.092727914	-0.166272789	-0.158511654	-0.12678203
				
-0.260104895	-0.102240831	-0.163965195	-0.154455543	-0.133509934
				
-0.259904444	-0.109764703	-0.164761141	-0.153569669	-0.138752013
				
-0.261132389	-0.112591669	-0.163319319	-0.149896115	-0.139307797
				
-0.257665396	-0.111757919	-0.159527943	-0.144883692	-0.135131389
				
-0.25907281	-0.105122097	-0.151436508	-0.135080725	-0.127188534
				
-0.259990215	-0.09545958	-0.139060318	-0.123361498	-0.113952219
				
-0.269092679	-0.085226975	-0.125886083	-0.111942776	-0.098517962
				
-0.270227045	-0.07165207	-0.121418074	-0.105467841	-0.084977992
				
-0.269361168	-0.068812571	-0.130009264	-0.10905914	-0.088592395
				
-0.263895303	-0.068439998	-0.139362603	-0.114980653	-0.095536731
				
-0.263612449	-0.070369259	-0.132162243	-0.110377766	-0.092245795
				
-0.266815484	-0.07023254	-0.124032438	-0.106505968	-0.092003033
				
-0.277126253	-0.067858644	-0.11474248	-0.099779159	-0.085647509
				
-0.275348336	-0.058018263	-0.11716415	-0.096493833	-0.078783296
				
-0.283800036	-0.060066827	-0.110534847	-0.089017712	-0.071268484
				
-0.285080075	-0.056511678	-0.100607276	-0.080700599	-0.060947552
				
-0.286409616	-0.052841302	-0.094339997	-0.076037839	-0.056245778
				
-0.287075162	-0.047811806	-0.085366964	-0.070358567	-0.0493595
				
-0.288835734	-0.041535873	-0.075289384	-0.06314674	-0.040041551
				
-0.293371975	-0.034447234	-0.064488366	-0.054804169	-0.026205674
				
-0.2997967	-0.027756717	-0.060354982	-0.048390422	-0.017196205
				
-0.306724489	-0.035553925	-0.072029784	-0.053625304	-0.030191004
				
-0.309765011	-0.051958755	-0.090209998	-0.069001772	-0.051199377
				
-0.307828337	-0.064637132	-0.10309118	-0.08313641	-0.066283673
				
-0.309884995	-0.064317718	-0.103637978	-0.081370026	-0.064993992
				
-0.316878051	-0.067241967	-0.107492514	-0.084136739	-0.071294323
				
-0.319483876	-0.062500089	-0.10816206	-0.083527073	-0.070330054
				
-0.323583066	-0.061903194	-0.113710955	-0.085076243	-0.069821641
				
-0.317134887	-0.044132087	-0.116732687	-0.088176668	-0.074446015
				
-0.309092045	-0.024115015	-0.113873631	-0.092330888	-0.085612625
				
-0.308105797	-0.025685113	-0.134282202	-0.114258856	-0.108736932
				
-0.291663349	-0.018339997	-0.138408273	-0.125584766	-0.12505357
				
-0.271999478	-0.018243907	-0.154285938	-0.148010463	-0.14669162
				
-0.249075517	-0.022763034	-0.163107008	-0.164583281	-0.163619235
				
-0.226912066	-0.039688688	-0.176369488	-0.186614051	-0.184734195
				
-0.218037874	-0.06434384	-0.187104911	-0.200547874	-0.197354287
				
-0.218241066	-0.090634957	-0.205641463	-0.225213453	-0.221648425
				
-0.221561313	-0.111661166	-0.213368773	-0.238749966	-0.236985505
				
-0.229030252	-0.121529855	-0.210345238	-0.239080951	-0.239857003
				
-0.237739682	-0.126025066	-0.205463156	-0.236024126	-0.239527777
				
-0.247030482	-0.130092755	-0.201572597	-0.233112931	-0.240288079
				
-0.250959456	-0.133581996	-0.199193716	-0.230711833	-0.240959466
				
-0.24985382	-0.128909484	-0.188302428	-0.21910277	-0.229915395
				
-0.245394856	-0.125962123	-0.184357077	-0.211868167	-0.218479827
				
-0.235052451	-0.120288037	-0.18394132	-0.210122541	-0.214194924
				
-0.230117872	-0.096394107	-0.16465421	-0.185873866	-0.187112063
				
-0.235717535	-0.074687839	-0.154798716	-0.17046687	-0.174012765
				
-0.257833093	-0.064437717	-0.153552458	-0.160703421	-0.163186595
				
-0.267967492	-0.035044543	-0.129081517	-0.128434077	-0.127118409
				
-0.281214148	-0.003879987	-0.101749673	-0.092976093	-0.088734418
				
-0.295870155	-0.002922278	-0.099922568	-0.082724199	-0.080841333
				
-0.310186267	0.004396673	-0.086708359	-0.062690116	-0.062191933
				
-0.325931311	0.000213459	-0.082277089	-0.054879807	-0.061229158
				
-0.333168745	-0.008001372	-0.07881856	-0.049321882	-0.055890568
				
-0.334875405	-0.036046438	-0.09951362	-0.07666178	-0.091888219
				
-0.323618203	-0.047378987	-0.103312522	-0.082678303	-0.096512705
				
-0.311718553	-0.058174957	-0.108208641	-0.087701157	-0.102949023
				
-0.29943803	-0.061919838	-0.107090823	-0.086766377	-0.099723414
				
-0.248968154	-0.068551078	-0.126800418	-0.10336002	-0.106785864
				
-0.228075296	-0.07084012	-0.11259985	-0.092153504	-0.095348723
				
-0.178366154	-0.067624658	-0.122584336	-0.110208645	-0.120701969
				
-0.184984222	-0.093221165	-0.131051049	-0.114364862	-0.120270446
				
-0.182042018	-0.113297477	-0.14642033	-0.13229391	-0.129665881
				
-0.193386421	-0.140828222	-0.164538324	-0.152364329	-0.142441779
				
-0.217708632	-0.166428819	-0.178670362	-0.165879592	-0.148489118
				
-0.235900939	-0.17802389	-0.192755789	-0.180196196	-0.158003047
				
-0.24421826	-0.186148301	-0.203926504	-0.191135645	-0.16854158
				
-0.247680709	-0.195061445	-0.213114887	-0.201281458	-0.182762757
				
-0.246932566	-0.187879264	-0.208351165	-0.197443679	-0.1876335
				
-0.242585376	-0.176502258	-0.20676592	-0.195776239	-0.186091781
				
-0.238415852	-0.168926761	-0.209836081	-0.198664591	-0.190984368
				
-0.230264783	-0.166205481	-0.198058903	-0.188132286	-0.179147124
				
-0.239830583	-0.15122214	-0.190220475	-0.18252179	-0.171385199
				
-0.248140529	-0.121222928	-0.175654069	-0.170695186	-0.162741452
				
-0.266058266	-0.081290141	-0.155281991	-0.150608063	-0.145160705
				
-0.285279959	-0.040247608	-0.125330478	-0.117834106	-0.113447338
				
-0.303897649	-0.030779988	-0.107677072	-0.093937986	-0.087096453
				
-0.320839733	-0.037998762	-0.106624223	-0.088361204	-0.078653283
				
-0.336170644	-0.045196217	-0.101924151	-0.079664513	-0.070110403
				
-0.352756023	-0.064962342	-0.104545295	-0.075578585	-0.062112555
				
-0.351857126	-0.065712601	-0.109505333	-0.080006376	-0.06268727
				
-0.319399357	-0.026653498	-0.093659222	-0.071651489	-0.0521801
				
-0.303738803	-0.023929119	-0.111235633	-0.091244936	-0.069390342
				
-0.284442544	-0.017963517	-0.127273232	-0.112423301	-0.091221422
				
-0.278687775	-0.023033952	-0.138520151	-0.130052581	-0.108539298
				
-0.269021064	-0.03001399	-0.155954301	-0.153290153	-0.137881339
				
-0.243221968	-0.038991779	-0.164404541	-0.165851757	-0.15048945
				
-0.23636058	-0.049851917	-0.163981646	-0.171234995	-0.15622285
