-0.085058279	-0.036199182	0.009380594	0.202823669	0.136391625
				
-0.502091408	-0.770729303	-0.891720295	-0.641592383	-0.67200762
				
-0.441243947	-0.287635118	-0.080412775	-0.07746584	-0.008959673
				
-0.414842933	-0.104947835	0.095326707	0.270168245	0.019353118
				
-0.371190488	0.060884677	0.129410028	0.299111277	0.076481089
				
-0.348416924	-0.110200346	0.034522533	0.151572198	0.095205456
				
-0.319771618	-0.17288132	0.003861044	0.104439959	0.10441345
				
-0.309839457	-0.291506648	-0.020135753	0.087904796	0.128803924
				
-0.300590545	-0.375747591	-0.037657917	0.085758045	0.14828293
				
-0.278452605	-0.376724958	-0.052673593	0.089173958	0.169932365
				
-0.270561457	-0.356944919	-0.046443254	0.095833726	0.192894787
				
-0.282389879	-0.398605049	-0.052162971	0.084847763	0.191829696
				
-0.274484336	-0.382168293	-0.05161969	0.080518223	0.184741199
				
-0.275977969	-0.365986764	-0.039594173	0.087638393	0.189994663
				
-0.291278154	-0.399229318	-0.053332396	0.075154938	0.152824089
				
-0.286950707	-0.413513809	-0.068361752	0.063028753	0.12887311
				
-0.276033819	-0.416019917	-0.06019517	0.071273729	0.130663067
				
-0.277208865	-0.415013283	-0.080342405	0.056149147	0.112129837
				
-0.253152549	-0.404268324	-0.085512407	0.06136851	0.114497431
				
-0.257430166	-0.432260096	-0.093444787	0.055650301	0.106894337
				
-0.228910863	-0.397694707	-0.07890258	0.064198278	0.111895993
				
-0.230442658	-0.371032417	-0.036948264	0.059453726	0.119676463
				
-0.209476322	-0.324346542	-0.012124054	0.063330077	0.119003944
				
-0.216774583	-0.290953696	-0.044225752	0.068652242	0.127497524
				
-0.208235025	-0.260920644	-0.049911767	0.089264005	0.140981629
				
-0.222964048	-0.264232397	-0.076390527	0.085319623	0.153488755
				
-0.212596402	-0.26807797	-0.082508877	0.081127018	0.156144708
				
-0.219759569	-0.312591493	-0.100847393	0.084124029	0.157692522
				
-0.207682699	-0.352376372	-0.105302639	0.072033197	0.137762144
				
-0.203438938	-0.392579198	-0.105009437	0.068779841	0.130612567
				
-0.18683666	-0.40653199	-0.107389778	0.060098834	0.114605211
				
-0.190608114	-0.44252944	-0.103181534	0.064071506	0.108206078
				
-0.176682487	-0.465113968	-0.101755835	0.062064484	0.109395385
				
-0.167630076	-0.497376651	-0.103479773	0.070589371	0.106025487
				
-0.171603382	-0.493993819	-0.102917813	0.078917645	0.111470371
				
-0.172574162	-0.506689966	-0.109293826	0.047846086	0.121753991
				
-0.1911695	-0.516449809	-0.11951229	0.032643214	0.112853512
				
-0.208158225	-0.5061602	-0.134995058	0.017191492	0.109056801
				
0.434001863	-0.071130298	-0.132199317	-0.082759157	-0.090771735
				
-0.066560954	-0.078276232	-0.270878553	-0.340179116	-0.236511871
				
-0.290568233	0.056900702	-0.187216029	-0.212515995	-0.15101102
				
-0.248678625	0.112033166	-0.181068495	-0.192349002	-0.130458757
				
-0.220102817	0.107632019	-0.058543265	-0.103475899	-0.127184734
				
-0.199221253	0.034204483	-0.082875438	-0.114486277	-0.13576223
				
-0.210390538	0.033309929	-0.084517829	-0.117470153	-0.134237945
				
-0.239265054	0.017603986	-0.103641748	-0.13467133	-0.148427486
				
-0.263691425	-0.039432362	-0.140812665	-0.169428229	-0.173105091
				
-0.271890074	-0.048513249	-0.139194429	-0.175068676	-0.166756794
				
-0.276985139	-0.053563327	-0.136912063	-0.176035687	-0.168990895
				
-0.27949518	-0.067698978	-0.149820685	-0.184689581	-0.180382967
				
-0.27567184	-0.070070282	-0.152605236	-0.182560995	-0.178632736
				
-0.270378321	-0.045625553	-0.1399979	-0.170395777	-0.166895494
				
-0.264689147	-0.021774203	-0.129262283	-0.162590817	-0.163131252
				
-0.263546884	-0.008800164	-0.121106356	-0.157478079	-0.161009476
				
-0.2633304	-0.010677457	-0.12004672	-0.157955945	-0.16314061
				
-0.264663965	-0.025670782	-0.125173941	-0.163192779	-0.169164911
				
-0.267431945	-0.042491838	-0.131721213	-0.166682601	-0.173318446
				
-0.269751787	-0.041521609	-0.128534541	-0.160106912	-0.16539073
				
-0.269957006	-0.022639006	-0.118022114	-0.15033032	-0.152059853
				
-0.269444048	-0.001379654	-0.105223343	-0.14418523	-0.142057404
				
-0.273061484	-0.011092767	-0.109990552	-0.152760044	-0.149398223
				
-0.280833781	-0.038254082	-0.133955285	-0.175224841	-0.175743997
				
-0.285573542	-0.057055414	-0.14869453	-0.185712591	-0.192472205
				
-0.28209132	-0.045732856	-0.131432399	-0.167238802	-0.176117137
				
-0.272434056	-0.038700595	-0.123795472	-0.163789228	-0.169558972
				
-0.270063132	-0.046621397	-0.132967174	-0.173343047	-0.178506508
				
-0.271387398	-0.07530605	-0.160910159	-0.200694874	-0.208418101
				
-0.270906508	-0.073026285	-0.155156165	-0.197023451	-0.211458236
				
-0.254229069	-0.061577007	-0.147620633	-0.192074627	-0.204315931
				
-0.25406459	-0.066806771	-0.155956835	-0.201824695	-0.211326718
				
-0.249524802	-0.087764911	-0.181517929	-0.228271186	-0.239178479
				
-0.245168895	-0.1004069	-0.192374408	-0.239010334	-0.249263167
				
-0.233508945	-0.090388715	-0.182799533	-0.228379071	-0.240488827
				
-0.232183456	-0.078512006	-0.171802163	-0.21921581	-0.243836671
				
-0.231807604	-0.079505838	-0.177816942	-0.22616443	-0.250777602
				
-0.231616735	-0.086497232	-0.185474083	-0.2314215	-0.251327276
				
-0.226898074	-0.093719475	-0.189994991	-0.236337483	-0.253020048
				
-0.217785135	-0.099740483	-0.190982819	-0.23654142	-0.24845311
				
-0.20913741	-0.098808169	-0.184220165	-0.230065227	-0.244184643
				
-0.193807721	-0.087523371	-0.170256048	-0.213155121	-0.234729886
				
-0.19139412	-0.08418946	-0.168452471	-0.206462383	-0.230116516
				
-0.196148381	-0.09723638	-0.184370369	-0.222859949	-0.240686029
				
-0.20618999	-0.112661511	-0.195724934	-0.240868106	-0.266064823
				
-0.213923872	-0.098415695	-0.189439386	-0.233727112	-0.271548808
				
-0.226887152	-0.097572468	-0.186413988	-0.232131526	-0.264200419
				
-0.184408396	-0.057772458	-0.132243201	-0.190076858	-0.191986501
				
-0.174178869	-0.010588825	-0.078743629	-0.151683599	-0.139255971
				
-0.183207333	0.021676369	-0.056186572	-0.131088153	-0.118226789
				
-0.191368312	0.03427802	-0.042432368	-0.128392115	-0.117225289
				
-0.197255611	0.06706503	-0.019325063	-0.102697626	-0.094720736
				
-0.217894107	0.041307822	-0.028357007	-0.103694305	-0.095225893
				
-0.225552246	0.013924792	-0.069457896	-0.108079903	-0.101873763
				
-0.224217713	0.005391818	-0.074214451	-0.100571454	-0.096052118
				
-0.2360394	-0.026071627	-0.09720502	-0.109859318	-0.108487815
				
-0.2347067	-0.027726531	-0.096598029	-0.112095699	-0.106739104
				
-0.229461372	-0.015786797	-0.092207238	-0.10861741	-0.103242397
				
-0.226985008	-0.007589508	-0.091463074	-0.108538166	-0.10344325
				
-0.222640201	-0.001978494	-0.088548928	-0.108084932	-0.103911348
				
-0.215721488	0.01116161	-0.084213302	-0.104571357	-0.102150962
				
-0.209049165	0.018148497	-0.081302188	-0.102064319	-0.100738309
				
-0.204143092	0.021790519	-0.080470949	-0.100717679	-0.099365965
				
-0.201538056	0.025669914	-0.079263031	-0.099073708	-0.097668663
				
-0.200515077	0.027429916	-0.079256192	-0.098722517	-0.096305102
				
-0.201462016	0.023448072	-0.081203438	-0.100688562	-0.096918941
				
-0.202988207	0.020660985	-0.082962364	-0.102423914	-0.098145545
				
-0.204429865	0.016096614	-0.084654979	-0.104435258	-0.099993542
				
-0.20587121	0.01092365	-0.086068675	-0.106156096	-0.101855062
				
-0.207226321	0.006567221	-0.087114237	-0.107552417	-0.103191346
				
-0.207777619	0.004135102	-0.087340027	-0.107614383	-0.103501424
				
-0.208956122	0.004400585	-0.086170122	-0.10619472	-0.102661371
				
-0.209417939	0.003973138	-0.085356586	-0.105506636	-0.102023222
				
-0.210242629	0.002832308	-0.085191332	-0.106209524	-0.102722771
				
-0.211137757	0.005547002	-0.084219083	-0.104774415	-0.102408573
				
-0.211987436	0.001680031	-0.087164439	-0.106445506	-0.104748413
				
-0.213345766	0.003471382	-0.087713249	-0.104799531	-0.104567915
				
-0.215347871	0.00317562	-0.089673057	-0.106186792	-0.106728896
				
-0.216651514	0.002204452	-0.091536433	-0.107963368	-0.108298741
				
-0.217662886	0.002346382	-0.091924295	-0.108507723	-0.108983263
				
-0.217612728	0.002811685	-0.092005968	-0.108899973	-0.109229788
				
-0.217728138	0.003291328	-0.091507927	-0.108412683	-0.10927584
				
-0.217500776	0.003617965	-0.091242522	-0.108873494	-0.110706441
				
-0.216800377	0.003119692	-0.091272853	-0.110638648	-0.112805486
				
-0.215806335	0.003360622	-0.091854557	-0.113092296	-0.115415454
				
-0.21478413	0.004959844	-0.092462398	-0.11453896	-0.116992146
				
-0.214064091	0.005616382	-0.092048824	-0.114636086	-0.11724592
				
-0.213516921	0.006656609	-0.090277247	-0.112848565	-0.115673214
				
-0.212733835	0.00795652	-0.087946624	-0.110317931	-0.113490932
				
-0.211744636	0.01022201	-0.085307769	-0.107130207	-0.110703126
				
-0.210985154	0.012888849	-0.082619049	-0.104088642	-0.108191326
				
-0.210030675	0.015745547	-0.07919468	-0.100695647	-0.105998114
				
-0.209719181	0.020844635	-0.075546563	-0.097432196	-0.10399086
				
-0.211272538	0.033773758	-0.071576633	-0.093761191	-0.101893693
				
-0.21331121	0.040549546	-0.068413407	-0.092549741	-0.101382911
				
-0.216288716	0.041595843	-0.066965222	-0.09274485	-0.101051718
				
-0.218078315	0.043171082	-0.067088298	-0.094274804	-0.101976015
				
-0.218156546	0.045204129	-0.066749454	-0.09468779	-0.103557646
				
-0.217275381	0.045883514	-0.066992551	-0.096246772	-0.106554158
				
-0.216095358	0.043280087	-0.067800701	-0.098992392	-0.110496059
				
-0.214352429	0.045024812	-0.062463589	-0.098589078	-0.112313196
				
-0.209582478	0.041297127	-0.058220915	-0.102224238	-0.118817329
				
-0.200522035	0.042701539	-0.05665677	-0.106030174	-0.126370639
				
-0.191953227	0.045595113	-0.05748532	-0.107981592	-0.13152042
				
-0.184989005	0.048574619	-0.059836559	-0.110498831	-0.137098312
				
-0.179238856	0.051852107	-0.059902444	-0.111834951	-0.141865075
				
-0.173630148	0.054382116	-0.061866023	-0.112884954	-0.146186769
				
-0.169866145	0.060441945	-0.06175413	-0.111901343	-0.147181243
				
-0.167366445	0.065482773	-0.059235938	-0.110086307	-0.147235006
				
-0.166595101	0.068638176	-0.057250209	-0.107690349	-0.1465597
				
-0.167078704	0.071729213	-0.05353798	-0.103558362	-0.14380461
				
-0.167764828	0.074281923	-0.049119413	-0.100635149	-0.141304404
				
-0.168176085	0.079306535	-0.041649401	-0.096720614	-0.137920856
				
-0.168917045	0.083040029	-0.035457529	-0.094133966	-0.135376215
				
-0.168743387	0.089233294	-0.029454269	-0.091283485	-0.132900044
				
-0.167763427	0.095300332	-0.025184587	-0.088540427	-0.130995125
				
-0.166972354	0.100096837	-0.019916095	-0.085852303	-0.129132479
				
-0.166905969	0.10188818	-0.016632877	-0.084635988	-0.128869534
				
-0.166987211	0.100142792	-0.015474468	-0.084178425	-0.129055411
				
-0.166832536	0.098241448	-0.014251187	-0.083207481	-0.129411936
				
-0.166131571	0.096844867	-0.014517717	-0.083324075	-0.130581826
				
-0.164581418	0.095415011	-0.02022846	-0.085233428	-0.133884311
				
-0.162917078	0.093233004	-0.029072724	-0.088928103	-0.139459506
				
-0.162130773	0.089134738	-0.03942661	-0.094028458	-0.146808624
				
-0.162747383	0.084363423	-0.047807693	-0.098922677	-0.153401822
				
-0.164774761	0.079277873	-0.050376065	-0.102483369	-0.158542097
				
-0.167755276	0.076433823	-0.051408291	-0.104593508	-0.162302107
				
-0.169164866	0.076325424	-0.051955648	-0.106629334	-0.166358471
				
-0.171325326	0.075853132	-0.05167973	-0.107676886	-0.170309514
				
-0.173668504	0.074377164	-0.05254595	-0.109963894	-0.176067829
				
-0.174782932	0.073075138	-0.053495251	-0.111276522	-0.180245399
				
-0.176597834	0.067817286	-0.055869326	-0.113558628	-0.184676096
				
-0.178573459	0.059599277	-0.058519609	-0.11539048	-0.187361568
				
-0.181538582	0.053463869	-0.059947334	-0.115710758	-0.187502503
				
-0.18412526	0.050206121	-0.060576484	-0.115586825	-0.186565578
				
-0.186024368	0.047337722	-0.061000794	-0.115407892	-0.184790999
				
-0.187111795	0.046625547	-0.060679421	-0.114842609	-0.181867748
				
-0.187006742	0.048702922	-0.059175886	-0.113435946	-0.178226367
				
-0.186790705	0.05278559	-0.055939049	-0.111435972	-0.174592435
				
-0.186377525	0.057512902	-0.049555689	-0.109105691	-0.171575934
				
-0.18640992	0.061740316	-0.043408021	-0.107064024	-0.168999165
				
-0.186323196	0.065166026	-0.039283939	-0.105255798	-0.167100966
				
-0.186141491	0.068518788	-0.035451494	-0.103280447	-0.166033313
				
-0.186113417	0.067809522	-0.036883362	-0.103524432	-0.167651862
				
-0.185938373	0.066305265	-0.038776524	-0.103691593	-0.169870436
				
-0.185965091	0.064727142	-0.039948136	-0.103813656	-0.172003716
				
-0.185854018	0.062509462	-0.042965248	-0.104107052	-0.17395559
				
-0.185306624	0.060765535	-0.045556329	-0.104091391	-0.174984187
				
-0.18435967	0.059527669	-0.047743514	-0.104864925	-0.175790429
				
-0.18374759	0.059033599	-0.049823686	-0.105620474	-0.175681502
				
-0.183183327	0.05750668	-0.05180154	-0.106314085	-0.174477518
				
-0.182344556	0.05779615	-0.051633805	-0.106275946	-0.171936601
				
-0.181560904	0.059446014	-0.048285909	-0.105725355	-0.16908823
				
-0.179708779	0.058381267	-0.047548406	-0.105841212	-0.16646418
				
-0.179124251	0.057004154	-0.04577022	-0.106221415	-0.164135456
				
-0.179104	0.056534644	-0.04407309	-0.107301086	-0.162496477
				
-0.178836763	0.055253513	-0.043183759	-0.108895637	-0.161449015
				
-0.177915931	0.05366626	-0.043372266	-0.110037498	-0.16077432
				
-0.17720142	0.051152933	-0.044753894	-0.11148788	-0.160672441
				
-0.176369905	0.051603794	-0.041927822	-0.112472057	-0.160348028
				
-0.175954044	0.054275077	-0.035845228	-0.112548165	-0.159755394
				
-0.17485249	0.055671751	-0.033351034	-0.113253094	-0.161047846
				
-0.173291817	0.055785112	-0.034518376	-0.114100374	-0.163248062
				
-0.173027873	0.056592282	-0.031937703	-0.114905186	-0.164415568
				
-0.17323491	0.059070252	-0.02629444	-0.115440458	-0.165448099
				
-0.172816902	0.061019387	-0.000561759	-0.116110429	-0.167660594
				
-0.171478063	0.06165918	-0.001210794	-0.116881303	-0.170228526
				
-0.169204921	0.059642568	-0.025422029	-0.116617084	-0.173233896
				
-0.166564316	0.057360031	-0.034163848	-0.111284941	-0.175502986
				
-0.154549479	0.049475364	-0.049261913	-0.109867305	-0.183891356
				
-0.156285375	0.022949126	-0.087509088	-0.150860429	-0.21982573
				
-0.13995105	0.006663889	-0.122192092	-0.190891594	-0.250145048
				
-0.139489308	-0.007984191	-0.144887209	-0.216041327	-0.265336096
				
-0.145337954	-0.015063636	-0.168204546	-0.240760729	-0.278942734
				
-0.155205905	-0.025057979	-0.173372656	-0.243495494	-0.265577018
				
-0.178902	0.099117428	-0.151063472	-0.226170942	-0.234645814
				
-0.206839159	0.105143189	-0.133593753	-0.206840098	-0.205592126
				
-0.228318334	0.088741809	-0.13833268	-0.209720299	-0.198784128
				
-0.251077473	0.098207474	-0.116703704	-0.183615372	-0.165487975
				
-0.260449111	0.098949917	-0.111986652	-0.157801032	-0.13489069
				
-0.254011542	0.067157328	-0.111497357	-0.138521165	-0.110993445
				
-0.251450717	0.008198634	-0.129998982	-0.143728301	-0.118018955
				
-0.258811831	0.005296946	-0.135733634	-0.140477508	-0.1097707
				
-0.252696842	0.001017645	-0.140651464	-0.139290854	-0.105622694
				
-0.256219745	-0.007943287	-0.153394833	-0.146683082	-0.114184856
				
-0.267876536	-0.025178179	-0.177189589	-0.165330067	-0.134587899
				
-0.272868097	-0.042952657	-0.194514185	-0.178742066	-0.146858439
				
-0.273290575	-0.049912632	-0.197420001	-0.178234518	-0.143093958
				
-0.272027433	-0.054613501	-0.199309021	-0.176337153	-0.139888659
				
-0.259643912	-0.065328404	-0.210048407	-0.182026371	-0.146531016
				
-0.255401671	-0.075294688	-0.21753414	-0.183724627	-0.147647858
				
-0.255658269	-0.084330007	-0.221608192	-0.181211174	-0.145224884
				
-0.259774029	-0.092396051	-0.222449213	-0.177076906	-0.140726715
				
-0.263497174	-0.100447446	-0.220881104	-0.170147955	-0.133220807
				
-0.264647424	-0.100100532	-0.210130125	-0.153327107	-0.115765482
				
-0.266277552	-0.101490498	-0.202229023	-0.140986726	-0.100421965
				
-0.262862682	-0.097395822	-0.191069677	-0.127613112	-0.087654367
				
-0.256562829	-0.09229131	-0.182537079	-0.118601426	-0.080444813
				
-0.25285843	-0.08545503	-0.173410505	-0.10978809	-0.073910251
				
-0.251388729	-0.080283195	-0.167138398	-0.105026439	-0.071673289
				
-0.258339882	-0.076594263	-0.163814723	-0.10215506	-0.070789725
				
-0.269335568	-0.074435055	-0.161883712	-0.102782473	-0.072819427
				
-0.285034001	-0.077693954	-0.165663064	-0.110542417	-0.081860796
				
-0.303725839	-0.085413292	-0.174148634	-0.123091981	-0.094241977
				
-0.303372204	-0.088463157	-0.181364313	-0.135234207	-0.10712938
				
-0.283816099	-0.090784982	-0.190880671	-0.151372373	-0.125056535
				
-0.2764543	-0.096773595	-0.204514489	-0.173714608	-0.14865464
				
-0.294040412	-0.099552229	-0.214776292	-0.189935148	-0.163076594
				
-0.28935504	-0.096461609	-0.219443247	-0.202682763	-0.175144166
				
-0.285373002	-0.074905843	-0.203201383	-0.189050853	-0.148547828
				
-0.270571977	-0.045300618	-0.178830415	-0.16441898	-0.119165272
				
-0.250713259	-0.030391678	-0.164683476	-0.152220652	-0.100131884
				
-0.248194426	-0.017564118	-0.151563793	-0.133030355	-0.077092662
				
-0.236488283	-0.013754733	-0.14298065	-0.128098249	-0.076561101
				
-0.241379187	-0.009668157	-0.128517866	-0.110961199	-0.061864719
				
-0.251861453	-0.017081656	-0.131111488	-0.116665155	-0.06399183
				
-0.250243515	-0.019561753	-0.130817279	-0.119930714	-0.064198054
				
-0.267043978	0.033858769	-0.11528749	-0.130950674	-0.08518938
				
-0.27388382	0.000776805	-0.131272763	-0.152449727	-0.101508103
				
-0.281948298	-0.0341672	-0.144023955	-0.166711092	-0.10697145
				
-0.28694135	-0.052301705	-0.155388981	-0.17826046	-0.110761926
				
-0.26774168	-0.009000726	-0.138089702	-0.189674169	-0.134827316
				
-0.251936018	0.022546537	-0.125658035	-0.203054786	-0.158885136
				
-0.245683551	0.019302517	-0.124008603	-0.217054144	-0.181039453
				
-0.243190885	-0.010753006	-0.134879142	-0.234711766	-0.200783521
				
-0.244354874	-0.030637689	-0.146107197	-0.251713127	-0.220627144
				
-0.245625168	-0.049418494	-0.164590925	-0.267389476	-0.234882891
				
-0.240969807	-0.062839843	-0.172779426	-0.26693517	-0.236847624
				
-0.230415612	-0.06471514	-0.169371068	-0.254054248	-0.225243941
				
-0.217281371	-0.068552934	-0.165210575	-0.242114231	-0.217379749
				
-0.206731349	-0.066678554	-0.150078356	-0.216510385	-0.19684574
				
-0.202243373	-0.073641337	-0.150547579	-0.211070657	-0.189598113
				
-0.199862584	-0.077864066	-0.147089034	-0.202487379	-0.181634068
				
-0.192989707	-0.085253932	-0.149850577	-0.202502966	-0.180370286
				
-0.194040388	-0.091886446	-0.152594268	-0.200523928	-0.180195659
				
-0.178261474	-0.085020304	-0.138440564	-0.189537048	-0.174091145
				
-0.174001068	-0.077198118	-0.122130468	-0.180452406	-0.169150308
				
-0.166530132	-0.058078773	-0.091426186	-0.166481987	-0.160920769
				
-0.151543006	-0.023568328	-0.058654428	-0.153419435	-0.156575292
				
-0.144339129	0.001093302	-0.040875707	-0.146664232	-0.158705145
				
-0.140761405	0.030895835	-0.036528997	-0.139702886	-0.161618859
				
-0.131720677	0.052264128	-0.026880533	-0.135837272	-0.16931428
				
-0.126683861	0.040702924	-0.01682581	-0.140939027	-0.181681469
				
-0.115432449	0.049696848	-0.037600532	-0.139431834	-0.186185539
				
-0.096315756	0.050323844	-0.060573678	-0.138004497	-0.183661953
				
-0.076180145	0.043389536	-0.065413773	-0.131550431	-0.177032843
				
-0.059790041	0.04410737	-0.057500865	-0.120151326	-0.166223899
				
-0.051981486	0.045925286	-0.054095387	-0.116060935	-0.163382351
				
-0.049999736	0.05006104	-0.049054075	-0.110245854	-0.155520245
				
-0.047758348	0.050828308	-0.048954461	-0.11067763	-0.158135623
				
-0.053013545	0.054177783	-0.048976798	-0.107566111	-0.155092716
				
-0.061862987	0.050309666	-0.054807827	-0.11192134	-0.159622028
				
-0.06688536	0.051227205	-0.056155201	-0.108616956	-0.162848383
				
-0.076198868	0.047264162	-0.061835267	-0.114630595	-0.172761768
				
-0.085812546	0.043403432	-0.062871568	-0.116943195	-0.178314492
				
-0.097188242	0.042385262	-0.059881173	-0.111295305	-0.176320314
				
-0.105344743	0.03960412	-0.061029002	-0.112349235	-0.177918985
				
-0.109203577	0.037312452	-0.064206697	-0.114007555	-0.172166705
				
-0.110096544	0.032866992	-0.064837657	-0.112994716	-0.166456044
				
-0.11852961	0.024747767	-0.066056721	-0.115185827	-0.169483751
				
-0.13464427	0.01743675	-0.065146066	-0.117099725	-0.17177853
				
-0.149657115	0.012112513	-0.063355468	-0.119189993	-0.173555017
				
-0.159829706	0.003233001	-0.065932892	-0.124105625	-0.176341459
				
-0.156706572	-0.004812457	-0.070225418	-0.131500244	-0.183485746
				
-0.150679886	-0.014415137	-0.074751876	-0.140381545	-0.197364807
				
-0.144946426	-0.006727487	-0.046334475	-0.13831982	-0.205001026
				
-0.147546142	0.060058229	-0.025703192	-0.129858568	-0.205952466
				
-0.153250605	0.093606517	-0.030977651	-0.12122184	-0.20526439
				
-0.15925023	0.100782201	-0.034604788	-0.119771838	-0.206208661
				
-0.165357336	0.087089479	-0.037678257	-0.126690254	-0.207315445
				
-0.169790313	0.065713078	-0.040013194	-0.135519803	-0.20715709
				
-0.174075365	0.026179269	-0.056746095	-0.142068148	-0.205151737
				
-0.173156977	0.008261219	-0.072714984	-0.142615303	-0.198635936
				
-0.171893597	-0.005143777	-0.080807105	-0.142920017	-0.191990212
				
-0.173277736	-0.016577825	-0.083709955	-0.142857641	-0.186346784
				
-0.177700818	-0.026207179	-0.085222542	-0.146358073	-0.182473987
				
-0.183873072	-0.032660469	-0.083660617	-0.152246892	-0.17935878
				
-0.190188199	-0.040786594	-0.088942677	-0.161476299	-0.179789692
				
-0.19383277	-0.045513272	-0.098483652	-0.172382057	-0.18288064
				
-0.197979271	-0.054105178	-0.11712639	-0.185332641	-0.188486651
				
-0.205736578	-0.07484898	-0.132702276	-0.204401761	-0.201726675
				
-0.213897765	-0.089121684	-0.1527237	-0.228563234	-0.221069172
				
-0.217903167	-0.099750668	-0.175875127	-0.254032195	-0.241080061
				
-0.222296253	-0.105250821	-0.193282381	-0.272366405	-0.253596187
				
-0.228052929	-0.104284063	-0.196304783	-0.275914133	-0.251920283
				
-0.234254405	-0.100293174	-0.19198285	-0.273896098	-0.246015549
				
-0.242026135	-0.095962331	-0.187619075	-0.272303343	-0.238991678
				
-0.248568639	-0.118513137	-0.211045668	-0.267382443	-0.219927013
				
-0.258245051	-0.140218288	-0.226273984	-0.257320642	-0.195388407
				
-0.266685426	-0.15635094	-0.2379224	-0.249685988	-0.185649186
				
-0.269752651	-0.163716823	-0.241724283	-0.238848493	-0.178946108
				
-0.269604146	-0.167160213	-0.243082896	-0.231722385	-0.174313903
				
-0.268296719	-0.168492869	-0.243410408	-0.226178363	-0.169788644
				
-0.371650815	-0.872833848	-0.428412139	-0.009659454	-0.127448291
				
-0.266509026	-0.170477271	-0.245352328	-0.223715574	-0.166019574
				
-0.414139509	-0.820032656	-0.283605337	-0.303889096	-0.310819536
				
-0.266530931	-0.170559853	-0.246225148	-0.219839722	-0.160554364
				
-0.444248497	-0.909629703	0.319796503	0.211645812	-0.18736586
				
-0.268619746	-0.167106628	-0.244890779	-0.21490714	-0.153743804
				
-0.880753994	-0.966866076	0.157279819	0.370448828	-0.10391029
				
-0.271462232	-0.158609703	-0.240661487	-0.20657903	-0.141534939
				
-0.675608754	-0.916673064	0.035644606	0.226184845	-0.01195778
				
-0.270951211	-0.12533918	-0.230114266	-0.22019048	-0.142303348
				
-0.624230146	-0.153985173	-0.014577553	0.305336058	0.118958309
				
-0.267555058	-0.101622313	-0.220139727	-0.232754365	-0.148732752
				
-0.73723352	-0.359252214	-0.346564949	0.417710543	0.231899291
				
-0.274771273	-0.093811065	-0.209244356	-0.211208761	-0.135991931
				
-0.813087523	-0.512452722	-0.750728965	0.454532683	0.265686274
				
-0.272603452	-0.087314382	-0.209281176	-0.201187342	-0.137399703
				
-0.907108128	-0.552442729	-0.436425954	0.023137346	0.009813368
				
-0.256975591	-0.076178223	-0.208113387	-0.200144395	-0.145174474
				
-0.971684098	-0.571332097	-0.355567783	-0.917809308	-0.626561522
				
-0.248477757	-0.056178421	-0.195818886	-0.188230351	-0.140722513
				
-0.961325824	-0.479111701	-0.809967697	-0.629573226	-0.39923501
				
-0.228395492	-0.038766935	-0.18036741	-0.178437889	-0.136404112
				
-0.888763011	-0.463841349	-0.67245245	-0.804234922	0.26106292
				
-0.20630613	-0.037272125	-0.177780002	-0.176541388	-0.139790788
				
-0.559234262	-0.786847532	-0.559433222	-0.839156866	0.353171945
				
-0.193316355	-0.046065778	-0.164774761	-0.152451873	-0.114314839
				
-0.394005984	-0.141071886	0.769708097	-0.968817592	0.484357089
				
-0.217915162	-0.067233279	-0.160438552	-0.138607815	-0.09801957
				
-0.458664119	-0.911548615	0.605537117	-0.19111076	0.467022717
				
-0.259829372	-0.093138158	-0.161086798	-0.131105304	-0.088002056
				
-0.45491004	-0.957122028	0.530748725	0.067068458	0.507088661
				
-0.287782878	-0.117854118	-0.163877785	-0.127545953	-0.081055149
				
-0.470062077	-0.289098531	0.303873539	0.21145919	0.214242101
				
-0.306883752	-0.141946152	-0.170411736	-0.128874794	-0.080102101
				
-0.116407126	-0.96129477	0.151308298	0.055780992	0.526519477
				
-0.312742174	-0.159229904	-0.173107862	-0.12540558	-0.078759402
				
0.29512915	-0.863055348	-0.097808331	0.023028612	0.04165706
				
-0.309406698	-0.172161371	-0.17800495	-0.127968311	-0.087211981
				
-0.642293572	-0.97246474	-0.120315075	0.878480554	-0.175162792
				
-0.300947249	-0.173670977	-0.177172571	-0.126943976	-0.090068519
				
-0.505537748	-0.726646781	0.042136312	0.910417318	-0.203893751
				
-0.291745186	-0.168966964	-0.174447358	-0.125635564	-0.08929047
				
-0.164575964	-0.616034448	0.024317652	0.514828026	0.459872127
				
-0.284468293	-0.159499675	-0.169556722	-0.120566472	-0.083186239
				
-0.2146101	-0.928441763	-0.515436709	0.122024447	-0.764644742
				
-0.278891742	-0.154793724	-0.166752622	-0.117533311	-0.081205487
				
-0.01707612	-0.356503338	-0.087719113	0.169152737	-0.356792867
				
-0.275952131	-0.152589098	-0.166344136	-0.117860436	-0.082314223
				
-0.056074768	-0.386375099	-0.958215535	-0.660323739	-0.429783762
				
-0.277107358	-0.1491099	-0.165379092	-0.117474958	-0.081300914
				
-0.147724047	-0.632019877	-0.824388385	-0.69875288	0.006077051
				
-0.277507424	-0.145834446	-0.164586172	-0.117033973	-0.080713034
				
-0.692653596	-0.983168423	-0.83730197	-0.815588832	-0.913900733
				
-0.278601289	-0.143049091	-0.164006993	-0.116997436	-0.08021538
				
-0.635981441	-0.98240453	-0.975632846	-0.993399978	-0.935311437
				
-0.279299259	-0.139336437	-0.162849799	-0.116429821	-0.079199702
				
-0.577282369	-0.994859219	-0.365798146	-0.389871418	-0.955561399
				
-0.279073	-0.135882288	-0.162024572	-0.116359711	-0.078608513
				
-0.096384637	-0.759651363	0.278621227	0.448852777	0.286827862
				
-0.27791521	-0.132498756	-0.161448941	-0.115686789	-0.077219114
				
0.079393551	-0.437093496	0.509617209	0.432935715	0.270878315
				
-0.277757317	-0.129134774	-0.160503432	-0.114951521	-0.075367361
				
0.039507106	-0.123786867	0.319130063	-0.00109601	0.307778478
				
-0.27783069	-0.126053974	-0.159714386	-0.114781573	-0.073923811
				
-0.836635768	-0.583027422	0.302431673	-0.111020207	0.148085415
				
-0.277810216	-0.124699384	-0.160318017	-0.11607106	-0.0740536
				
-0.759777427	-0.632422566	-0.939561605	0.155373365	0.177898049
				
-0.279347748	-0.125222132	-0.162136316	-0.118894055	-0.075659737
				
-0.152800828	-0.557586789	-0.919556975	0.186315149	0.311782151
				
-0.281943262	-0.126078576	-0.163609192	-0.1209829	-0.076610848
				
-0.084223926	-0.47066462	-0.967670918	0.014810637	0.522063732
				
-0.284839272	-0.127515942	-0.165086403	-0.1232429	-0.078217417
				
0.248385087	-0.972550571	-0.99612689	-0.21418345	0.796929002
				
-0.287001014	-0.127785876	-0.166179538	-0.125035465	-0.079689756
				
0.281677306	-0.954796195	-0.99933362	-0.082506031	-0.103404611
				
-0.2893731	-0.126726046	-0.166208997	-0.125527069	-0.080400154
				
0.224472612	-0.96467638	0.592175305	0.024261504	-0.214860052
				
-0.29030925	-0.125933796	-0.166587994	-0.126450464	-0.081786782
				
-0.106438279	-0.943984866	-0.852083325	-0.085693747	-0.669370592
				
-0.290162027	-0.124767661	-0.166451111	-0.126493871	-0.0827135
				
-0.844790936	-0.901643872	-0.951568902	0.199515015	0.140381962
				
-0.288128257	-0.124853149	-0.167235777	-0.127277493	-0.084542081
				
-0.566477895	-0.932907641	-0.387506306	0.915396631	-0.449463189
				
-0.286641717	-0.126105934	-0.168569118	-0.128456101	-0.086735398
				
-0.084202833	-0.958569825	-0.512653172	-0.457432956	-0.131417096
				
-0.284666479	-0.128906488	-0.170863956	-0.130986899	-0.09014897
				
-0.239876181	-0.936336279	-0.540162504	0.457908094	0.558633387
				
-0.282119274	-0.131736204	-0.173694342	-0.134291381	-0.094072789
				
0.218291298	-0.815461397	-0.29168877	0.357273877	0.302887797
				
-0.278591692	-0.133390829	-0.176187083	-0.137239084	-0.097551942
				
0.149286166	-0.770745158	-0.456887692	0.027836002	0.11460799
				
-0.276827633	-0.13446565	-0.178330049	-0.139393613	-0.100274429
				
-0.298546016	-0.751415849	0.372771412	0.389183015	0.355026901
				
-0.275963485	-0.133992389	-0.178406969	-0.139259756	-0.099921584
				
-0.666872203	-0.8834126	0.373271495	0.294530243	0.270870984
				
-0.273989379	-0.134546191	-0.17878297	-0.139825225	-0.10063614
				
-0.929731607	-0.610776424	0.375295639	0.73620671	0.622738361
				
-0.270817369	-0.134795919	-0.178796858	-0.139730424	-0.100866616
				
-0.444353253	-0.67538029	0.556466162	0.420347214	0.558673382
				
-0.269160956	-0.13580142	-0.179048136	-0.140595481	-0.101865098
				
-0.938068748	-0.713061452	0.388565183	0.11595539	0.407328635
				
-0.267969102	-0.136152878	-0.178970292	-0.141101763	-0.102532968
				
-0.822559834	-0.606389999	0.110961303	-0.286119938	0.086611375
				
-0.267889023	-0.136013612	-0.178310946	-0.140860528	-0.102554634
				
-0.690988421	-0.921502113	0.058098897	-0.556588471	-0.450166643
				
-0.267834812	-0.136046335	-0.177907392	-0.140848592	-0.102749661
				
-0.715760469	-0.814784646	-0.104090542	-0.64665401	-0.477966249
				
-0.267857969	-0.135930136	-0.177362725	-0.140623808	-0.102770433
				
-0.544151306	-0.617644906	-0.346901357	-0.728441894	-0.41865617
				
-0.268876404	-0.135336816	-0.176379591	-0.139812171	-0.102015644
				
-0.471724689	-0.934574366	-0.380869687	-0.738776863	-0.463110298
				
-0.270074844	-0.13442865	-0.175161138	-0.138611749	-0.10076566
				
-0.479959071	-0.965503454	-0.371825874	-0.699759901	-0.346809417
				
-0.271041781	-0.133471593	-0.173995495	-0.137407571	-0.099524513
				
-0.474297911	-0.982050061	-0.41240418	-0.60358882	-0.274230778
				
-0.272036016	-0.131892785	-0.172287688	-0.135480627	-0.097512394
				
-0.461927295	-0.873369753	-0.460408986	-0.467643499	-0.209326342
				
-0.272711337	-0.130172044	-0.170483515	-0.133458763	-0.095369428
				
-0.461208016	-0.809332609	-0.483436078	-0.433986783	-0.27450186
				
-0.272319794	-0.128171653	-0.168685928	-0.131249771	-0.093032211
				
-0.337682903	-0.734104216	0.128210887	-0.419527441	-0.400723308
				
-0.272146612	-0.126849398	-0.167505398	-0.129907712	-0.091459692
				
-0.439189315	-0.720237374	0.051883992	-0.511245549	-0.522662461
				
-0.270659149	-0.125541002	-0.166507244	-0.128539801	-0.090078801
				
-0.496901274	-0.917401135	0.081803359	-0.606990874	-0.548748314
				
-0.268883884	-0.12533465	-0.166287825	-0.127937883	-0.089622453
				
-0.483268946	-0.910912395	0.004107233	-0.440853417	-0.284974933
				
-0.266480863	-0.125757918	-0.166774929	-0.127861962	-0.089632958
				
-0.444501787	-0.863937974	-0.349119425	0.195430562	0.19637917
				
-0.26423949	-0.127027631	-0.167912006	-0.128530189	-0.090410098
				
-0.143957913	-0.779624343	0.260908961	0.561475217	0.648608029
				
-0.261595249	-0.128636688	-0.169610903	-0.12985751	-0.092001706
				
-0.156266212	-0.699798286	0.464804173	0.537341356	0.881605923
				
-0.259440064	-0.129867971	-0.17096962	-0.130942404	-0.093179926
				
-0.128922731	-0.801189005	0.657064021	0.516998827	0.845126212
				
-0.257784784	-0.130820885	-0.172235563	-0.131989554	-0.094184473
				
-0.105502278	-0.818892717	0.732260406	0.348538965	0.662912905
				
-0.256259739	-0.131732568	-0.173417449	-0.132928327	-0.0951958
				
-0.083769113	-0.905135393	0.769370735	0.230862081	0.57144177
				
-0.255562931	-0.132986039	-0.174711466	-0.134279817	-0.096523553
				
-0.095711887	-0.794574916	0.836549997	0.255602896	0.44814676
				
-0.255022347	-0.133331552	-0.175314277	-0.135152489	-0.097409621
				
-0.076147705	-0.132987916	0.907837808	0.21115081	0.361739337
				
-0.254555583	-0.133863926	-0.176226333	-0.136436388	-0.098734155
				
-0.078765303	-0.255320132	0.880421162	0.152703464	0.272109121
				
-0.254687309	-0.133687541	-0.176469848	-0.136662424	-0.099047303
				
-0.076425552	-0.370648146	0.512350976	-0.05765298	0.177342266
				
-0.254883945	-0.133443326	-0.176884994	-0.136960596	-0.099489912
				
-0.146109581	-0.513335526	0.495713353	-0.232035264	0.081452936
				
-0.255510449	-0.134142086	-0.177816182	-0.138040915	-0.100435048
				
-0.994331479	-0.573383927	0.519962192	-0.186614692	0.123646453
				
-0.258782655	-0.134668514	-0.178049117	-0.138708651	-0.10057576
				
-0.459842801	-0.185241818	0.671691954	-0.140052736	0.227857038
				
-0.263002127	-0.136055976	-0.178587362	-0.139310703	-0.100536212
				
-0.489891976	-0.322008818	0.682246447	0.905975819	0.226616651
				
-0.267876685	-0.137353241	-0.178556979	-0.139130861	-0.100016415
				
-0.436068296	-0.235720068	0.800247788	0.896602929	0.221925467
				
-0.271066964	-0.137680978	-0.178194463	-0.1384767	-0.099835292
				
-0.481950223	0.038389608	0.749816537	0.88785243	0.372566998
				
-0.272604227	-0.138340294	-0.179194734	-0.138652548	-0.100711107
				
-0.443580806	-0.406973302	0.864890575	0.937453985	0.032559685
				
-0.272810966	-0.140787184	-0.182402074	-0.141321093	-0.104224429
				
-0.442351073	-0.993424296	0.978073835	0.821199894	0.855138004
				
-0.272801042	-0.147601902	-0.188902736	-0.147737369	-0.111436144
				
-0.596268296	-0.915467501	0.606854081	0.516299367	0.928062797
				
-0.272759438	-0.153690234	-0.195107043	-0.153643012	-0.117989734
				
-0.253320038	-0.686791062	0.318588257	0.407212436	-0.747377038
				
-0.270430505	-0.157796279	-0.200171694	-0.1588227	-0.123871744
				
-0.517338634	-0.980706215	-0.824052513	0.450499088	-0.698146999
				
-0.269030571	-0.15753451	-0.200527966	-0.159382135	-0.124511838
				
-0.345647991	-0.995242476	0.80526787	0.968723118	-0.667181611
				
-0.268225372	-0.155958503	-0.198501825	-0.159171447	-0.124691188
				
-0.281364769	-0.871676087	0.942220688	0.917699814	-0.409923732
				
-0.268683851	-0.152547151	-0.19481577	-0.157273918	-0.122949928
				
-0.25500235	-0.966979384	0.96264714	0.93500942	0.052774012
				
-0.269350708	-0.149092495	-0.190539241	-0.154747978	-0.120989993
				
-0.110265732	-0.959124207	0.901059389	0.917723775	-0.175505817
				
-0.270599723	-0.145209476	-0.185301244	-0.150063336	-0.116189882
				
-0.185168058	-0.342336863	0.730288923	0.018088371	-0.820937514
				
-0.267222524	-0.14102146	-0.180019975	-0.144869208	-0.110418633
				
-0.133555427	-0.385070086	0.693400204	-0.120707244	-0.718387425
				
-0.261359692	-0.134254605	-0.173465744	-0.137437806	-0.101142317
				
-0.483802736	0.169853538	0.075357318	-0.25269413	-0.027662009
				
-0.246862575	-0.125105619	-0.173096076	-0.130595177	-0.092596516
				
0.240641087	-0.280205011	-0.016406134	0.322217017	0.16032666
				
-0.23207894	-0.122222736	-0.173143968	-0.131125093	-0.091643155
				
-0.333272994	-0.967143118	-0.845293045	0.503012061	0.355700076
				
-0.228280365	-0.11829102	-0.174226388	-0.136998922	-0.094013393
				
-0.883942485	-0.854826152	-0.44011113	-0.463338733	-0.327955395
				
-0.231296077	-0.112206742	-0.17304258	-0.137725189	-0.088842511
				
0.508767962	-0.606730819	-0.385497332	-0.266161293	-0.243766442
				
-0.228957132	-0.110384852	-0.176720157	-0.144188508	-0.091732427
				
0.184631199	-0.935421407	-0.800488114	-0.236582115	-0.448352784
				
-0.233962432	-0.110116988	-0.18270947	-0.151777208	-0.095965073
				
-0.269646436	-0.651721835	-0.684056282	0.134654313	-0.351338595
				
-0.225975052	-0.106283575	-0.188845173	-0.15749	-0.105648667
				
-0.283502519	-0.874907196	-0.642090857	0.177209288	0.498582304
				
-0.236400768	-0.093862072	-0.179080471	-0.144446403	-0.092912197
				
-0.764209807	-0.580356002	-0.492060125	0.204957843	0.493352175
				
-0.24049814	-0.073641911	-0.163022414	-0.122812018	-0.076759875
				
-0.845267355	-0.744441509	-0.436748743	0.449598312	0.43912676
				
-0.233424157	-0.053087845	-0.143569931	-0.100487158	-0.056940198
				
-0.666234672	-0.411436081	-0.42113775	0.487068266	0.466354102
				
-0.231316686	-0.045175433	-0.134789675	-0.09167029	-0.046740338
				
-0.411759973	-0.299170405	0.377081692	0.603219569	0.396873802
				
-0.224425584	-0.038632005	-0.126869798	-0.084625572	-0.038433678
				
-0.31728965	-0.404237568	0.467540622	0.692464054	0.390366644
				
-0.22287868	-0.035840265	-0.118166693	-0.077597827	-0.031904913
				
-0.48284173	-0.379827917	0.541683197	0.511946678	0.391440481
				
-0.218124062	-0.035373926	-0.096381456	-0.06669829	-0.030109242
				
-0.213462368	-0.032827348	-0.07220193	-0.045046307	-0.016911656
				
-0.198802263	-0.029030383	-0.062990524	-0.046639174	-0.020071879
				
-0.187527806	-0.028692424	-0.060346723	-0.047477953	-0.030994169
				
-0.188573465	-0.03246811	-0.065111086	-0.054313842	-0.040762216
				
-0.190323487	-0.033159684	-0.068107396	-0.058371026	-0.050653379
				
-0.218385711	-0.057899263	-0.075673074	-0.073346466	-0.09846127
				
-0.23470585	-0.075882159	-0.091336474	-0.089630827	-0.137780771
				
-0.24718909	-0.096805371	-0.110112779	-0.110601097	-0.168102622
				
-0.266304374	-0.09633866	-0.110852025	-0.102900915	-0.143659294
				
-0.280163318	-0.096652001	-0.114681423	-0.100989327	-0.127840504
				
-0.294025928	-0.100271642	-0.121065333	-0.101283737	-0.110605538
				
-0.308094859	-0.104824334	-0.125978023	-0.101095989	-0.099765822
				
-0.305988342	-0.105121262	-0.130452514	-0.096376315	-0.085514896
				
-0.302869201	-0.12047258	-0.149354726	-0.102540642	-0.08643394
				
-0.305495203	-0.130439043	-0.162756816	-0.10940586	-0.09525957
				
-0.309611052	-0.138124675	-0.171429902	-0.11754559	-0.104147978
				
-0.30295822	-0.144525513	-0.177395225	-0.120438099	-0.107386634
				
-0.287128389	-0.152072102	-0.185621634	-0.121112928	-0.10826207
				
-0.264811307	-0.163086742	-0.199004173	-0.122389413	-0.110604167
				
-0.246548176	-0.175863206	-0.217165649	-0.127619401	-0.117532939
				
-0.237156942	-0.187409967	-0.233356446	-0.133035064	-0.124091893
				
-0.238533974	-0.196491376	-0.245887995	-0.137243465	-0.129202366
				
-0.245770484	-0.203014225	-0.255636334	-0.141064569	-0.133939192
				
-0.253025472	-0.207806975	-0.262069196	-0.143300116	-0.137326285
				
-0.257228136	-0.207793176	-0.260342538	-0.142082646	-0.136621296
				
-0.257400811	-0.203763425	-0.253391951	-0.138662949	-0.134620056
				
-0.261934519	-0.202369153	-0.247483581	-0.138456523	-0.137521207
				
-0.275176585	-0.200840458	-0.24116613	-0.140961975	-0.143285125
				
-0.284623444	-0.192691371	-0.229994327	-0.144147232	-0.148563504
				
-0.296688825	-0.181474403	-0.218395993	-0.147805274	-0.15218477
				
-0.306929767	-0.16723372	-0.205507159	-0.149116412	-0.15161632
				
-0.307183653	-0.153474733	-0.196209669	-0.149334684	-0.149005204
				
-0.307939976	-0.16014725	-0.198287621	-0.162161216	-0.161879435
				
-0.308803648	-0.172590062	-0.208137214	-0.170503855	-0.170995325
				
-0.301151574	-0.178398475	-0.214989245	-0.176692352	-0.180120811
				
-0.293648422	-0.177231699	-0.219121188	-0.17652671	-0.185649872
				
-0.289755851	-0.172129989	-0.224165499	-0.174015298	-0.190121189
				
-0.284752786	-0.168145701	-0.23279345	-0.171887517	-0.193243027
				
-0.282897115	-0.179481342	-0.246157125	-0.173471063	-0.198308766
				
-0.282674611	-0.195660934	-0.255429536	-0.17474483	-0.197840124
				
-0.285162628	-0.20419094	-0.251444101	-0.167730942	-0.186768532
				
-0.285977393	-0.204480514	-0.238215491	-0.157362252	-0.174400687
				
-0.284865737	-0.199840859	-0.222177953	-0.148236796	-0.16766426
				
-0.281162918	-0.200223982	-0.208913013	-0.144635826	-0.168714702
				
-0.279114723	-0.189835325	-0.202380687	-0.144247964	-0.174560666
				
-0.273221076	-0.18467921	-0.196539044	-0.142268926	-0.176372468
				
-0.265400201	-0.184144408	-0.188783482	-0.13549991	-0.169254631
				
-0.262462199	-0.18277809	-0.175782442	-0.125643358	-0.157207698
				
-0.260207951	-0.179632276	-0.163378328	-0.118706062	-0.151932567
				
-0.259480804	-0.174991429	-0.157529593	-0.117720723	-0.153262675
				
-0.258282483	-0.164083377	-0.153746828	-0.117140457	-0.1546188
				
-0.25647819	-0.155319557	-0.152063459	-0.118733585	-0.158732891
				
-0.257088602	-0.151913211	-0.154645339	-0.124588624	-0.166220427
				
-0.255249143	-0.150288805	-0.155289158	-0.127379194	-0.169713318
				
-0.256612808	-0.155373022	-0.155115515	-0.130816206	-0.17345643
				
-0.257808566	-0.160589039	-0.155532196	-0.134212106	-0.176942319
				
-0.258456439	-0.166138768	-0.156376734	-0.13735877	-0.179913998
				
-0.259675056	-0.170562148	-0.155423597	-0.138673633	-0.182083875
				
-0.258842289	-0.171284854	-0.153310329	-0.137532502	-0.183200061
				
-0.259184122	-0.17730695	-0.152488336	-0.138099179	-0.184707642
				
-0.260320634	-0.177040726	-0.14967601	-0.13270919	-0.186089277
				
-0.258096427	-0.180487543	-0.147911578	-0.131322637	-0.181722328
				
-0.256594211	-0.180922627	-0.146586597	-0.129721731	-0.176568002
				
-0.256236732	-0.180103377	-0.146522507	-0.129184127	-0.173199639
				
-0.256717771	-0.176893443	-0.144584	-0.127319917	-0.168969169
				
-0.255528808	-0.168063253	-0.139100879	-0.120122686	-0.16012162
				
-0.254731119	-0.15612188	-0.130714208	-0.110295653	-0.148336887
				
-0.255178809	-0.141328916	-0.122895882	-0.101753697	-0.138843536
				
-0.256409585	-0.125330314	-0.115943238	-0.096193969	-0.133794516
				
-0.255061567	-0.1137494	-0.112724006	-0.085065618	-0.101740465
				
-0.261328369	-0.095479518	-0.101923443	-0.065878697	-0.088529617
				
-0.278869033	-0.086041391	-0.097418129	-0.056377482	-0.089301743
				
-0.260708272	-0.08128871	-0.097528785	-0.053598635	-0.06909477
				
-0.24939467	-0.078152895	-0.095521078	-0.050200488	-0.040991142
				
-0.244134441	-0.077734232	-0.093767092	-0.047990739	-0.022679865
				
-0.242710173	-0.080282263	-0.092981614	-0.047088653	-0.015982583
				
-0.244407818	-0.083696455	-0.092041135	-0.046588212	-0.01633374
				
-0.247280031	-0.088366166	-0.091510743	-0.04705023	-0.020764656
				
-0.249027997	-0.092694461	-0.091099694	-0.046720739	-0.025158467
				
-0.251169294	-0.098176196	-0.091798209	-0.047504347	-0.030466262
				
-0.252328575	-0.101541579	-0.091364145	-0.046532694	-0.032449856
				
-0.252713263	-0.104212359	-0.091465086	-0.046246722	-0.034247085
				
-0.251746655	-0.105937116	-0.091375723	-0.045945652	-0.035128683
				
-0.250170469	-0.106885977	-0.090910748	-0.04557595	-0.035157226
				
-0.247946516	-0.105426624	-0.088829264	-0.04311391	-0.03217946
				
-0.245473519	-0.10353902	-0.085583761	-0.040267941	-0.028565001
				
-0.242347792	-0.09925957	-0.082650602	-0.037304115	-0.02420467
				
-0.236791551	-0.10211356	-0.085246466	-0.040695034	-0.024820551
				
-0.227454424	-0.10092999	-0.086940438	-0.042433158	-0.022100719
				
-0.215681061	-0.09241733	-0.090649337	-0.04774306	-0.021098981
				
-0.203762144	-0.079823345	-0.099825107	-0.057512868	-0.021282114
				
-0.191843688	-0.065794028	-0.111563146	-0.06791243	-0.019750809
				
-0.189379051	-0.055063732	-0.117277235	-0.072727814	-0.018633928
				
-0.193468213	-0.058393713	-0.121411234	-0.079303116	-0.028252181
				
-0.196460292	-0.063534126	-0.126864403	-0.086836979	-0.039365266
				
-0.199201211	-0.063914537	-0.134059608	-0.093821764	-0.045386627
				
-0.201915085	-0.05505573	-0.13531217	-0.092244267	-0.043179974
				
-0.204932362	-0.047474362	-0.135622412	-0.089161582	-0.037531167
				
-0.209255993	-0.04398061	-0.134583682	-0.085459426	-0.033152089
				
-0.217151836	-0.045578901	-0.135320544	-0.084172063	-0.030231312
				
-0.228071526	-0.050332103	-0.137152642	-0.08449363	-0.029592022
				
-0.239250243	-0.053616099	-0.137265027	-0.082937151	-0.029126085
				
-0.249633536	-0.054422662	-0.135960162	-0.079730898	-0.028294556
				
-0.257426351	-0.05119741	-0.132850692	-0.074426174	-0.026521109
				
-0.26151827	-0.044015873	-0.127504453	-0.066689506	-0.0234451
				
-0.263540715	-0.037416097	-0.123205453	-0.060740851	-0.022079218
				
-0.263134181	-0.030184824	-0.119735852	-0.056249749	-0.021818455
				
-0.262838036	-0.025646836	-0.118554473	-0.054533638	-0.022529829
				
-0.263158083	-0.022509109	-0.116393402	-0.052094314	-0.023015343
				
-0.261409909	-0.019242913	-0.116176784	-0.052122407	-0.025310062
				
-0.26155889	-0.018152051	-0.115271889	-0.052410059	-0.027137689
				
-0.260951668	-0.015884444	-0.117232196	-0.055302404	-0.028172739
				
-0.259566575	-0.016730249	-0.121175595	-0.061121978	-0.031267986
				
-0.259059638	-0.020065084	-0.124268323	-0.066271655	-0.033883482
				
-0.258407682	-0.02557249	-0.127250656	-0.071357816	-0.036260109
				
-0.256204516	-0.029628173	-0.128576949	-0.074713007	-0.037595905
				
-0.254299819	-0.031736113	-0.129760951	-0.077381469	-0.037998963
				
-0.252460808	-0.033564068	-0.131471857	-0.081083477	-0.037559666
				
-0.249497235	-0.032419816	-0.131131515	-0.082380295	-0.034734201
				
-0.248996228	-0.032684129	-0.131422624	-0.084181592	-0.031636689
				
-0.25004974	-0.032688584	-0.130389333	-0.084031381	-0.026935097
				
-0.253074259	-0.033802081	-0.130111471	-0.084214076	-0.02226666
				
-0.257492363	-0.033177979	-0.128533438	-0.08271277	-0.014781307
				
-0.259058088	-0.032981221	-0.126654446	-0.080046952	-0.007020857
				
-0.261374325	-0.035524234	-0.124850586	-0.077257775	-0.002930913
				
-0.263912767	-0.037441175	-0.123463199	-0.074335679	0.000659063
				
-0.265514642	-0.040250901	-0.125864372	-0.075996898	0.000341743
				
-0.261906326	-0.041425999	-0.128916472	-0.078629069	-0.003433693
				
-0.25405407	-0.044776671	-0.134999514	-0.085181467	-0.011518683
				
-0.247224912	-0.047769167	-0.1392387	-0.089922562	-0.020213015
				
-0.24096249	-0.049722526	-0.142310977	-0.09383709	-0.0290667
				
-0.238511249	-0.051403929	-0.143439621	-0.095529899	-0.036183037
				
-0.236341506	-0.051478274	-0.144483298	-0.097642943	-0.042615172
				
-0.236122221	-0.052216586	-0.14564462	-0.099735111	-0.047456138
				
-0.235797912	-0.050987516	-0.145220906	-0.100080147	-0.05059455
				
-0.236850992	-0.04927912	-0.144429624	-0.099411309	-0.051448561
				
-0.238359585	-0.046660502	-0.143411443	-0.098092407	-0.050314851
				
-0.238478497	-0.042469122	-0.14291878	-0.096648186	-0.047456007
				
-0.237936959	-0.037490852	-0.141952589	-0.094889	-0.044647805
				
-0.238474131	-0.033294722	-0.141409814	-0.094548248	-0.042204745
				
-0.239182264	-0.02979568	-0.140130177	-0.093632706	-0.038412347
				
-0.240795225	-0.027974673	-0.138788268	-0.09332867	-0.033597428
				
-0.244388744	-0.026286516	-0.13654241	-0.091959506	-0.026040543
				
-0.249438345	-0.023779102	-0.1328215	-0.088514887	-0.017969359
				
-0.253681064	-0.020588491	-0.129568323	-0.084909983	-0.010022148
				
-0.256405085	-0.019091327	-0.12643975	-0.081815422	-0.005095996
				
-0.257049471	-0.020063661	-0.12579909	-0.082149759	-0.004008029
				
-0.257691115	-0.021781344	-0.125588059	-0.083410069	-0.004345603
				
-0.2567693	-0.023570605	-0.125025451	-0.084417835	-0.00540011
				
-0.256408274	-0.02810356	-0.125572413	-0.086711496	-0.008031446
				
-0.25876832	-0.031515274	-0.125053883	-0.087028146	-0.008260909
				
-0.262270182	-0.032402061	-0.123442203	-0.085941538	-0.006631624
				
-0.264637113	-0.029829275	-0.122231737	-0.084688559	-0.003249437
				
-0.266946226	-0.026818559	-0.118641399	-0.081181511	0.000530053
				
-0.271206141	-0.022651423	-0.113256045	-0.076120093	0.005785519
				
-0.274012625	-0.019836046	-0.110272989	-0.073931858	0.007912368
				
-0.27637741	-0.017307308	-0.107367069	-0.071794294	0.00998109
				
-0.276714116	-0.008962743	-0.099248469	-0.06452357	0.013707783
				
-0.277781308	-0.007403359	-0.095292173	-0.061203249	0.014192764
				
-0.276828587	-0.004491955	-0.092980891	-0.059167359	0.014391458
				
-0.274169803	-0.0029471	-0.093783759	-0.061002571	0.010530246
				
-0.273642033	-0.003752235	-0.094007194	-0.062480263	0.007468093
				
-0.273181736	-0.003619079	-0.094198979	-0.063903809	0.005116485
				
-0.272916466	-0.002811622	-0.094332054	-0.065206453	0.004214255
				
-0.273516178	-0.004014291	-0.097134657	-0.069694363	0.000725701
				
-0.274430931	-0.005323846	-0.099797897	-0.074138008	-0.002718098
				
-0.272781014	-0.007316496	-0.104506694	-0.080489457	-0.008337464
				
-0.270666391	-0.009899396	-0.110193327	-0.088141687	-0.014781419
				
-0.269525349	-0.0145914	-0.116574138	-0.096813284	-0.022722539
				
-0.268087	-0.019908287	-0.122892812	-0.104504168	-0.029628346
				
-0.268248141	-0.024273783	-0.125925362	-0.1087723	-0.034364447
				
-0.267600358	-0.02718585	-0.128499895	-0.111389324	-0.037482791
				
-0.268449128	-0.02963827	-0.128973812	-0.112095594	-0.039137676
				
-0.269099146	-0.032493152	-0.128964245	-0.11252901	-0.041385122
				
-0.269474387	-0.035080135	-0.128974676	-0.112742223	-0.043223888
				
-0.270039082	-0.037443597	-0.128655821	-0.112995073	-0.045495696
				
-0.270224899	-0.03803049	-0.127985016	-0.11273364	-0.04631114
				
-0.269957751	-0.038371101	-0.127520829	-0.112507947	-0.046763964
				
-0.269170672	-0.037393793	-0.127035737	-0.111834183	-0.0455852
				
-0.26789096	-0.035282716	-0.126996472	-0.111589	-0.0438977
				
-0.268559784	-0.03424181	-0.127039045	-0.111721136	-0.042508449
				
-0.270806044	-0.0338061	-0.128089204	-0.112707712	-0.040914878
				
-0.273834378	-0.035256729	-0.129862666	-0.113996565	-0.039492413
				
-0.2765674	-0.03878196	-0.131309047	-0.115819924	-0.040265426
				
-0.278963059	-0.041451678	-0.132550538	-0.117685325	-0.041547157
				
-0.28112191	-0.043200359	-0.13323772	-0.118490733	-0.041657247
				
-0.282372296	-0.045805715	-0.133448511	-0.119098976	-0.042978436
				
-0.282953352	-0.048019148	-0.133540526	-0.12020646	-0.045293443
				
-0.282999933	-0.049833287	-0.132988065	-0.120668501	-0.04688267
				
-0.282585949	-0.050557498	-0.133758739	-0.121948123	-0.048383757
				
-0.279649854	-0.050868385	-0.135779053	-0.123777971	-0.050009899
				
-0.277866274	-0.054095935	-0.138409942	-0.126703143	-0.052769393
				
-0.275710285	-0.055589244	-0.139607117	-0.127721936	-0.054127328
				
-0.274747044	-0.057831272	-0.139529392	-0.127415434	-0.053060357
				
-0.273981392	-0.059981532	-0.14006795	-0.12694712	-0.051749658
				
-0.274616301	-0.062311471	-0.140076309	-0.12581107	-0.049907014
				
-0.275244981	-0.063373685	-0.139763176	-0.124747612	-0.048491985
				
-0.276602775	-0.064455859	-0.138494685	-0.123261407	-0.048244778
				
-0.277630121	-0.066093475	-0.137364596	-0.12302608	-0.050237905
				
-0.27899909	-0.065207101	-0.135412768	-0.121628687	-0.049740992
				
-0.280162245	-0.063623689	-0.133613899	-0.120241828	-0.050009232
				
-0.281677395	-0.062090289	-0.133288607	-0.119735308	-0.051586621
				
-0.284218669	-0.061886936	-0.132096574	-0.118641227	-0.053239822
				
-0.287643999	-0.060498193	-0.130027473	-0.116995201	-0.054452948
				
-0.290092438	-0.059149534	-0.127885729	-0.11515528	-0.054526992
				
-0.291980475	-0.057377748	-0.12597239	-0.114128061	-0.053687498
				
-0.289974511	-0.057367325	-0.1273112	-0.115760192	-0.054604106
				
-0.286733627	-0.059990197	-0.130583078	-0.119247593	-0.058012009
				
-0.282703608	-0.062615812	-0.134865493	-0.123800591	-0.061984077
				
-0.27944988	-0.066762462	-0.139672056	-0.129700109	-0.066398114
				
-0.276931107	-0.07121709	-0.144114584	-0.135351896	-0.071318507
				
-0.276033759	-0.075814113	-0.146611273	-0.138601109	-0.073676273
				
-0.276439875	-0.079919063	-0.148030251	-0.14047204	-0.074838445
				
-0.276521385	-0.084423766	-0.14916113	-0.141689435	-0.076177627
				
-0.274920017	-0.086815551	-0.150557727	-0.143499896	-0.078952
				
-0.274330944	-0.087285414	-0.150566965	-0.143552214	-0.079767615
				
-0.275253266	-0.08633247	-0.14940536	-0.142151624	-0.078623578
				
-0.276822329	-0.086272337	-0.148480073	-0.140896067	-0.077105604
				
-0.278322071	-0.085135356	-0.14647755	-0.137946799	-0.075335853
				
-0.281875134	-0.081392027	-0.140608728	-0.131641731	-0.071234211
				
-0.284579813	-0.077798575	-0.136332095	-0.126284167	-0.06785062
				
-0.288225353	-0.074815527	-0.132441312	-0.12221799	-0.064625122
				
-0.290063977	-0.072326712	-0.130158052	-0.119433165	-0.062931262
				
-0.290617406	-0.0691787	-0.127671793	-0.117051266	-0.061554402
				
-0.291132271	-0.067240119	-0.126963019	-0.116616204	-0.06155489
				
-0.291242242	-0.065996632	-0.126604289	-0.116499081	-0.062327489
				
-0.290721059	-0.065066189	-0.126555443	-0.11724361	-0.063334994
				
-0.290661097	-0.064314909	-0.12709412	-0.118656524	-0.064011209
				
-0.291909575	-0.063442603	-0.127728209	-0.119933598	-0.063125432
				
-0.293657362	-0.064913929	-0.129471332	-0.122176245	-0.063300893
				
-0.295667082	-0.06744606	-0.130446985	-0.123987734	-0.06392803
				
-0.296856701	-0.070591949	-0.131893232	-0.125827491	-0.065258399
				
-0.300343037	-0.075605996	-0.132355645	-0.127542064	-0.065313049
				
-0.303278685	-0.080796823	-0.133134395	-0.130918056	-0.068112791
				
-0.304516107	-0.084956929	-0.134537101	-0.134518191	-0.071717545
				
-0.303883612	-0.087705284	-0.136428162	-0.13768208	-0.075067773
				
-0.301205426	-0.087802082	-0.137202203	-0.138970733	-0.077264138
				
-0.299392521	-0.088950641	-0.137481332	-0.139173523	-0.079009987
				
-0.298543155	-0.090472192	-0.136460304	-0.138784781	-0.079144761
				
-0.296862692	-0.092052869	-0.136026502	-0.13858363	-0.07934282
				
-0.293593109	-0.092696294	-0.137350813	-0.140100032	-0.081503436
				
-0.290144473	-0.095832221	-0.139938086	-0.142548516	-0.084334254
				
-0.28724426	-0.099938363	-0.14339292	-0.1457645	-0.088001832
				
-0.283913553	-0.103616066	-0.145948038	-0.147764549	-0.090620883
				
-0.280097246	-0.104055658	-0.148623899	-0.149633154	-0.094109416
				
-0.276573896	-0.107237414	-0.15216276	-0.153271794	-0.098366313
				
-0.274232	-0.109616727	-0.154635191	-0.156098738	-0.102019802
				
-0.271385074	-0.111361288	-0.157797769	-0.159336418	-0.106027924
				
-0.269201785	-0.113304317	-0.159992635	-0.163620785	-0.111437276
				
-0.267043382	-0.116911829	-0.162955314	-0.168015316	-0.117059387
				
-0.266643256	-0.121105686	-0.164992541	-0.17177245	-0.121020436
				
-0.269647211	-0.126452655	-0.165737271	-0.173753023	-0.121858798
				
-0.275474727	-0.13157098	-0.166633517	-0.175853431	-0.123146579
				
-0.284649491	-0.137028515	-0.164499551	-0.176018313	-0.121467322
				
-0.301261514	-0.145568058	-0.16262269	-0.175694212	-0.126154765
				
-0.298357159	-0.113502219	-0.142430216	-0.152848199	-0.118012235
				
-0.302864462	-0.098017633	-0.133100554	-0.141342372	-0.123233959
				
-0.318731219	-0.096451066	-0.131004035	-0.134535134	-0.125154853
				
-0.325769246	-0.11262688	-0.1344859	-0.136322752	-0.124359712
				
-0.318203568	-0.09013316	-0.119513735	-0.128979966	-0.120676063
				
-0.302186549	-0.079345211	-0.113153562	-0.128880754	-0.118730485
				
-0.29046762	-0.076207705	-0.128341943	-0.14483051	-0.129119173
				
-0.291846603	-0.099675283	-0.16032508	-0.183094174	-0.168229789
				
-0.30032146	-0.127300158	-0.196023643	-0.221590593	-0.216289327
				
-0.309438974	-0.150343493	-0.226406544	-0.252360642	-0.252027482
				
-0.316909641	-0.165435135	-0.246326774	-0.271876425	-0.271712244
				
-0.322273374	-0.175783977	-0.259449124	-0.28449893	-0.280264467
				
-0.326165617	-0.179624364	-0.264498353	-0.288585782	-0.280264258
				
-0.328662038	-0.179882824	-0.266009599	-0.28838557	-0.278650105
				
-0.329620868	-0.174990818	-0.263854474	-0.283550829	-0.273047864
				
-0.328694224	-0.166990101	-0.25994879	-0.27738741	-0.267603099
				
-0.325548798	-0.15483439	-0.252908677	-0.268485069	-0.261322141
				
-0.321653366	-0.142277345	-0.246154338	-0.258828759	-0.253172427
				
-0.316754937	-0.130327672	-0.238977626	-0.248501629	-0.242977098
				
-0.313325316	-0.120279774	-0.233208925	-0.239480853	-0.234868661
				
-0.309831679	-0.110673785	-0.227582887	-0.230926484	-0.229243621
				
-0.306619734	-0.103672937	-0.2249773	-0.226478189	-0.227949411
				
-0.304400176	-0.099755809	-0.224811003	-0.226142317	-0.228840649
				
-0.3032327	-0.099716	-0.22758083	-0.230282933	-0.231826216
				
-0.302744538	-0.101193041	-0.230710268	-0.235517293	-0.236169159
				
-0.302717924	-0.103198044	-0.233066261	-0.23961328	-0.241285667
				
-0.303368509	-0.105787553	-0.235263437	-0.24292028	-0.246429995
				
-0.304629922	-0.106657587	-0.2324121	-0.237713516	-0.247576445
				
-0.306079209	-0.10369578	-0.225885972	-0.225759208	-0.247304469
				
-0.307877392	-0.098279126	-0.218927607	-0.212842301	-0.249911755
				
-0.308702022	-0.092187732	-0.214510262	-0.200759262	-0.252224445
				
-0.308816165	-0.089901835	-0.214320853	-0.195946947	-0.256435186
				
-0.308656335	-0.090904631	-0.219112083	-0.20042339	-0.268767595
				
-0.309511244	-0.090342313	-0.223402321	-0.209395289	-0.293462664
				
-0.311147511	-0.087943226	-0.224173546	-0.215180814	-0.31008324
				
-0.312435031	-0.08303611	-0.21991469	-0.214859188	-0.314727396
				
-0.313881755	-0.076662883	-0.211842701	-0.209746018	-0.313507676
				
-0.316042125	-0.072103299	-0.204605639	-0.204757079	-0.307805032
				
-0.313217193	-0.049105477	-0.169446215	-0.19179742	-0.259796351
				
-0.310778469	-0.040162232	-0.149397448	-0.18645148	-0.224853605
				
-0.307876855	-0.041864205	-0.144839972	-0.181255952	-0.196261093
				
-0.310429394	-0.048976425	-0.146385133	-0.178720787	-0.18026939
				
-0.313652426	-0.059103649	-0.150846153	-0.180554524	-0.175911278
				
-0.315649271	-0.066165775	-0.154484347	-0.18342188	-0.177858829
				
-0.317988336	-0.066853344	-0.160195023	-0.191022292	-0.186724126
				
-0.3203004	-0.06150284	-0.164159045	-0.197895557	-0.195356756
				
-0.32035625	-0.053879563	-0.165459871	-0.201320365	-0.201328948
				
-0.316944838	-0.04469515	-0.165281117	-0.203725472	-0.206394851
				
-0.314803034	-0.033977933	-0.158141106	-0.198160321	-0.203379989
				
-0.312823415	-0.024933871	-0.151851863	-0.194000125	-0.200578243
				
-0.311980456	-0.017500859	-0.146979004	-0.191739857	-0.19893907
				
-0.314135939	-0.012039866	-0.142719284	-0.190198511	-0.198069334
				
-0.316651344	-0.000458531	-0.135121822	-0.188771069	-0.19581528
				
-0.313193381	0.010784928	-0.131018758	-0.18531391	-0.191933826
				
-0.305626035	0.01618872	-0.135353595	-0.185633078	-0.192975581
				
-0.304366231	0.0166658	-0.138339192	-0.185825422	-0.1896521
				
-0.304100573	0.014783736	-0.139819905	-0.1869964	-0.18851307
				
-0.305205971	0.011149473	-0.141473189	-0.189024553	-0.188976198
				
-0.30940333	0.005086057	-0.144274056	-0.192274168	-0.191651568
				
-0.315710366	0.000408631	-0.146147862	-0.19445686	-0.195161536
				
-0.322523624	-0.004725773	-0.150465786	-0.199891925	-0.202082872
				
-0.331393152	-0.013546098	-0.159259021	-0.210769221	-0.214430511
				
-0.337028027	-0.022938769	-0.16706562	-0.218046322	-0.222960338
				
-0.341992468	-0.030839743	-0.170912698	-0.223439991	-0.226458386
				
-0.346052021	-0.034269854	-0.167485759	-0.238280609	-0.240759015
				
-0.331742734	-0.058996145	-0.205673173	-0.26921019	-0.2974765
				
-0.325852215	-0.067707315	-0.216375619	-0.265817493	-0.319405138
				
-0.31379202	-0.078247771	-0.226185143	-0.276096344	-0.314534873
				
-0.311377883	-0.079832681	-0.227584407	-0.277709603	-0.305397809
				
-0.312344819	-0.085350126	-0.229543254	-0.281976044	-0.305150151
				
-0.317967385	-0.094872341	-0.243691027	-0.298886359	-0.3181445
				
-0.317256242	-0.091614105	-0.247119293	-0.30210948	-0.322961777
				
-0.315762877	-0.083375216	-0.24456349	-0.296193182	-0.320761323
				
-0.316486299	-0.094769105	-0.257357925	-0.303839684	-0.331500918
				
-0.317795992	-0.103292249	-0.263367176	-0.300595641	-0.33030948
				
-0.317336887	-0.099743642	-0.259820193	-0.293313414	-0.32350713
				
-0.319425046	-0.100601323	-0.259692609	-0.29055199	-0.321347237
				
-0.319905311	-0.117062695	-0.269610554	-0.296234667	-0.327148438
				
-0.324269205	-0.126014724	-0.272517651	-0.296392769	-0.327345133
				
-0.33303386	-0.132857084	-0.267675519	-0.290083289	-0.320344388
				
-0.342184544	-0.141018152	-0.267355949	-0.28899622	-0.314658552
				
-0.350388885	-0.147947475	-0.268311143	-0.289651185	-0.308998138
				
-0.356457829	-0.157072961	-0.274434239	-0.294551015	-0.30785042
				
-0.362129986	-0.167357937	-0.280216068	-0.299602956	-0.309020638
				
-0.367093325	-0.180651695	-0.288009644	-0.308602065	-0.31328249
				
-0.375790983	-0.185039744	-0.289151043	-0.312559813	-0.311622918
				
-0.388640821	-0.196293443	-0.292219967	-0.316632926	-0.311989605
				
-0.398918599	-0.218239322	-0.306117475	-0.332296222	-0.322394133
				
-0.396807909	-0.230116457	-0.310428977	-0.340686828	-0.324493289
				
-0.384050846	-0.23046425	-0.305361867	-0.33825326	-0.317836046
				
-0.372670114	-0.229749784	-0.300744414	-0.334920079	-0.311173946
				
-0.365219533	-0.225889727	-0.297482044	-0.332426876	-0.305104256
				
-0.36231941	-0.220624	-0.292980999	-0.329031497	-0.299320906
				
-0.356828094	-0.203520611	-0.276893497	-0.316601068	-0.291326523
				
-0.349168003	-0.193388075	-0.266749263	-0.307367176	-0.282970935
				
-0.343504012	-0.18881312	-0.269558072	-0.309693635	-0.282364339
				
-0.341274679	-0.191736385	-0.278764725	-0.317861259	-0.289207578
				
-0.340978682	-0.196595341	-0.282271683	-0.318413198	-0.288707793
				
-0.342502743	-0.198815882	-0.283592403	-0.318227321	-0.286681592
				
-0.341550112	-0.200636566	-0.28423205	-0.317661852	-0.288732409
				
-0.337703854	-0.198257118	-0.276397526	-0.306264937	-0.288960665
				
-0.33662504	-0.19627589	-0.274358302	-0.304419518	-0.293083906
				
-0.334061533	-0.19202815	-0.274230421	-0.299661517	-0.295742095
				
-0.329608649	-0.191849753	-0.271796733	-0.290974379	-0.297220349
				
-0.321442932	-0.185905904	-0.269849181	-0.284235448	-0.297960252
				
-0.313138664	-0.15822418	-0.262650698	-0.274450749	-0.294065535
				
-0.309072405	-0.134100333	-0.25549379	-0.26906231	-0.293234617
				
-0.308964163	-0.12059062	-0.254630029	-0.271291286	-0.297029644
				
-0.308771789	-0.109901786	-0.255823195	-0.274196267	-0.301359415
				
-0.307392687	-0.101933703	-0.256961435	-0.278336823	-0.307173997
				
-0.304825604	-0.093560778	-0.256253153	-0.281292081	-0.311940312
				
-0.301461577	-0.080573477	-0.25004214	-0.280678958	-0.315093011
				
-0.301615	-0.07602194	-0.247011155	-0.284066528	-0.321825951
				
-0.302961707	-0.07521072	-0.24569419	-0.289664954	-0.32975775
				
-0.30101335	-0.071803942	-0.243081912	-0.291143805	-0.331312388
				
-0.28932488	-0.061341204	-0.237162292	-0.284888804	-0.324814826
				
-0.298840463	-0.061979331	-0.23301205	-0.282537699	-0.318992585
				
-0.311953068	-0.073774762	-0.235954598	-0.291319311	-0.319763064
				
-0.30469054	-0.05792648	-0.215596348	-0.288296252	-0.313744068
				
-0.297045887	-0.04423067	-0.199276388	-0.272124022	-0.300944775
				
-0.300757945	-0.050416946	-0.200714499	-0.278397381	-0.306936324
				
-0.311395735	-0.050536331	-0.206962869	-0.286866933	-0.317307502
				
-0.314266473	-0.045899253	-0.210007802	-0.296173871	-0.325640589
				
-0.307003468	-0.046728723	-0.216350481	-0.302563936	-0.323131055
				
-0.291917652	-0.039511897	-0.219788432	-0.291324645	-0.300759286
				
-0.285126746	-0.056420512	-0.239451647	-0.298490793	-0.299457192
				
-0.262231886	-0.060997341	-0.248616874	-0.284957826	-0.275502145
				
-0.252961367	-0.067878366	-0.237452209	-0.256741375	-0.24810639
				
-0.248084426	-0.075892821	-0.230597004	-0.239600927	-0.238636047
				
-0.231997699	-0.056648228	-0.22873491	-0.223577067	-0.231239498
				
-0.226695895	-0.068205185	-0.224930346	-0.222791255	-0.229097962
				
-0.235636741	-0.063844636	-0.217679948	-0.223280713	-0.230853111
				
-0.249257714	-0.074964188	-0.230141312	-0.227601573	-0.243001729
				
-0.245218202	-0.086000472	-0.238131538	-0.239333451	-0.252108842
				
-0.302199453	-0.122836106	-0.246053651	-0.24164243	-0.245212853
				
-0.32758677	-0.204467893	-0.260123342	-0.249205068	-0.244200394
				
-0.346624523	-0.238001585	-0.248260915	-0.231274694	-0.231124893
				
-0.355996996	-0.24451609	-0.224471688	-0.216230467	-0.221639246
				
-0.348511547	-0.238970309	-0.199987739	-0.212947533	-0.215732381
				
-0.345676839	-0.221808121	-0.187155247	-0.218637317	-0.222358897
				
-0.336197913	-0.206951797	-0.187569648	-0.237059623	-0.227221161
				
-0.328576326	-0.184335366	-0.185780779	-0.247001782	-0.231461495
				
-0.323587656	-0.16782701	-0.18202275	-0.250279516	-0.241317779
				
-0.320795268	-0.152124479	-0.173440516	-0.246920109	-0.249376237
				
-0.322461367	-0.139570355	-0.162913099	-0.24499321	-0.25026834
				
-0.319168627	-0.132271573	-0.161462143	-0.243661761	-0.254185379
				
-0.320435554	-0.13817142	-0.166641787	-0.242575794	-0.264318943
				
-0.311169624	-0.143916354	-0.187235698	-0.249627292	-0.294375837
				
-0.329251677	-0.17618461	-0.203708634	-0.267172873	-0.321839809
				
-0.326733321	-0.183474779	-0.207629129	-0.262959749	-0.321122289
				
-0.319314301	-0.192527935	-0.211975232	-0.261099249	-0.314986229
				
-0.301270366	-0.207281679	-0.225371704	-0.274295926	-0.336177707
				
-0.294121653	-0.236743063	-0.267862856	-0.318985969	-0.409857631
				
-0.271081358	-0.223001584	-0.284663022	-0.338962078	-0.427434057
				
-0.282097191	-0.223879546	-0.289408296	-0.338719428	-0.427904665
				
-0.303088546	-0.213344648	-0.269571275	-0.315961748	-0.41206032
				
-0.318525136	-0.19132784	-0.231458619	-0.265888453	-0.361879289
				
-0.348419696	-0.200189665	-0.218420684	-0.242144704	-0.329157203
				
-0.358176529	-0.217501312	-0.214924067	-0.232861772	-0.304148048
				
-0.364756644	-0.216534302	-0.20011358	-0.213133812	-0.273318082
				
-0.364366382	-0.21012935	-0.184542209	-0.195412576	-0.244322225
				
-0.361162663	-0.204673797	-0.174081266	-0.182438746	-0.221819982
				
-0.351568669	-0.185517997	-0.161204129	-0.16968666	-0.200775385
				
-0.340779155	-0.166510835	-0.149817228	-0.161278605	-0.187376231
				
-0.330190092	-0.154893398	-0.143651396	-0.15949446	-0.182277739
				
-0.322969139	-0.148918271	-0.140456468	-0.15935269	-0.18266651
				
-0.318482429	-0.145725042	-0.136701182	-0.15962401	-0.183431715
				
-0.316745818	-0.144095823	-0.132611752	-0.159695864	-0.184204429
				
-0.317820072	-0.145581946	-0.131743297	-0.158941418	-0.184551552
				
-0.320060015	-0.14681603	-0.129987687	-0.158252478	-0.185338885
				
-0.322601199	-0.149547666	-0.131267518	-0.160414934	-0.189491823
				
-0.326396048	-0.150573775	-0.130740345	-0.163713872	-0.195310801
				
-0.330693126	-0.152091891	-0.130831465	-0.166841328	-0.198282108
				
-0.336429924	-0.154732868	-0.133676216	-0.169073477	-0.200457469
				
-0.343827575	-0.162670776	-0.141767576	-0.174315542	-0.204896107
				
-0.352794886	-0.173135713	-0.151303276	-0.184679896	-0.215670928
				
-0.355863422	-0.169110715	-0.148301974	-0.191136524	-0.223449051
				
-0.353034019	-0.156201348	-0.14595519	-0.19643943	-0.234808251
				
-0.353235006	-0.148586482	-0.144006982	-0.199683234	-0.240423456
				
-0.355469823	-0.148352697	-0.142459586	-0.202764824	-0.245318934
				
-0.353659451	-0.14713119	-0.140478149	-0.20501785	-0.25230962
				
-0.346015781	-0.152490765	-0.146844059	-0.213484675	-0.265804201
				
-0.340141863	-0.160649166	-0.156196475	-0.217488959	-0.276952446
				
-0.341469795	-0.166710526	-0.174321949	-0.229803458	-0.286713362
				
-0.340822905	-0.186746836	-0.204101101	-0.254012018	-0.302826136
				
-0.336813033	-0.186108559	-0.217470571	-0.266142547	-0.314532965
				
-0.328696787	-0.186780602	-0.222605705	-0.276687592	-0.321695566
