-0.448141009	0.57374233	0.628565073	0.665496647	0.634923756
				
-0.488218665	0.576582909	0.619232416	0.653753757	0.620766282
				
-0.513121247	0.587976456	0.619629741	0.649989307	0.613114834
				
-0.515815794	0.603046536	0.618735015	0.644829214	0.601365209
				
-0.505446613	0.619219363	0.618779302	0.641926765	0.595683217
				
-0.482289016	0.654774189	0.635565102	0.653588414	0.602612138
				
-0.471298277	0.675537944	0.650025189	0.662801445	0.605329275
				
-0.482023448	0.693414211	0.668296933	0.683323026	0.622125983
				
-0.492172539	0.691476345	0.676457822	0.692602575	0.627257288
				
-0.483976245	0.672116697	0.676503122	0.699634135	0.637384653
				
-0.473662227	0.663029671	0.679726481	0.708970666	0.649998724
				
-0.55366075	0.242258638	0.294905007	0.292245328	0.219083518
				
-0.34290576	0.648107648	0.613221049	0.596943498	0.49666357
				
-0.315975666	0.801136255	0.755731583	0.722438037	0.632092655
				
-0.300198227	0.829253316	0.775173306	0.750086963	0.682064354
				
-0.295077205	0.831611037	0.786295772	0.765227199	0.698664844
				
-0.290805995	0.828414083	0.792134702	0.773829579	0.711105943
				
-0.306375861	0.81336689	0.789322436	0.768784046	0.708217382
				
-0.312869489	0.808886945	0.786153495	0.765097499	0.7051512
				
-0.31384024	0.804382086	0.779380023	0.760795295	0.699408233
				
-0.313346922	0.802178502	0.770263016	0.752897918	0.686695337
				
-0.302284181	0.810118139	0.781265557	0.755155921	0.68035239
				
-0.289557278	0.814013302	0.773069859	0.750758052	0.670713902
				
-0.274869502	0.822228611	0.779537797	0.752749383	0.664661169
				
-0.264941394	0.827147007	0.795441806	0.76472944	0.672985077
				
-0.240880042	0.840756595	0.801562905	0.776818037	0.684836388
				
-0.244226098	0.848062158	0.79376328	0.772749543	0.683447778
				
-0.257809848	0.853205144	0.782874107	0.764623702	0.678348541
				
-0.273456097	0.85539031	0.773345888	0.756483674	0.672735453
				
-0.290737689	0.855846524	0.765425682	0.750145257	0.66615653
				
-0.297722936	0.841369808	0.748993039	0.736868024	0.653892696
				
-0.303503424	0.835667849	0.739274502	0.727415204	0.64495796
				
-0.311375976	0.824539125	0.71872741	0.714030385	0.629660726
				
-0.312280476	0.8166852	0.697698116	0.698831141	0.61130923
				
-0.310904235	0.812485516	0.681879282	0.68624711	0.593893409
				
-0.299631208	0.81072247	0.674254596	0.67844069	0.584888875
				
-0.277163506	0.791841626	0.683167875	0.680525422	0.581204951
				
-0.2694484	0.771134079	0.679232895	0.672274649	0.578564763
				
-0.268256277	0.75447762	0.670453668	0.658446908	0.572082937
				
-0.261801481	0.744880319	0.663039982	0.64894253	0.568677902
				
-0.253733009	0.747107923	0.669008613	0.654291391	0.575067043
				
-0.245163888	0.75538063	0.67696929	0.662750959	0.584604979
				
-0.251023352	0.756287634	0.673963368	0.661131263	0.583884716
				
-0.262206197	0.758050382	0.676720381	0.664028406	0.586153746
				
-0.269150138	0.769011676	0.663003981	0.667597055	0.582255006
				
-0.277595073	0.768568158	0.66302973	0.659816623	0.572426617
				
-0.302623063	0.76719588	0.655776024	0.647891045	0.55960983
				
-0.324272633	0.765220761	0.653369963	0.644444942	0.554755867
				
-0.329856366	0.763933897	0.650951862	0.640100896	0.551096916
				
-0.323250771	0.762635291	0.660129845	0.650274456	0.561108947
				
-0.312401414	0.756856024	0.664852858	0.651298404	0.567913234
				
-0.301215917	0.745165169	0.657656431	0.644334078	0.565651298
				
-0.301401079	0.742595136	0.659804404	0.649223208	0.570799232
				
-0.312418282	0.741522431	0.65172708	0.643955767	0.564188242
				
-0.319711745	0.754337966	0.661275148	0.65137589	0.565449238
				
-0.320982873	0.763255537	0.671370029	0.658210754	0.568210602
				
-0.318738818	0.76622802	0.676544428	0.663117409	0.572435558
				
-0.315617412	0.767589152	0.68142879	0.669416308	0.578821599
				
-0.313617945	0.768089533	0.686424792	0.677486837	0.588821948
				
-0.317186236	0.765813231	0.688875794	0.683828235	0.596281171
				
-0.305761307	0.779025018	0.706576347	0.699783266	0.611277282
				
-0.293551922	0.781328499	0.719558895	0.706864178	0.616308033
				
-0.296975493	0.768003762	0.700944424	0.687650263	0.595721602
				
-0.295358777	0.766375661	0.694637597	0.685356438	0.591446817
				
-0.280062258	0.766669929	0.695305109	0.677466393	0.585902393
				
-0.279158115	0.765506983	0.693428218	0.678977013	0.590237617
				
-0.253775716	0.776548982	0.715065539	0.693987906	0.605069518
				
-0.258324414	0.765125871	0.693581998	0.674576044	0.588616252
				
-0.247145176	0.752111793	0.672441125	0.65703398	0.576897979
				
-0.261361122	0.732919812	0.635628343	0.61828959	0.536924005
				
-0.252707005	0.725885153	0.612114906	0.588061154	0.512163103
				
-0.236456826	0.731368482	0.615957141	0.586995006	0.516728878
				
-0.235730693	0.722113729	0.596128583	0.55909729	0.490133762
				
-0.215818048	0.72104156	0.605236888	0.568722188	0.50527823
				
-0.203920007	0.733241677	0.626105189	0.590333223	0.529289603
				
-0.201505184	0.727859259	0.622202039	0.581959367	0.51902616
				
-0.197250307	0.719925106	0.621700227	0.584447861	0.527826309
				
-0.194067955	0.706636846	0.603420973	0.564852953	0.516504467
				
-0.198778048	0.695853353	0.595273972	0.556745589	0.51514554
				
-0.204675928	0.689490676	0.593619764	0.555141807	0.514950275
				
-0.211610183	0.691056371	0.603481591	0.566306591	0.521562755
				
-0.216140047	0.693324566	0.612732172	0.578026295	0.526003063
				
-0.218910769	0.695648372	0.619426966	0.58680743	0.529036999
				
-0.223260596	0.698825657	0.624845386	0.594046593	0.530535221
				
-0.217781916	0.703664124	0.628067851	0.599924326	0.535849571
				
-0.214010939	0.699704289	0.617167592	0.591693997	0.53337574
				
-0.214440778	0.691469908	0.601098776	0.573402524	0.519624233
				
-0.229329184	0.681284845	0.575524688	0.541414022	0.480580896
				
-0.237633526	0.689070463	0.576493442	0.539152622	0.47110644
				
-0.240100905	0.70260185	0.584631085	0.552659035	0.488841772
				
-0.241171271	0.712955534	0.582161844	0.545202851	0.480300844
				
-0.249597937	0.713619173	0.576738358	0.530951321	0.46363759
				
-0.248579562	0.72551614	0.586314321	0.550128937	0.486659139
				
-0.246768728	0.724383414	0.57787317	0.538697958	0.481742263
				
-0.288796574	0.709677339	0.550857008	0.504598379	0.454463005
				
-0.296849638	0.72563374	0.610339463	0.590391994	0.516363561
				
-0.287837625	0.739389777	0.636485755	0.621440172	0.546327949
				
-0.293789029	0.731263876	0.624073744	0.60513252	0.53088963
				
-0.3034271	0.735460758	0.644104898	0.625160694	0.54786706
				
-0.301914692	0.731913924	0.645478487	0.626619935	0.549936116
				
-0.31461525	0.728830695	0.64425534	0.626447737	0.549495816
				
-0.326631457	0.734737396	0.670212507	0.656027555	0.576416492
				
-0.32792747	0.744628251	0.69398278	0.681011558	0.600301147
				
-0.32417202	0.753425062	0.709321856	0.696372926	0.616805077
				
-0.324818611	0.754530668	0.710678399	0.69726187	0.619612873
				
-0.327861488	0.7626459	0.718255401	0.701371312	0.624074876
				
-0.334936559	0.766854644	0.724931419	0.706452966	0.630319118
				
-0.344788194	0.767566502	0.727882743	0.707971931	0.633008003
				
-0.353049815	0.781261206	0.735423505	0.71906817	0.647532642
				
-0.350396097	0.789267957	0.73447144	0.719767094	0.649272919
				
-0.344795227	0.793781102	0.730866194	0.715928614	0.644955873
				
-0.337777615	0.794643402	0.729439259	0.71235013	0.643505991
				
-0.337173879	0.793787479	0.728320897	0.709911704	0.642249465
				
-0.335133523	0.790789127	0.72689122	0.706603885	0.639046431
				
-0.33392626	0.788761497	0.726248443	0.704588234	0.63833034
				
-0.328545094	0.769399166	0.719040453	0.698827684	0.643097579
				
-0.319957435	0.774226367	0.726033866	0.70427227	0.647763789
				
-0.323377818	0.776094556	0.731628001	0.708460808	0.650201917
				
-0.325454354	0.778759837	0.738632917	0.713109672	0.654767275
				
-0.335095048	0.782517433	0.745443106	0.718865991	0.660025716
				
-0.340705276	0.783761978	0.748583436	0.721513033	0.661901772
				
-0.33637616	0.785930157	0.750321627	0.723471284	0.662338257
				
-0.339709163	0.786954343	0.754500389	0.726188898	0.665068507
				
-0.334721953	0.767596364	0.738028228	0.714576006	0.659325302
				
-0.34156099	0.752574146	0.729421735	0.708341122	0.657482505
				
-0.31908831	0.755093455	0.730010509	0.709444702	0.653180301
				
-0.317235649	0.758343399	0.730481029	0.7081514	0.64695555
				
-0.316522896	0.750954509	0.72922349	0.706185579	0.650277376
				
-0.331746161	0.742704093	0.726324558	0.702826738	0.651435137
				
-0.323830962	0.751113772	0.727326393	0.704417408	0.648034692
				
-0.324079692	0.758643746	0.728574514	0.704483211	0.642668724
				
-0.323223263	0.751258552	0.724774182	0.701265574	0.645603538
				
-0.33776772	0.743248284	0.721870422	0.699012041	0.648433685
				
-0.328573912	0.752378404	0.724223673	0.702081919	0.645471215
				
-0.329009831	0.759218097	0.7279374	0.704337955	0.641643524
				
-0.332678556	0.773698092	0.743858814	0.716644883	0.655735493
				
-0.339461267	0.783448458	0.754221261	0.725505829	0.665965557
				
-0.344950527	0.786135316	0.757381916	0.728854895	0.670348644
				
-0.342476726	0.788949966	0.760382652	0.732059062	0.673240423
				
-0.335158229	0.793573797	0.761541486	0.733875096	0.67474097
				
-0.334214032	0.796038866	0.763123751	0.735409379	0.674919128
				
-0.32830134	0.801356852	0.765113771	0.738007307	0.676827252
				
-0.330066502	0.803782523	0.766090512	0.738647521	0.676138163
				
-0.323438674	0.806994796	0.763856888	0.737086892	0.673995733
				
-0.312277645	0.793064356	0.754438281	0.730580926	0.673135698
				
-0.304190278	0.800893247	0.75681901	0.733700931	0.673145056
				
-0.296470046	0.788379252	0.747411013	0.726891339	0.672341168
				
-0.292128205	0.802217126	0.755399466	0.733842969	0.674499691
				
-0.29792738	0.809752345	0.759644806	0.73806572	0.674718201
				
-0.302743971	0.81609869	0.764347851	0.74086839	0.675127745
				
-0.300863862	0.822373688	0.76782912	0.743133664	0.676626146
				
-0.287034214	0.806876421	0.759768009	0.737807989	0.678469896
				
-0.294253111	0.79042846	0.747031271	0.727780223	0.675814927
				
-0.29007405	0.802958846	0.751880765	0.733143806	0.675795794
				
-0.289770037	0.792215943	0.74912113	0.730988264	0.678335667
				
-0.298537046	0.784977078	0.745912313	0.728773654	0.680762053
				
-0.315893054	0.780350029	0.745594382	0.727062225	0.682857156
				
-0.310181201	0.800561845	0.756990254	0.738397539	0.683354259
				
-0.302612096	0.796134055	0.75582844	0.738592803	0.686699092
				
-0.305571437	0.810983717	0.761487544	0.745665252	0.683408499
				
-0.315965712	0.815784931	0.78272897	0.759194255	0.682381988
				
-0.324620008	0.804190338	0.774420679	0.758828163	0.689225018
				
-0.343942493	0.809820116	0.78582871	0.764290869	0.687008262
				
-0.354158878	0.812861681	0.796570659	0.770581722	0.689042509
				
-0.363332689	0.815439403	0.799938798	0.773023665	0.691036463
				
-0.366080225	0.816922665	0.80493629	0.77574265	0.692890525
				
-0.369160891	0.816522002	0.803603828	0.774771214	0.693447828
				
-0.365438879	0.820076704	0.803795695	0.775174141	0.693737626
				
-0.363337398	0.819379151	0.802332878	0.773070693	0.692277312
				
-0.35795489	0.821434259	0.799083173	0.769440114	0.687826395
				
-0.353038579	0.821550786	0.797994733	0.769493222	0.688197911
				
-0.345034033	0.82398963	0.797208488	0.768045962	0.686771333
				
-0.343243897	0.829479933	0.800716758	0.771158278	0.68880266
				
-0.342111856	0.828729808	0.79759407	0.769188583	0.687899709
				
-0.34176755	0.828136444	0.794117868	0.766329825	0.685223341
				
-0.341425002	0.827640295	0.793589592	0.768085599	0.68785423
				
-0.335406601	0.823709548	0.788429379	0.766480863	0.688570201
				
-0.333404571	0.820666671	0.779925942	0.759616494	0.681863964
				
-0.328864038	0.819060981	0.776663661	0.759905577	0.682553113
				
-0.320946068	0.815675318	0.773051977	0.755783081	0.679770112
				
-0.314835578	0.816929042	0.764907241	0.750959516	0.675665379
				
-0.308272839	0.817098081	0.764866352	0.752670228	0.677711129
				
-0.303663194	0.817514777	0.760961354	0.747896433	0.673111796
				
-0.305879533	0.815211058	0.763721466	0.749098778	0.673361897
				
-0.299598575	0.812391639	0.747908652	0.734584868	0.658364952
				
-0.28880465	0.811682224	0.738662958	0.726958513	0.650073349
				
-0.279217839	0.810911953	0.728962541	0.716519833	0.638868093
				
-0.268218875	0.812492847	0.732078016	0.723141074	0.645253122
				
-0.260618508	0.808233857	0.718088388	0.711518288	0.632629156
				
-0.25511837	0.797874331	0.703235388	0.704456091	0.62299633
				
-0.251636118	0.789559603	0.704121947	0.704724431	0.621456385
				
-0.254556477	0.790439725	0.710243344	0.710982859	0.626976788
				
-0.257875264	0.794501722	0.721171916	0.719697952	0.635730505
				
-0.25862807	0.792484522	0.726763248	0.720952928	0.638080716
				
-0.259682417	0.793734908	0.730746925	0.721032262	0.63892889
				
-0.263094634	0.797279298	0.72950685	0.720012546	0.63923341
				
-0.271922946	0.789665341	0.722489178	0.715338767	0.635656297
				
-0.273229718	0.792251706	0.730915666	0.720865905	0.640466809
				
-0.273761153	0.79499352	0.736791432	0.724454939	0.644407392
				
-0.2745502	0.797210038	0.733588576	0.719843447	0.640520632
				
-0.270982444	0.804784298	0.741065204	0.726301134	0.651392519
				
-0.271035731	0.808827996	0.743120432	0.728364825	0.656733513
				
-0.275263846	0.806540608	0.732460022	0.718316436	0.6474244
				
-0.27915138	0.803141952	0.728343844	0.715606868	0.645637274
				
-0.282597482	0.797798216	0.723013818	0.711496234	0.641437829
				
-0.288316399	0.792564452	0.721409142	0.710543692	0.639818251
				
-0.290541857	0.793001056	0.728064656	0.716724813	0.646095514
				
-0.291505337	0.791624844	0.726610184	0.71506983	0.641842008
				
-0.292490602	0.788790643	0.722587883	0.711287498	0.636035025
				
-0.293123037	0.785519063	0.717503786	0.706685901	0.630574524
				
-0.288418353	0.781691909	0.707416594	0.697759748	0.619862854
				
-0.28205812	0.779698849	0.705721676	0.69599843	0.616829038
				
-0.276118577	0.778692663	0.702616811	0.692915559	0.613813639
				
-0.272470415	0.777759194	0.70131433	0.69287473	0.615689695
				
-0.271757662	0.777314186	0.700226784	0.69182086	0.614334583
				
-0.269187033	0.778434157	0.700666904	0.690403163	0.612622082
				
-0.265158176	0.778344154	0.697025299	0.684643388	0.607621968
				
-0.264673769	0.77766633	0.694778919	0.680395603	0.604230881
				
-0.270613909	0.77252543	0.681187391	0.667484403	0.590004206
				
-0.292099446	0.766570449	0.665630937	0.647143006	0.571814656
				
-0.302784085	0.764136791	0.668759584	0.654431403	0.579868555
				
-0.303439617	0.764790058	0.669772267	0.65513283	0.581022322
				
-0.307493359	0.766581476	0.667911887	0.655297637	0.582302988
				
-0.308664143	0.763267994	0.66202563	0.645552874	0.571021438
				
-0.305787623	0.762150824	0.660347998	0.648240149	0.574183822
				
-0.303416163	0.766069531	0.663753867	0.652785718	0.57696116
				
-0.29521066	0.776447117	0.676150203	0.667589843	0.591536999
				
-0.283014953	0.787428975	0.691992521	0.684110403	0.611772537
				
-0.275436699	0.793843687	0.699073672	0.690574586	0.620504379
				
-0.272172213	0.802017093	0.70963794	0.700917363	0.630843878
				
-0.26957199	0.806897044	0.713496387	0.706660271	0.639287353
				
-0.267320633	0.811847389	0.720485866	0.715035021	0.650364697
				
-0.27176851	0.812475383	0.722599924	0.717134833	0.652867496
				
-0.283051968	0.812745333	0.724113762	0.718349338	0.653679192
				
-0.284878552	0.8141343	0.731995583	0.726975262	0.662867665
				
-0.288525939	0.813080668	0.733057201	0.726827502	0.662601948
				
-0.293844044	0.80777967	0.725742698	0.719383121	0.652139902
				
-0.299215555	0.811482966	0.734591126	0.725972652	0.657868624
				
-0.306168228	0.811221778	0.734705448	0.725471139	0.65924108
				
-0.31447047	0.809384167	0.736396968	0.726683795	0.65908885
				
-0.314075053	0.815044522	0.750267088	0.738370061	0.66863811
				
-0.318314314	0.817931712	0.756264985	0.743363023	0.674504578
				
-0.317021638	0.813041866	0.752164364	0.737388432	0.668396354
				
-0.32142964	0.809311807	0.747943997	0.733606696	0.663076639
				
-0.320176363	0.811512887	0.750700414	0.736412585	0.664820731
				
-0.326940119	0.809440374	0.748162985	0.734472632	0.662310839
				
-0.332200974	0.810254693	0.756713271	0.740299106	0.667213321
				
-0.340515554	0.807510734	0.757249475	0.739321649	0.665697157
				
-0.348005712	0.808084607	0.76248908	0.741089523	0.664613485
				
-0.360180616	0.801940203	0.761346757	0.738667727	0.661665022
				
-0.365426958	0.803688586	0.766229987	0.740953982	0.662314177
				
-0.371641397	0.801215351	0.766147912	0.741289377	0.662379324
				
-0.370476514	0.803770304	0.770689845	0.745199323	0.66505897
				
-0.387367368	0.773995757	0.743013024	0.732629418	0.661977232
				
-0.380515993	0.77144289	0.732800186	0.725227952	0.667897582
				
-0.368151784	0.771402776	0.724938631	0.719603658	0.671597958
				
-0.353575289	0.772648215	0.721249819	0.716365933	0.674627185
				
-0.344196141	0.774226785	0.719430327	0.713111758	0.675066471
				
-0.337461293	0.772268057	0.71280992	0.707468867	0.670900226
				
-0.300391436	0.794776976	0.721297622	0.714647055	0.665560961
				
-0.286027163	0.791642964	0.722137272	0.713841319	0.664763808
				
-0.287469417	0.789992273	0.72702527	0.716982126	0.668264329
				
-0.297793508	0.788929582	0.731548369	0.720384836	0.672030151
				
-0.314281583	0.786831975	0.734676957	0.722669482	0.67423439
				
-0.331413448	0.785110354	0.734328508	0.723298609	0.675095022
				
-0.340423226	0.785231888	0.73616451	0.725036383	0.678458571
				
-0.342974812	0.786915541	0.739606261	0.729208708	0.682806134
				
-0.363558978	0.799236894	0.766532063	0.747048736	0.678042829
				
-0.367117822	0.812819898	0.788507104	0.763680518	0.684020877
				
-0.366149187	0.822942436	0.80379355	0.776430726	0.692815185
				
-0.360626459	0.828056574	0.811605811	0.782735646	0.697534382
				
-0.35107398	0.83408922	0.819111705	0.78904736	0.704689264
				
-0.34256345	0.835690856	0.823147535	0.789494932	0.705988586
				
-0.333505809	0.837712169	0.823255599	0.789082766	0.707030535
				
-0.328674018	0.839655042	0.826170564	0.790576816	0.709901333
				
-0.320088327	0.840797484	0.829205632	0.793413401	0.714488566
				
-0.315302759	0.841338456	0.82596302	0.792267919	0.714985967
				
-0.312292844	0.841069281	0.820197105	0.787773669	0.711715162
				
-0.301701665	0.840849996	0.812621355	0.783300638	0.708904505
				
-0.297416538	0.844043851	0.810547352	0.781796217	0.70910728
				
-0.289758712	0.842786014	0.806171119	0.778166294	0.706323922
				
-0.283481628	0.842847764	0.803948939	0.776024461	0.704183042
				
-0.279728591	0.840767264	0.795099437	0.768831491	0.696468353
				
-0.27840811	0.839596212	0.788757443	0.761810541	0.687505007
				
-0.275012553	0.836424768	0.781984925	0.755027354	0.680502474
				
-0.271178782	0.836523414	0.776819468	0.750788331	0.675943255
				
-0.270441413	0.835838795	0.780304611	0.754887819	0.682936966
				
-0.267544329	0.839775383	0.781261683	0.75711894	0.691809058
				
-0.259727657	0.842960715	0.784000516	0.760348082	0.696814597
				
-0.250732303	0.844428062	0.778685451	0.756314933	0.696883917
				
-0.243914455	0.842022359	0.777382612	0.755501151	0.696485341
				
-0.233940303	0.843544543	0.781784594	0.76302588	0.704546094
				
-0.227519646	0.845222712	0.783225298	0.76532042	0.709600687
				
-0.217930809	0.845620513	0.781173646	0.764529347	0.709136009
				
-0.223405063	0.843396187	0.787292659	0.771385312	0.714770198
				
-0.221864134	0.845377028	0.791508317	0.775385261	0.721893907
				
-0.222050786	0.845574677	0.787456155	0.770607233	0.717835903
				
-0.230848432	0.84480834	0.787817717	0.772135019	0.718260527
				
-0.22790733	0.847771764	0.78557992	0.769102335	0.722443819
				
-0.221509978	0.847585082	0.776899517	0.758666873	0.714013338
				
-0.218943164	0.846599758	0.7740255	0.756255567	0.712487102
				
-0.211520389	0.844854712	0.76872319	0.750083268	0.708062708
				
-0.204722926	0.836101294	0.758149803	0.73773104	0.690621495
				
-0.202082634	0.829675972	0.756010532	0.739984035	0.690742671
				
-0.19975771	0.826241016	0.760969996	0.745955169	0.698219419
				
-0.2069249	0.816732883	0.762056053	0.74338907	0.697550058
				
-0.218041599	0.806660891	0.759397745	0.737949789	0.693255782
				
-0.221764341	0.794983029	0.756110966	0.736900508	0.695723891
				
-0.229303971	0.784169614	0.748779297	0.729590297	0.689884186
				
-0.230286196	0.776546717	0.739339828	0.718587756	0.679132044
				
-0.229452789	0.77231276	0.732479334	0.708699465	0.667080402
				
-0.23068589	0.773044944	0.732169151	0.706819952	0.662984133
				
-0.226605311	0.775711775	0.735184968	0.710012376	0.666460574
				
-0.220365167	0.772431791	0.729699612	0.702748537	0.658585608
				
-0.215731367	0.770793617	0.726522088	0.698235035	0.655002594
				
-0.220135376	0.770005465	0.727683306	0.700102746	0.659780979
				
-0.220897526	0.768768787	0.728234768	0.701532006	0.664003134
				
-0.219829366	0.76671356	0.724806607	0.697418213	0.661516666
				
-0.215044573	0.753218353	0.713189662	0.690478504	0.656225324
				
-0.224545956	0.740706444	0.697930217	0.67651844	0.644399047
				
-0.233054727	0.725867987	0.678900659	0.659841359	0.625542283
				
-0.233187586	0.70751369	0.66398263	0.64433378	0.611628294
				
-0.235091925	0.701010823	0.666874886	0.6477018	0.61722213
				
-0.240899622	0.699173093	0.672798514	0.653463006	0.627093971
				
-0.2472651	0.696374714	0.67371583	0.653879523	0.630138218
				
-0.252982736	0.6949507	0.671622515	0.652052045	0.630270004
				
-0.256762743	0.688207984	0.661688447	0.641223311	0.619800329
				
-0.259845376	0.680738211	0.650604606	0.629016519	0.60793519
				
-0.262074769	0.672763765	0.639205813	0.616001487	0.594779015
				
-0.264203608	0.668015659	0.633786321	0.609468102	0.587841988
				
-0.263794959	0.667490125	0.634880662	0.60985589	0.586324632
				
-0.26158908	0.66676414	0.637575209	0.612013578	0.586032927
				
-0.257474393	0.66775918	0.645599663	0.621007204	0.592088401
				
-0.256540447	0.670284867	0.655626893	0.632479548	0.598442972
				
-0.258327425	0.674390912	0.663337708	0.641525626	0.603553414
				
-0.256892025	0.673891306	0.661365747	0.640244424	0.600569844
				
-0.255770087	0.671182036	0.653857052	0.632358611	0.593702078
				
-0.25218302	0.674034357	0.651579201	0.629643798	0.594230652
				
-0.246429279	0.680423915	0.649782896	0.625728488	0.592303276
				
-0.244230032	0.682792664	0.645226598	0.618077159	0.586870074
				
-0.248309538	0.670698762	0.625951946	0.596033335	0.562269747
				
-0.253404498	0.6665802	0.630829453	0.60131371	0.564102352
				
-0.255135298	0.665610313	0.636035979	0.607259631	0.567818761
				
-0.24759464	0.682004929	0.661625504	0.63762182	0.595490098
				
-0.236339211	0.68746984	0.655535936	0.63276732	0.585962534
				
-0.228082016	0.689347029	0.636861086	0.624800205	0.562241137
				
-0.224168777	0.683972478	0.622276545	0.600405097	0.542615592
				
-0.227505043	0.675352037	0.599872947	0.579926133	0.51765269
				
-0.217982993	0.680323899	0.600491047	0.573746502	0.523066878
				
-0.224830166	0.684515655	0.607493162	0.57766062	0.532898486
				
-0.215020955	0.689014077	0.615301847	0.584686875	0.548848748
				
-0.223135397	0.696678519	0.633151829	0.601939201	0.570390284
				
-0.221593365	0.695143342	0.63055253	0.599678814	0.569186866
				
-0.227616131	0.699067235	0.640891552	0.609629691	0.579230428
				
-0.230190203	0.699608743	0.636654615	0.605177402	0.571538806
				
-0.230144918	0.70171833	0.637861669	0.607109904	0.572769344
				
-0.233802065	0.709703445	0.64216876	0.60852468	0.569880605
				
-0.22668238	0.717035413	0.644415081	0.615148008	0.573114157
				
-0.23285228	0.72964555	0.651894033	0.620046914	0.570520759
				
-0.222432107	0.742128611	0.653339505	0.625972033	0.576248407
				
-0.225588694	0.751921058	0.655777395	0.625126004	0.568371654
				
-0.217494801	0.765622199	0.659620047	0.631945789	0.57886529
				
-0.217700183	0.766252398	0.6530056	0.620770693	0.562950969
				
-0.215582699	0.777399421	0.657580614	0.62997216	0.576275527
				
-0.211867437	0.780347228	0.657558382	0.62793535	0.572635233
				
-0.217911273	0.785443425	0.658569455	0.623336852	0.564968467
				
-0.216842771	0.789314508	0.665728331	0.629683197	0.571354389
				
-0.229431584	0.788929343	0.673058927	0.62982887	0.56601274
				
-0.232820019	0.79052639	0.679316163	0.639529884	0.57541281
				
-0.246459067	0.786700904	0.682858944	0.632606506	0.560393393
				
-0.254869223	0.786727965	0.684971631	0.640713692	0.567630708
				
-0.261832952	0.786711276	0.690402389	0.646481395	0.571263731
				
-0.277561784	0.789076209	0.700280786	0.66169858	0.583030879
				
-0.2807962	0.789215207	0.705216229	0.668471932	0.588059187
				
-0.293046325	0.787648201	0.711023331	0.676903188	0.593787134
				
-0.298258007	0.784940004	0.7092098	0.675387979	0.59271878
				
-0.30435276	0.782639146	0.714116871	0.682015955	0.597306848
				
-0.311670691	0.779841363	0.713686228	0.680368423	0.593525648
				
-0.314645112	0.781309009	0.725928068	0.695156693	0.608184814
				
-0.320366442	0.779842079	0.726688147	0.696598411	0.609208405
				
-0.334145248	0.770412087	0.713587999	0.681276441	0.591670036
				
-0.337723762	0.77581203	0.731959343	0.699946165	0.607099235
				
-0.346332788	0.775908887	0.736489177	0.705385804	0.613625884
				
-0.364926755	0.768524408	0.728056788	0.694821656	0.603454232
				
-0.367107242	0.775543928	0.744159222	0.71062535	0.618248582
				
-0.375795782	0.776269257	0.749433041	0.715695798	0.624659717
				
-0.383558393	0.77203083	0.744314075	0.709537983	0.618608594
				
-0.384441972	0.773491681	0.749174476	0.71460712	0.624420285
				
-0.406084359	0.767860353	0.747513533	0.720967889	0.639792323
				
-0.413570285	0.769053638	0.744279206	0.721893907	0.651319623
				
-0.407523513	0.768473804	0.747411728	0.720989466	0.645820916
				
-0.419422626	0.765836835	0.740659714	0.71726203	0.648276329
				
-0.417410254	0.767277718	0.7396245	0.718078971	0.655957878
				
-0.40014407	0.771223366	0.740758359	0.720051587	0.664307714
				
-0.392487645	0.772076249	0.739813924	0.716793656	0.664692461
				
-0.388041496	0.770600915	0.735094368	0.710319638	0.660302818
				
-0.376453459	0.77032429	0.734007061	0.709922731	0.660896063
				
-0.366708785	0.773813248	0.740791082	0.71586591	0.666056395
				
-0.359641224	0.779804826	0.7539832	0.725307047	0.673745632
				
-0.36107254	0.784240246	0.763783455	0.730908275	0.677380264
				
-0.36334759	0.787168086	0.769945562	0.733688831	0.678620458
				
-0.365830481	0.787955999	0.772871375	0.734501183	0.678288937
				
-0.366835177	0.78802824	0.774914384	0.735530615	0.677963972
				
-0.367769241	0.788195252	0.775988758	0.736097217	0.677365184
				
-0.372933835	0.780252457	0.768101573	0.728731036	0.670220435
				
-0.377474159	0.780648708	0.769700408	0.729813159	0.670304418
				
-0.382836133	0.782233059	0.770514011	0.731233954	0.671354413
				
-0.387004912	0.782867432	0.770793676	0.732265949	0.672294378
				
-0.386704326	0.783482671	0.771051764	0.733932972	0.674383044
				
-0.387338638	0.780918598	0.768205464	0.733712375	0.675677776
				
-0.388118029	0.777447701	0.763934731	0.73165071	0.674879611
				
-0.386411369	0.774478674	0.760148227	0.730143011	0.674791813
				
-0.384851277	0.772078276	0.756076634	0.727782607	0.673113465
				
-0.38533324	0.770037591	0.753526986	0.72643733	0.672098279
				
-0.38834691	0.768637776	0.750585794	0.724033654	0.669862211
				
-0.390110612	0.768612206	0.74708569	0.719068944	0.664939821
				
-0.376229942	0.773404121	0.748651922	0.721016765	0.668328226
				
-0.373593748	0.778862596	0.755827546	0.726754248	0.673268974
				
-0.382900506	0.780989647	0.75553453	0.724834025	0.670074105
				
-0.364347637	0.784199476	0.755456805	0.726517379	0.673419893
				
-0.36882636	0.786616683	0.757701159	0.727170169	0.672321737
				
-0.361326933	0.7861588	0.753784299	0.72452867	0.670328438
				
-0.360461891	0.788132668	0.753984928	0.725640357	0.670925975
				
-0.3612611	0.789399028	0.753521681	0.725175738	0.669649482
				
-0.36247313	0.793041587	0.775291324	0.739025354	0.664472282
				
-0.364501536	0.794218302	0.777281106	0.743146062	0.670347869
				
-0.370195985	0.793941498	0.771781087	0.740179658	0.671909571
				
-0.365342319	0.801753521	0.791710794	0.751532435	0.669112265
				
-0.355809331	0.814063489	0.808418751	0.763591468	0.672256768
				
-0.358959079	0.816616297	0.811724305	0.766613007	0.674220741
				
-0.345845938	0.821345448	0.819727659	0.777968705	0.683605671
				
-0.334068358	0.827350497	0.824082196	0.785093784	0.690658927
				
-0.335859478	0.827115715	0.826296508	0.786409438	0.694256425
				
-0.314965218	0.832799911	0.831298769	0.793127418	0.703598797
				
-0.303425848	0.835583329	0.831051707	0.792136967	0.704442859
				
-0.310656846	0.833905578	0.829348505	0.791178286	0.701885521
				
-0.297839642	0.838426411	0.833623052	0.797492921	0.711999536
				
-0.287681699	0.842102051	0.833676398	0.796851099	0.713906407
				
-0.291348606	0.837105513	0.826941848	0.790454865	0.703971267
				
-0.285087764	0.837845922	0.826755941	0.791885674	0.705429316
				
-0.273551673	0.841234088	0.827833772	0.794878364	0.71191448
				
-0.268892407	0.838886499	0.824952245	0.790241659	0.705530405
				
-0.264306635	0.838266551	0.823814392	0.790130317	0.704784393
				
-0.255463511	0.842683196	0.827436745	0.793552876	0.710966468
				
-0.256246328	0.836788118	0.817595899	0.782842755	0.696009099
				
-0.253624618	0.839186788	0.820301175	0.787080646	0.702083528
				
-0.257634372	0.836676121	0.813638687	0.780162334	0.695976615
				
-0.257725477	0.82878238	0.798154414	0.767126322	0.683174968
				
-0.263882071	0.82572788	0.793527782	0.767326355	0.68692255
				
-0.265698135	0.821023583	0.785379589	0.762466073	0.685987592
				
-0.256148338	0.816736579	0.776063561	0.753239751	0.679943919
				
-0.241423115	0.812955499	0.763756931	0.741242766	0.670895457
				
-0.227621108	0.81073463	0.752297521	0.730219364	0.663316667
				
-0.221371487	0.808246195	0.746534109	0.725751698	0.660676122
				
-0.223062038	0.806729317	0.743074775	0.723705351	0.660872996
				
-0.235618904	0.803720951	0.742641568	0.719757318	0.65418005
				
-0.242568895	0.799879909	0.741176367	0.714393198	0.647089064
				
-0.241593108	0.796421289	0.734474421	0.705391884	0.638194799
				
-0.233411312	0.794571877	0.728796721	0.69845295	0.631868362
				
-0.223710001	0.791926682	0.724645793	0.692562342	0.627091408
				
-0.215837792	0.793559194	0.730200171	0.698421478	0.634420097
				
-0.208884701	0.795915365	0.731949449	0.701669157	0.640032649
				
-0.206160665	0.794504106	0.725708187	0.697511375	0.637264311
				
-0.208009392	0.78755331	0.716385841	0.686639488	0.624978364
				
-0.223680943	0.77366817	0.695351958	0.660242975	0.589790702
				
-0.233485043	0.762526453	0.674676359	0.635391355	0.56199652
				
-0.239891902	0.761644542	0.673943877	0.640510142	0.570431232
				
-0.230834931	0.757828712	0.664883792	0.635658979	0.572334647
				
-0.248167336	0.768158853	0.694746494	0.676497161	0.616723537
				
-0.239965975	0.778724134	0.711339414	0.688917637	0.627460361
				
-0.252331495	0.782288134	0.714831352	0.684884369	0.619054914
				
-0.260866344	0.777605712	0.718445897	0.688978314	0.616109014
				
-0.277917385	0.785262108	0.733836412	0.708430827	0.631270587
				
-0.297249913	0.787444711	0.740231276	0.717943788	0.639787853
				
-0.308280766	0.790467978	0.750383735	0.729744673	0.649925709
				
-0.317624897	0.795092762	0.759867609	0.739901006	0.658937812
				
-0.319935739	0.801166594	0.773539424	0.751683354	0.669620812
				
-0.323518217	0.803193629	0.781930685	0.758820176	0.676012456
				
-0.31913662	0.808449507	0.79237771	0.766266465	0.682587266
				
-0.317696065	0.812227547	0.799433112	0.77272594	0.689837217
				
-0.314011008	0.812284112	0.802433014	0.773928285	0.690857947
				
-0.312959492	0.809658289	0.800878644	0.77223891	0.689607322
				
-0.308240622	0.79933846	0.793081284	0.766143799	0.681594968
				
-0.308584273	0.796518445	0.791860402	0.763845384	0.680018544
				
-0.311185122	0.796238959	0.798813999	0.766099751	0.681259394
				
-0.314278215	0.79049027	0.796333015	0.76257211	0.679273129
				
-0.321249485	0.784962714	0.793589652	0.758897305	0.677757978
				
-0.332930535	0.776617885	0.783617258	0.754052818	0.686774611
				
-0.336800814	0.768723845	0.766769528	0.742356062	0.689793766
				
-0.338137865	0.758896708	0.748984277	0.728185356	0.685840786
				
-0.332082272	0.754202783	0.738168359	0.718538523	0.682744503
				
-0.334337354	0.749437451	0.728338003	0.709335685	0.677073717
				
-0.329602748	0.747610509	0.72536844	0.705544949	0.675170541
				
-0.332908332	0.744262636	0.719606996	0.69972229	0.669495881
				
-0.332719147	0.744786263	0.720713437	0.698921144	0.666600466
				
-0.340031385	0.741596639	0.720290661	0.696653724	0.662033141
				
-0.343009114	0.741301417	0.724050701	0.699184656	0.662175357
				
-0.351322711	0.738601804	0.726326585	0.699861526	0.661575735
				
-0.35174334	0.739924014	0.729567587	0.703056276	0.662894666
				
-0.357629597	0.737973869	0.731374383	0.703682184	0.663359523
				
-0.358537912	0.73918277	0.732777357	0.70498991	0.66374892
				
-0.362936586	0.738587916	0.734091222	0.70552671	0.664393365
				
-0.362625718	0.738522649	0.734400451	0.706546664	0.665594757
				
-0.365356743	0.740182042	0.735711277	0.708148956	0.666249752
				
-0.365650773	0.74320519	0.739373088	0.711182475	0.669204235
				
-0.362736076	0.745479703	0.742631376	0.713698506	0.673345387
				
-0.361134768	0.747388303	0.742725134	0.713521719	0.673216701
				
-0.3580423	0.747016072	0.740121484	0.711063743	0.670941293
				
-0.356120229	0.744881392	0.735633552	0.707738042	0.667573988
				
-0.352835238	0.743151069	0.732445061	0.705361009	0.664951861
				
-0.351101905	0.742638946	0.731801748	0.704400599	0.663504362
				
-0.356033444	0.737786412	0.722816765	0.698401988	0.655464053
				
-0.361681998	0.73249805	0.716109693	0.694410384	0.649952233
				
-0.369652331	0.728323102	0.712702036	0.692332864	0.646698117
				
-0.37900275	0.724895418	0.709941447	0.690360904	0.643926919
				
-0.382566631	0.724376619	0.71080339	0.691162646	0.644344509
				
-0.385293305	0.725576878	0.710840464	0.692586064	0.644595981
				
-0.389527261	0.728354096	0.717685044	0.698791027	0.650111496
				
-0.381260633	0.739824831	0.734715462	0.708367884	0.66148293
				
-0.368442506	0.747199118	0.741557956	0.713065863	0.669733584
				
-0.351606846	0.755057871	0.749752045	0.718699872	0.678510725
				
-0.334645659	0.761382937	0.752709031	0.721728086	0.684755921
				
-0.323557049	0.764933705	0.756803036	0.726382673	0.690630555
				
-0.310600162	0.770093441	0.754277945	0.728009045	0.693176031
				
-0.30278331	0.769418418	0.752362609	0.728101611	0.693732679
				
-0.296344638	0.770983279	0.748507082	0.726758778	0.691229224
				
-0.289512902	0.775932014	0.751745582	0.73043561	0.694191039
				
-0.287440598	0.780416369	0.760158002	0.736284852	0.698769569
				
-0.299707234	0.771737695	0.750229537	0.730672717	0.691429734
				
-0.299968004	0.765211999	0.740454257	0.724443913	0.686565042
				
-0.301053882	0.763013601	0.732901454	0.719586611	0.681631267
				
-0.308427095	0.759204149	0.725804925	0.715492487	0.676184535
				
-0.317564964	0.75595063	0.722994208	0.713111818	0.672670841
				
-0.323019743	0.754532576	0.723105669	0.712670803	0.672155797
				
-0.327891856	0.749922216	0.717256665	0.707022727	0.666625917
				
-0.337352276	0.749967396	0.724802375	0.708003044	0.649442017
				
-0.340224266	0.754953146	0.732285142	0.708898783	0.635598779
				
-0.344766438	0.757960439	0.734966457	0.708845258	0.625254035
				
-0.339814425	0.770129085	0.754482985	0.722529829	0.633437276
				
-0.327057183	0.786154747	0.778900862	0.74121964	0.648525953
				
-0.313950419	0.796727419	0.788932264	0.751933575	0.660600662
				
-0.302339375	0.807086587	0.800214529	0.762330711	0.671598196
				
-0.292982221	0.81186384	0.802367806	0.766826034	0.678088903
				
-0.291082919	0.815894604	0.806199849	0.771557748	0.684660614
				
-0.28869158	0.81809032	0.809051037	0.774281323	0.688319564
				
-0.292369783	0.816136241	0.811775208	0.776598632	0.69214201
				
-0.291822672	0.819297791	0.817567468	0.780716777	0.697128296
				
-0.290793687	0.819450617	0.820455551	0.784878612	0.702715039
				
-0.297066569	0.817553639	0.81967926	0.784295321	0.702409625
				
-0.302100182	0.815345883	0.817102849	0.781914413	0.700451016
				
-0.300894558	0.816938341	0.817065597	0.78309691	0.702049673
				
-0.301901281	0.817577481	0.814373732	0.782696426	0.70271194
				
-0.302195668	0.813445151	0.807935357	0.778377771	0.699167788
				
-0.299108475	0.811990082	0.811450303	0.78182292	0.703350782
				
-0.299106836	0.812807202	0.814629436	0.784525871	0.706184924
				
-0.2973997	0.816675782	0.819879532	0.788668334	0.708970428
				
-0.297076166	0.82465595	0.824061871	0.79235363	0.712875962
				
-0.293022573	0.825394034	0.823239446	0.792092085	0.714306593
				
-0.295642495	0.828086913	0.827360034	0.795669734	0.717817247
				
-0.297558069	0.830550611	0.830734193	0.797985971	0.720024109
				
-0.300473034	0.829566717	0.829164505	0.79628396	0.718568444
				
-0.302943647	0.820512474	0.822106123	0.791659117	0.711825311
				
-0.308210731	0.819652319	0.818027139	0.788106084	0.708758235
				
-0.307334423	0.818248808	0.809327126	0.782334924	0.705636144
				
-0.308860898	0.815282583	0.800282478	0.774190962	0.698512554
				
-0.31160447	0.811717868	0.796051323	0.770545781	0.69466275
				
-0.310682327	0.806709349	0.788031757	0.764138818	0.688180149
				
-0.312179804	0.804400384	0.7782197	0.757013261	0.680146694
				
-0.31128341	0.803279936	0.7798419	0.757751524	0.67956388
				
-0.312944978	0.798981667	0.779545307	0.755245805	0.676715195
				
-0.313387811	0.797932208	0.776756525	0.752379179	0.67294997
				
-0.313974798	0.800481439	0.77640909	0.750950277	0.671124578
				
-0.310224533	0.799481511	0.768751502	0.744419277	0.6658777
				
-0.303806841	0.807533324	0.781447411	0.753620028	0.673162639
				
-0.304725409	0.809791386	0.787450552	0.757131577	0.676502585
				
-0.310100585	0.810106993	0.792464912	0.75803411	0.675599813
				
-0.314790547	0.806717932	0.790774941	0.756744564	0.675043344
				
-0.326252341	0.806314945	0.789271355	0.75208801	0.669384122
				
-0.336400986	0.806233525	0.792549551	0.752804875	0.668678284
				
-0.352889597	0.795867443	0.778463006	0.740109265	0.654253781
				
-0.360709637	0.789146602	0.769739568	0.731965125	0.644115567
				
-0.366587043	0.779083967	0.757492483	0.72178936	0.632792473
				
-0.373315036	0.761895657	0.731755257	0.70136416	0.612204075
				
-0.373488963	0.750393927	0.715502143	0.685559571	0.59700489
				
-0.363311827	0.762938797	0.73803246	0.70167923	0.609156966
				
-0.354925036	0.767227352	0.74411124	0.708321929	0.617751122
				
-0.361006618	0.761889994	0.738431811	0.71333003	0.64052707
				
-0.354739755	0.762930989	0.738135874	0.716520786	0.660326362
				
-0.341792285	0.76364398	0.730362892	0.7143749	0.671164453
				
-0.334257603	0.764185607	0.728938699	0.71212703	0.67615509
				
-0.329258502	0.752565503	0.714184284	0.700795174	0.668696225
				
-0.323852837	0.743203461	0.699032068	0.690219581	0.660715699
				
-0.327555656	0.733502388	0.694482088	0.685517251	0.651827574
				
-0.331435055	0.730248272	0.688835263	0.679827929	0.644294679
				
-0.336858273	0.728336751	0.690240562	0.678964376	0.640634358
				
-0.343729019	0.732004583	0.698501289	0.684695601	0.641733289
				
-0.352197945	0.732923567	0.700229824	0.684652269	0.639964759
				
-0.364010721	0.73284471	0.701745212	0.68491739	0.63897419
				
-0.372520983	0.733076096	0.702516258	0.685490251	0.637748182
				
-0.374949664	0.73254627	0.70282948	0.687200189	0.638737559
				
-0.376639962	0.731846511	0.702058852	0.687472224	0.638824582
				
-0.376827717	0.730807722	0.699905396	0.686474264	0.638183355
				
-0.37646848	0.730817139	0.699474096	0.686177969	0.638251185
				
-0.380227327	0.731105506	0.700528204	0.686164021	0.638340175
				
-0.384641439	0.730594635	0.700202763	0.685089886	0.637387156
				
-0.384373158	0.729516268	0.698000193	0.683182359	0.635507107
				
-0.381831288	0.729947925	0.699190378	0.683910489	0.635808587
				
-0.379933447	0.72938627	0.700064421	0.684767246	0.636885047
				
-0.369493544	0.729238093	0.700334132	0.686502218	0.640236199
				
-0.32665503	0.75388062	0.71523577	0.697354913	0.631060302
				
-0.303127289	0.767085016	0.717382193	0.698412418	0.62504971
				
-0.281603396	0.760537386	0.712971687	0.695966363	0.634181857
				
-0.287476391	0.752493382	0.707512617	0.692943931	0.640946388
				
-0.304050505	0.749448955	0.712432027	0.696839809	0.651327729
				
-0.312617958	0.746594548	0.711052179	0.696993351	0.655562699
				
-0.299903393	0.762121499	0.715146303	0.702460766	0.64696002
				
-0.301398098	0.762452841	0.724456728	0.700667739	0.628853261
				
-0.320343077	0.763664424	0.733774066	0.703470826	0.620889425
				
-0.335739315	0.75910008	0.733759642	0.701068103	0.613105416
				
-0.334337324	0.778368235	0.763306022	0.72371316	0.628896475
				
-0.334194481	0.791932344	0.782305956	0.740012407	0.644404531
				
-0.328892112	0.797949374	0.789485812	0.749871552	0.657627106
				
-0.323467821	0.806094408	0.80089438	0.76061368	0.669938922
				
-0.319537222	0.807851255	0.80214262	0.765654266	0.678633273
				
-0.316392481	0.81558764	0.811162055	0.77398181	0.687696815
				
-0.309514135	0.81859386	0.81389159	0.780372977	0.697229207
				
-0.309086204	0.820352197	0.816356063	0.782089531	0.700124919
				
-0.30480969	0.827427268	0.822253823	0.788689256	0.707250416
				
-0.306090772	0.830080867	0.8242836	0.791831017	0.712252021
				
-0.300593376	0.830147147	0.823795199	0.79319489	0.71607697
				
-0.29322958	0.8279742	0.821831584	0.791570544	0.715768933
				
-0.290654123	0.8250615	0.819991469	0.78842777	0.712495327
				
-0.292722911	0.823211193	0.818054676	0.786393642	0.709315717
				
-0.29565686	0.819178462	0.811971426	0.78062427	0.70266825
				
-0.298066705	0.816595912	0.81054306	0.778421283	0.699530959
				
-0.301303625	0.814000964	0.808222115	0.776014328	0.696555555
				
-0.303849816	0.811173379	0.804684639	0.772979975	0.693004191
				
-0.306611598	0.810093641	0.803830624	0.772523165	0.691803813
				
-0.310342729	0.808925211	0.802639425	0.772522807	0.691606402
				
-0.311009169	0.807801962	0.804828227	0.774808645	0.693694234
				
-0.310238123	0.808000624	0.806214094	0.776383936	0.694362938
				
-0.309206337	0.80818063	0.807642996	0.778101385	0.695727706
				
-0.307541758	0.809395254	0.809590042	0.779783189	0.697142839
				
-0.305487871	0.811659753	0.812456369	0.781628132	0.698742509
				
-0.305142879	0.810297191	0.812731624	0.781958461	0.700368464
