-0.566952705	-0.199930146	-0.914642215	-0.830261528	-0.585838437
				
-0.566473782	-0.200024515	-0.914592981	-0.829658806	-0.58599925
				
-0.565670013	-0.20030871	-0.914362371	-0.829016805	-0.585494161
				
-0.564946413	-0.200041726	-0.914076567	-0.828376412	-0.584571958
				
-0.564134598	-0.200298607	-0.914444447	-0.829167783	-0.586149216
				
-0.563294291	-0.20094125	-0.914763153	-0.830941737	-0.589514136
				
-0.562494516	-0.201107427	-0.914906979	-0.831968904	-0.591460347
				
-0.561731756	-0.200798944	-0.914403975	-0.831920683	-0.591626942
				
-0.561362028	-0.200332999	-0.913163543	-0.831725419	-0.591352999
				
-0.561262369	-0.200594738	-0.911361039	-0.830727458	-0.590726614
				
-0.561376452	-0.201259986	-0.909343481	-0.828421712	-0.588663876
				
-0.561805129	-0.20174785	-0.907256901	-0.82650131	-0.587696612
				
-0.562054992	-0.203900382	-0.905796349	-0.82436049	-0.586659789
				
-0.562960327	-0.205886647	-0.904407442	-0.820606947	-0.582836747
				
-0.563585162	-0.207989752	-0.903018177	-0.815566003	-0.577351332
				
-0.563915372	-0.20913744	-0.901780844	-0.811170816	-0.572272241
				
-0.563853145	-0.209813803	-0.901417971	-0.809591651	-0.569876909
				
-0.563977361	-0.209515139	-0.901671767	-0.808580041	-0.568390131
				
-0.563740849	-0.208537742	-0.902393818	-0.807970941	-0.567094743
				
-0.563738823	-0.207713351	-0.903119802	-0.807893038	-0.566339612
				
-0.563527465	-0.206565797	-0.90403235	-0.808722675	-0.566684127
				
-0.563264668	-0.205376089	-0.905087054	-0.809484482	-0.5662117
				
-0.563150167	-0.205080345	-0.905937612	-0.810681999	-0.565940857
				
-0.563025832	-0.204841793	-0.907037854	-0.812813818	-0.566484213
				
-0.562819421	-0.20456022	-0.908056557	-0.81474781	-0.566715121
				
-0.56272918	-0.204008475	-0.908830166	-0.81691432	-0.567216694
				
-0.562799752	-0.203518614	-0.909434617	-0.819013357	-0.568380773
				
-0.563065052	-0.203276157	-0.910007715	-0.820748091	-0.569592953
				
-0.563404918	-0.203549117	-0.91045022	-0.822722435	-0.5710814
				
-0.563521147	-0.203995064	-0.910646021	-0.825062633	-0.573686004
				
-0.563841224	-0.20472087	-0.910588145	-0.827599883	-0.575859308
				
-0.564088583	-0.205604136	-0.910162628	-0.830823064	-0.579031944
				
-0.564406574	-0.205693185	-0.910477102	-0.833726585	-0.582521319
				
-0.564657688	-0.20550929	-0.910547256	-0.836529672	-0.586267352
				
-0.565105021	-0.205768645	-0.910348296	-0.837873101	-0.588328838
				
-0.565953255	-0.206330016	-0.910000563	-0.838498056	-0.590121269
				
-0.566686332	-0.207166687	-0.909799337	-0.838967919	-0.591623306
				
-0.567334652	-0.20760718	-0.909758925	-0.839734554	-0.592926741
				
-0.567639351	-0.208066508	-0.909561753	-0.840898335	-0.594480753
				
-0.5677706	-0.207940981	-0.908714175	-0.840716064	-0.593195081
				
-0.568048596	-0.207467005	-0.907364249	-0.840536714	-0.591637909
				
-0.56809926	-0.206909046	-0.905816138	-0.840125501	-0.589800239
				
-0.568173468	-0.206505746	-0.904488504	-0.839941263	-0.589401841
				
-0.568157196	-0.206270397	-0.903477609	-0.839934587	-0.589848638
				
-0.567982912	-0.206071511	-0.903196096	-0.8391397	-0.589367509
				
-0.567670465	-0.206470951	-0.903840721	-0.839030743	-0.589361727
				
-0.567545652	-0.206443012	-0.904386759	-0.838567734	-0.589248061
				
-0.567706466	-0.206974953	-0.905296147	-0.839255452	-0.590588927
				
-0.567617416	-0.206714079	-0.906446934	-0.838590026	-0.589566112
				
-0.567395806	-0.206688479	-0.908113122	-0.837707102	-0.588002086
				
-0.567298651	-0.205881149	-0.910035014	-0.83716017	-0.58735621
				
-0.567233682	-0.204673305	-0.911566377	-0.835775793	-0.586301565
				
-0.56726104	-0.203766212	-0.914149523	-0.834692836	-0.585052013
				
-0.56701529	-0.204045609	-0.914527655	-0.833560646	-0.58421731
				
-0.56671226	-0.204064801	-0.914991736	-0.8328982	-0.583318233
				
-0.566563964	-0.204191461	-0.915515304	-0.831559181	-0.581305146
				
-0.566393018	-0.204363063	-0.916465402	-0.82975316	-0.579240084
				
-0.566152692	-0.204451203	-0.917112887	-0.827744901	-0.57678926
				
-0.56532377	-0.205907106	-0.917689621	-0.824998617	-0.572004914
				
-0.565257907	-0.205813393	-0.917228341	-0.822136045	-0.568248987
				
-0.565022528	-0.204518408	-0.916644812	-0.820311785	-0.565307319
				
-0.5645293	-0.202669501	-0.915446043	-0.816506147	-0.559487402
				
-0.56439966	-0.200674132	-0.914779067	-0.814840019	-0.556108832
				
-0.564586222	-0.199749261	-0.915100634	-0.813118219	-0.55278492
				
-0.564665437	-0.199324787	-0.915350676	-0.812430978	-0.55106616
				
-0.564534605	-0.19941929	-0.915622711	-0.812808394	-0.549995661
				
-0.564103067	-0.199522361	-0.916135788	-0.813643634	-0.549562812
				
-0.563575029	-0.199958146	-0.91661495	-0.81439662	-0.549126089
				
-0.56296593	-0.200561747	-0.917108536	-0.81392169	-0.548284769
				
-0.562757373	-0.200878486	-0.917441487	-0.812713385	-0.547359467
				
-0.562633634	-0.20138064	-0.917840004	-0.811479032	-0.546529293
				
-0.56248492	-0.202031553	-0.917968273	-0.811144173	-0.546521485
				
-0.562452197	-0.202036425	-0.917955756	-0.81129241	-0.546307206
				
-0.562606454	-0.201690018	-0.917892456	-0.810910106	-0.545748234
				
-0.562789261	-0.201795623	-0.917841017	-0.810470045	-0.545328379
				
-0.56291008	-0.202241108	-0.918207824	-0.809934616	-0.5456689
				
-0.563225508	-0.202642873	-0.918465376	-0.810089111	-0.546053052
				
-0.563688874	-0.203574359	-0.918643355	-0.809711576	-0.545741439
				
-0.564132452	-0.204397261	-0.919056475	-0.809410512	-0.546089709
				
-0.564860225	-0.205850035	-0.919329166	-0.809111118	-0.54624635
				
-0.565403342	-0.207006618	-0.919283807	-0.809195995	-0.547307253
				
-0.566031337	-0.207920447	-0.91973424	-0.808170915	-0.547599196
				
-0.566662192	-0.209341928	-0.920578063	-0.807967782	-0.548840463
				
-0.566859365	-0.209822878	-0.921264887	-0.807247639	-0.54912734
				
-0.566844761	-0.210062414	-0.921934962	-0.806329727	-0.54886508
				
-0.567008853	-0.210031718	-0.922587514	-0.805585504	-0.548669636
				
-0.567018688	-0.209545061	-0.923099518	-0.80461061	-0.548186898
				
-0.566739798	-0.208881319	-0.923721075	-0.803170204	-0.546714425
				
-0.56808877	-0.208799884	-0.925656915	-0.801534772	-0.545498729
				
-0.568701863	-0.207105547	-0.927215338	-0.800635397	-0.543416321
				
-0.570092082	-0.206643343	-0.929232895	-0.800516963	-0.543718219
				
-0.570737362	-0.205255643	-0.930703342	-0.802992165	-0.54503727
				
-0.571774721	-0.204265445	-0.931961775	-0.803878248	-0.546679258
				
-0.571825981	-0.20331496	-0.932841063	-0.806443453	-0.54923737
				
-0.571383834	-0.2020417	-0.933624566	-0.811433792	-0.553648293
				
-0.570779502	-0.200541571	-0.933070362	-0.815902233	-0.55901587
				
-0.569595873	-0.199538812	-0.931907773	-0.819783449	-0.563944221
				
-0.568448901	-0.198570132	-0.930374503	-0.823031723	-0.567162991
				
-0.566595435	-0.197465315	-0.9285689	-0.826542795	-0.571084976
				
-0.56489861	-0.19654727	-0.926963866	-0.830332458	-0.575247526
				
-0.563480675	-0.19640556	-0.925102353	-0.833291888	-0.578491032
				
-0.562375903	-0.19659777	-0.924337566	-0.837994635	-0.58386898
				
-0.561597526	-0.197233245	-0.923774123	-0.840984285	-0.588791013
				
-0.560936213	-0.19842805	-0.922655404	-0.841250896	-0.590131879
				
-0.560376644	-0.198809043	-0.921937644	-0.841132998	-0.590093791
				
-0.559548199	-0.197864443	-0.920631409	-0.838194728	-0.587656081
				
-0.559492469	-0.194718897	-0.920379341	-0.834019661	-0.582996368
				
-0.559235036	-0.191127926	-0.920167148	-0.828772664	-0.576073527
				
-0.558698535	-0.18931067	-0.920096159	-0.822899878	-0.570582867
				
-0.559503376	-0.186463416	-0.920719385	-0.827131033	-0.572058082
				
-0.561864436	-0.185532019	-0.923066318	-0.829509437	-0.563648403
				
-0.561323225	-0.191380933	-0.923516393	-0.838261485	-0.561286926
				
-0.559000432	-0.198820621	-0.922187328	-0.850915253	-0.571981668
				
-0.555044055	-0.211678162	-0.922660887	-0.868155062	-0.592175305
				
-0.549411118	-0.226026818	-0.927257001	-0.885758877	-0.618236244
				
-0.541431725	-0.238004059	-0.933674634	-0.899362981	-0.640833616
				
-0.534534454	-0.245744973	-0.940469742	-0.910648167	-0.662219167
				
-0.531218708	-0.247610271	-0.94547081	-0.913657367	-0.662450612
				
-0.52881062	-0.25016883	-0.949797213	-0.916039884	-0.661358476
				
-0.528267264	-0.247509658	-0.953243196	-0.917989969	-0.659187496
				
-0.527789116	-0.245743424	-0.95796603	-0.920406938	-0.661901355
				
-0.529404104	-0.243274301	-0.961334527	-0.919458151	-0.662576139
				
-0.528696775	-0.239274174	-0.96715945	-0.918713987	-0.663683236
				
-0.532550812	-0.240321666	-0.968730688	-0.913070381	-0.662007987
				
-0.536107183	-0.241373748	-0.969048798	-0.907361746	-0.658264756
				
-0.538693666	-0.241196796	-0.969521999	-0.904040575	-0.655434072
				
-0.540524065	-0.233731389	-0.971288204	-0.902552307	-0.65334779
				
-0.541533828	-0.228800744	-0.974035621	-0.902399421	-0.651626289
				
-0.542941928	-0.224148214	-0.977636099	-0.903211772	-0.649537086
				
-0.54227984	-0.223384023	-0.980311334	-0.903781295	-0.649269223
				
-0.541729391	-0.223921806	-0.982737899	-0.905452847	-0.650185704
				
-0.54080838	-0.224050447	-0.984790862	-0.907446265	-0.649970591
				
-0.541269958	-0.224166214	-0.986924171	-0.910320163	-0.650084794
				
-0.542224586	-0.225243524	-0.988358259	-0.912023783	-0.648267388
				
-0.542649329	-0.226703763	-0.989437342	-0.913681149	-0.647284806
				
-0.542095065	-0.227430195	-0.990053594	-0.9144153	-0.647446334
				
-0.541322172	-0.227605134	-0.990317047	-0.915493965	-0.648596823
				
-0.541954517	-0.228618205	-0.990561366	-0.917893708	-0.649661362
				
-0.5410887	-0.229359999	-0.990713716	-0.919131696	-0.652219296
				
-0.541528225	-0.228713542	-0.990715265	-0.920817375	-0.652112246
				
-0.541469455	-0.229068786	-0.990721107	-0.922447801	-0.6517061
				
-0.541560173	-0.229098588	-0.990455806	-0.922968268	-0.64977175
				
-0.540687561	-0.228144258	-0.990038633	-0.922497571	-0.650150657
				
-0.539742172	-0.226737976	-0.989460528	-0.921050668	-0.6494627
				
-0.540469944	-0.22508423	-0.98882699	-0.920406044	-0.646455526
				
-0.540765643	-0.224032968	-0.988212168	-0.919035733	-0.642269075
				
-0.540962458	-0.223456129	-0.98772049	-0.917044878	-0.637996912
				
-0.541023493	-0.223256156	-0.987486541	-0.915399432	-0.635034025
				
-0.540288091	-0.223269597	-0.987402439	-0.913667142	-0.635053933
				
-0.540806651	-0.222919166	-0.98729825	-0.913356423	-0.634386659
				
-0.540274918	-0.222998694	-0.98713398	-0.911776543	-0.6345644
				
-0.539632082	-0.223554522	-0.987116814	-0.911284566	-0.635852337
				
-0.540524602	-0.224032283	-0.987265229	-0.911391079	-0.635390937
				
-0.5414868	-0.224669307	-0.987485409	-0.911581695	-0.634925842
				
-0.542579353	-0.225131422	-0.987650216	-0.911877275	-0.6345734
				
-0.543438792	-0.225203007	-0.987818241	-0.911611497	-0.633704185
				
-0.544394135	-0.225219965	-0.988043785	-0.91106379	-0.633075595
				
-0.544801176	-0.225198478	-0.988212407	-0.909938931	-0.633828104
				
-0.545087337	-0.224291205	-0.988117337	-0.908428073	-0.632623613
				
-0.545755148	-0.222202182	-0.987902761	-0.906679809	-0.630734444
				
-0.546666861	-0.219948739	-0.987604141	-0.904281437	-0.628213763
				
-0.547342539	-0.218166649	-0.987499893	-0.902924061	-0.626656294
				
-0.548020065	-0.216374636	-0.987384915	-0.902188659	-0.625139654
				
-0.549875975	-0.215842962	-0.987463713	-0.902750611	-0.622583568
				
-0.550937295	-0.216922462	-0.987437785	-0.902860105	-0.621866584
				
-0.551578701	-0.216549546	-0.98725462	-0.903083026	-0.621093273
				
-0.552189946	-0.214302242	-0.987058401	-0.903203607	-0.620072603
				
-0.553504288	-0.211536586	-0.986979485	-0.903750539	-0.617383242
				
-0.554720283	-0.209679917	-0.986996233	-0.904308081	-0.614765048
				
-0.555461645	-0.208814472	-0.987144411	-0.904777884	-0.613348007
				
-0.556233764	-0.209576502	-0.987326324	-0.905047297	-0.612802804
				
-0.5564937	-0.209892273	-0.987405479	-0.90451932	-0.613462508
				
-0.560877025	-0.198273331	-0.98390007	-0.895664454	-0.596574903
				
-0.563414574	-0.187109202	-0.979426026	-0.886160076	-0.579178572
				
-0.56456995	-0.176159889	-0.974427521	-0.87640518	-0.562264681
				
-0.566092491	-0.166678995	-0.968405604	-0.865176082	-0.544216275
				
-0.567959249	-0.15665625	-0.96124965	-0.853120804	-0.526353776
				
-0.570903122	-0.149626344	-0.954833508	-0.84370327	-0.513728499
				
-0.572869837	-0.145211264	-0.949305415	-0.836305559	-0.50458914
				
-0.573664427	-0.143552899	-0.944312453	-0.831288755	-0.497956097
				
-0.572882891	-0.143125445	-0.940583646	-0.829446912	-0.496708751
				
-0.570867538	-0.143824995	-0.937456131	-0.829725623	-0.497416556
				
-0.56960541	-0.146733731	-0.935781121	-0.830371559	-0.498635948
				
-0.56718421	-0.150565192	-0.934263229	-0.832125783	-0.503132999
				
-0.565714717	-0.156037375	-0.932681382	-0.834610462	-0.506910443
				
-0.564336896	-0.16089958	-0.930857658	-0.834547162	-0.511507094
				
-0.56399709	-0.167093515	-0.930476785	-0.835635424	-0.514941216
				
-0.564639211	-0.174867451	-0.931868553	-0.83976984	-0.523419619
				
-0.564418495	-0.186343178	-0.93457526	-0.842002094	-0.531344056
				
-0.563432276	-0.197167844	-0.938632548	-0.846844912	-0.543549538
				
-0.562076986	-0.205401868	-0.942321718	-0.85142982	-0.554866135
				
-0.55966866	-0.212960407	-0.945783377	-0.854413629	-0.563687503
				
-0.55761534	-0.220779061	-0.949942589	-0.858588755	-0.573171258
				
-0.555566609	-0.226941377	-0.953811049	-0.862984002	-0.5817734
				
-0.553993821	-0.23061268	-0.958032429	-0.867926538	-0.594322085
				
-0.55351162	-0.234299839	-0.96110934	-0.871653616	-0.602720916
				
-0.552666843	-0.23497203	-0.962979198	-0.874416709	-0.607413113
				
-0.55236119	-0.236308217	-0.964173317	-0.876211286	-0.611955166
				
-0.552318692	-0.234547496	-0.964882672	-0.875541568	-0.614878595
				
-0.553016841	-0.232053161	-0.964730799	-0.873178422	-0.614261329
				
-0.555287957	-0.230389893	-0.963454366	-0.868018448	-0.609420717
				
-0.557163775	-0.226688474	-0.962588429	-0.86311233	-0.605124533
				
-0.559697986	-0.225573987	-0.961349845	-0.860266089	-0.601044178
				
-0.561916947	-0.225219041	-0.959738672	-0.855835438	-0.596665025
				
-0.563829899	-0.223478496	-0.958006203	-0.850943089	-0.590103328
				
-0.5654338	-0.222665697	-0.956586838	-0.847234488	-0.584744215
				
-0.567345917	-0.221605554	-0.955269516	-0.843684375	-0.580696344
				
-0.569709301	-0.221325412	-0.954097331	-0.840371072	-0.57750535
				
-0.571525812	-0.221355215	-0.953322709	-0.839030385	-0.576776624
				
-0.574215949	-0.217613608	-0.952603638	-0.836360693	-0.575704575
				
-0.576905489	-0.216070712	-0.951004267	-0.833181798	-0.571154237
				
-0.578630924	-0.214578569	-0.949379146	-0.831081748	-0.56751436
				
-0.581175148	-0.210880131	-0.947452307	-0.827998757	-0.563241482
				
-0.582730234	-0.210081056	-0.945252955	-0.826155543	-0.556215644
				
-0.583614349	-0.210259959	-0.943044722	-0.822649598	-0.545885801
				
-0.58400315	-0.208824366	-0.941146135	-0.818692744	-0.534895301
				
-0.584520578	-0.210517034	-0.940527022	-0.819554508	-0.531717181
				
-0.585501552	-0.211626366	-0.941129863	-0.820690274	-0.532224417
				
-0.586648166	-0.212317318	-0.941407561	-0.822650731	-0.531962931
				
-0.586268008	-0.211816385	-0.940350831	-0.822891772	-0.527700841
				
-0.586445332	-0.210334629	-0.939138055	-0.822574854	-0.523878336
				
-0.586503029	-0.206643358	-0.937498868	-0.820936084	-0.518337429
				
-0.586579263	-0.203583062	-0.93490535	-0.818184197	-0.511549354
				
-0.585949063	-0.202070862	-0.932143629	-0.815959036	-0.504764855
				
-0.58505553	-0.201245576	-0.929840982	-0.813876748	-0.499647558
				
-0.584288001	-0.2021759	-0.927355468	-0.812703967	-0.495083332
				
-0.583849728	-0.202585891	-0.924681902	-0.811160743	-0.490432948
				
-0.583268344	-0.202788696	-0.922624171	-0.809276342	-0.486190379
				
-0.584161043	-0.202776611	-0.92105639	-0.806859732	-0.483732164
				
-0.585499227	-0.20032163	-0.918903887	-0.802729428	-0.478954017
				
-0.586955607	-0.198409572	-0.917706668	-0.798911035	-0.475898266
				
-0.58882767	-0.194957286	-0.916876972	-0.79396832	-0.471696734
				
-0.588866413	-0.191971749	-0.91625154	-0.791730583	-0.468705297
				
-0.588378906	-0.189656764	-0.915197492	-0.790165424	-0.466628969
				
-0.58635354	-0.1932524	-0.918349802	-0.797682464	-0.487628222
				
-0.589718223	-0.200241402	-0.917637527	-0.793354273	-0.488915503
				
-0.586163044	-0.203930497	-0.920039773	-0.79968363	-0.505387843
				
-0.584465265	-0.211722314	-0.92222327	-0.80508709	-0.520064473
				
-0.582944751	-0.219973817	-0.924797654	-0.80684638	-0.530043006
				
-0.580819488	-0.228408724	-0.92645669	-0.808452368	-0.537492156
				
-0.578599036	-0.238238394	-0.926342666	-0.809121907	-0.54382962
				
-0.577149689	-0.247337803	-0.925098896	-0.80901736	-0.549290657
				
-0.576051593	-0.255391002	-0.924171805	-0.811213732	-0.556770742
				
-0.574493051	-0.261421382	-0.923118472	-0.81504488	-0.563855052
				
-0.573831439	-0.266615897	-0.921309292	-0.818666816	-0.569458604
				
-0.574954927	-0.270247012	-0.91958797	-0.821384311	-0.573621213
				
-0.575808525	-0.271179676	-0.918898582	-0.824139714	-0.575837731
				
-0.575658917	-0.274761081	-0.91677773	-0.829136491	-0.582387567
				
-0.577935219	-0.27216959	-0.915314317	-0.824887455	-0.577508926
				
-0.579187274	-0.270451725	-0.915486217	-0.821288049	-0.574081182
				
-0.58025229	-0.270223558	-0.916994035	-0.818844914	-0.57245183
				
-0.580516458	-0.266985476	-0.918387413	-0.817121387	-0.570160031
				
-0.580340505	-0.263657212	-0.919466913	-0.814506769	-0.56740272
				
-0.580744624	-0.261335939	-0.921039164	-0.811101854	-0.565158665
				
-0.580573976	-0.25761503	-0.921908796	-0.80766505	-0.560911536
				
-0.579918206	-0.253644615	-0.922303855	-0.804106832	-0.556016922
				
-0.580072045	-0.251640022	-0.923178732	-0.800332844	-0.552571177
				
-0.579552412	-0.248525232	-0.923517287	-0.797123134	-0.548046827
				
-0.578691006	-0.245400816	-0.92345798	-0.794645011	-0.543287158
				
-0.578872919	-0.244443849	-0.92414403	-0.792369723	-0.540671289
				
-0.57842797	-0.242546111	-0.924494743	-0.791135669	-0.537948251
				
-0.578629375	-0.242299289	-0.925416112	-0.789862156	-0.536494613
				
-0.57823205	-0.240951508	-0.925685406	-0.789764166	-0.535038412
				
-0.577595055	-0.239748076	-0.925638735	-0.7900334	-0.533797741
				
-0.577123106	-0.238630638	-0.925591767	-0.790372789	-0.532539487
				
-0.576916337	-0.237616166	-0.925753653	-0.790935397	-0.531944335
				
-0.576782227	-0.237376809	-0.925862849	-0.792015433	-0.532509446
				
-0.576722264	-0.23759982	-0.92599833	-0.793138266	-0.533894539
				
-0.577514291	-0.238949016	-0.926546216	-0.793212771	-0.535154343
				
-0.578190684	-0.240803495	-0.926997185	-0.793610752	-0.536433756
				
-0.578065634	-0.241702437	-0.927184463	-0.795032442	-0.537416816
				
-0.578615308	-0.24388732	-0.927833736	-0.794998288	-0.538693607
				
-0.579080105	-0.246239275	-0.92837292	-0.795244098	-0.540067434
				
-0.579016328	-0.246618003	-0.928479314	-0.796133399	-0.540697515
				
-0.579790235	-0.248417065	-0.928898931	-0.796577513	-0.542434335
				
-0.580195248	-0.249780774	-0.92919904	-0.799200475	-0.544548392
				
-0.58058846	-0.251648307	-0.930156469	-0.803738117	-0.551202178
				
-0.580654144	-0.253815711	-0.931082487	-0.806983113	-0.554779112
				
-0.580809057	-0.255816579	-0.932092309	-0.810478508	-0.558573723
				
-0.58081758	-0.257066905	-0.933093846	-0.814441144	-0.562015176
				
-0.580217242	-0.25783658	-0.933824718	-0.817568064	-0.564432263
				
-0.579700112	-0.258266091	-0.934704542	-0.820980072	-0.567729354
				
-0.578978181	-0.258133978	-0.93535763	-0.824644387	-0.569332123
				
-0.578439951	-0.257215559	-0.935619712	-0.828054667	-0.571331382
				
-0.578070223	-0.256365061	-0.936012328	-0.830361485	-0.574597597
				
-0.577645421	-0.255909085	-0.936125159	-0.833136857	-0.577230394
				
-0.577435136	-0.254989922	-0.935547113	-0.833719671	-0.578042865
				
-0.577341795	-0.254462421	-0.934279799	-0.832344055	-0.576713443
				
-0.577329397	-0.254176944	-0.932858348	-0.831319213	-0.575894356
				
-0.57730794	-0.253970265	-0.931259632	-0.829986691	-0.57504034
				
-0.577508092	-0.254297465	-0.929807961	-0.829139709	-0.575016618
				
-0.577396274	-0.25461185	-0.928610444	-0.82904309	-0.575626969
				
-0.577478766	-0.255284756	-0.927617729	-0.830253899	-0.578749776
				
-0.576624095	-0.257254124	-0.925487161	-0.830000162	-0.580119848
				
-0.575404048	-0.259507924	-0.922934651	-0.829348326	-0.581473887
				
-0.57449764	-0.263367653	-0.920234621	-0.828484833	-0.582086563
				
-0.573847353	-0.265743047	-0.916624546	-0.824906349	-0.580105245
				
-0.572903752	-0.268894732	-0.91356492	-0.823028684	-0.580689251
				
-0.572333694	-0.272139311	-0.911007285	-0.82219696	-0.582561553
				
-0.571704984	-0.274829447	-0.908412814	-0.821719646	-0.586195648
				
-0.571299493	-0.276978582	-0.906018615	-0.821680844	-0.59057498
				
-0.575544596	-0.261956364	-0.905719817	-0.813058853	-0.582299352
				
-0.577541292	-0.248772576	-0.905682027	-0.804411113	-0.573624372
				
-0.579103351	-0.239654481	-0.90502727	-0.797832787	-0.567661285
				
-0.580697179	-0.231383577	-0.9041062	-0.7914235	-0.561013162
				
-0.581522644	-0.223221853	-0.903171539	-0.786141455	-0.555444181
				
-0.582528889	-0.216642708	-0.902400017	-0.781434357	-0.546943009
				
-0.582486987	-0.209174365	-0.900905848	-0.774721384	-0.537106812
				
-0.582234979	-0.201715752	-0.899061203	-0.767151654	-0.526066124
				
-0.582170129	-0.194770277	-0.897282362	-0.760944307	-0.51661545
				
-0.582371712	-0.192705572	-0.897568405	-0.760243416	-0.511144876
				
-0.582080722	-0.188537925	-0.896946669	-0.756819844	-0.503274083
				
-0.581804395	-0.186950952	-0.898100138	-0.757873714	-0.498071611
				
-0.581111908	-0.184398293	-0.898806691	-0.757993817	-0.493721873
				
-0.580720961	-0.182874799	-0.899451077	-0.758388281	-0.4899005
				
-0.580089688	-0.180625945	-0.899413288	-0.757188618	-0.487403184
				
-0.579530716	-0.180077851	-0.899544299	-0.757467151	-0.487845957
				
-0.580040812	-0.182294279	-0.900572956	-0.760524452	-0.490343183
				
-0.580367625	-0.187083468	-0.901708186	-0.762456596	-0.49397707
				
-0.58015579	-0.1914341	-0.901793122	-0.761983097	-0.499013424
				
-0.58130753	-0.197201952	-0.902954578	-0.764996946	-0.505547464
				
-0.581327975	-0.2014727	-0.90266788	-0.764947057	-0.511695504
				
-0.58250314	-0.207205638	-0.902884364	-0.765684247	-0.515902698
				
-0.58340764	-0.21433422	-0.903064907	-0.765796125	-0.521406829
				
-0.583771527	-0.221150562	-0.902445793	-0.764201164	-0.525172174
				
-0.583899796	-0.227482066	-0.901037216	-0.761023402	-0.529957354
				
-0.583631873	-0.235477492	-0.898026764	-0.754756987	-0.53298831
				
-0.58667469	-0.252470285	-0.882019579	-0.73395896	-0.525812864
				
-0.588195443	-0.268766373	-0.869651675	-0.715224385	-0.518486619
				
-0.590867579	-0.280903399	-0.860431969	-0.702717423	-0.513773024
				
-0.592208505	-0.289750487	-0.854004681	-0.696357071	-0.512567759
				
-0.592521608	-0.295136303	-0.84862262	-0.690004051	-0.509903193
				
-0.592107356	-0.299302071	-0.846159697	-0.689180613	-0.509144783
				
-0.589676738	-0.299233615	-0.844025016	-0.688573241	-0.509022415
				
-0.586587727	-0.298187315	-0.843028426	-0.688456178	-0.508172631
				
-0.585005283	-0.295203686	-0.845738351	-0.69334501	-0.509479105
				
-0.583573878	-0.29184857	-0.851407945	-0.703787327	-0.512661397
				
-0.582029641	-0.285040319	-0.858318627	-0.71611166	-0.516802549
				
-0.578905821	-0.277564406	-0.862328529	-0.725520074	-0.519679189
				
-0.575825214	-0.26813522	-0.866168857	-0.735600233	-0.523441792
				
-0.572829187	-0.256907672	-0.86999172	-0.745948255	-0.527429163
				
-0.569869936	-0.245091572	-0.87234211	-0.754253387	-0.527578175
				
-0.566828489	-0.234250054	-0.872728944	-0.759634256	-0.526084721
				
-0.56523639	-0.222821996	-0.873455882	-0.765688717	-0.523850799
				
-0.563571334	-0.213816702	-0.873951375	-0.7692312	-0.522557318
				
-0.562199831	-0.207621664	-0.873413682	-0.769377589	-0.521965623
				
-0.561454415	-0.202946365	-0.87240994	-0.766937912	-0.519418895
				
-0.566265643	-0.194861621	-0.869162261	-0.761463642	-0.514837623
				
-0.571498513	-0.18739827	-0.863583446	-0.752014339	-0.507697403
				
-0.575300992	-0.18051222	-0.856312335	-0.741346061	-0.49914813
				
-0.578414321	-0.176692307	-0.849313259	-0.730298996	-0.490842849
				
-0.58073467	-0.17391406	-0.842063785	-0.719649792	-0.481931239
				
-0.582465887	-0.173986524	-0.836368859	-0.711927474	-0.475402176
				
-0.58485347	-0.174902484	-0.832992971	-0.706598103	-0.47148779
				
-0.58676523	-0.180977687	-0.831706882	-0.701973557	-0.468198329
				
-0.589207351	-0.185670897	-0.830800414	-0.698573887	-0.46548447
				
-0.591209948	-0.189726099	-0.829006374	-0.692715645	-0.460889965
				
-0.591490388	-0.194628522	-0.824839592	-0.683045805	-0.454220235
				
-0.59239465	-0.201603994	-0.820960641	-0.675682545	-0.450935513
				
-0.591335118	-0.208573967	-0.815609097	-0.667103648	-0.445537895
				
-0.592374444	-0.216494441	-0.812036216	-0.660081029	-0.440938652
				
-0.592738271	-0.223247394	-0.809028149	-0.655688643	-0.43839556
				
-0.592556298	-0.229013681	-0.806370556	-0.652932465	-0.434866071
				
-0.592368484	-0.235897094	-0.805894017	-0.653037846	-0.43345955
				
-0.591257632	-0.24130623	-0.803222358	-0.649209738	-0.429067641
				
-0.591080725	-0.244927958	-0.802155197	-0.648949325	-0.42687574
				
-0.590653539	-0.250298977	-0.801201046	-0.649275362	-0.427246869
				
-0.590523183	-0.254571676	-0.801044226	-0.651274085	-0.42971313
				
-0.59038198	-0.260178566	-0.800531387	-0.652008712	-0.431110948
				
-0.588660121	-0.268707126	-0.799836278	-0.651636064	-0.431254745
				
-0.588893592	-0.274344593	-0.801010966	-0.654871404	-0.434268057
				
-0.587315857	-0.28020069	-0.801292181	-0.655417264	-0.433920711
				
-0.585250795	-0.296640843	-0.802105069	-0.655711114	-0.432421446
				
-0.584228039	-0.302301735	-0.805146873	-0.657137752	-0.431439877
				
-0.583424568	-0.307895243	-0.807825744	-0.658729017	-0.431533277
				
-0.584862471	-0.307987481	-0.812223732	-0.66431433	-0.435560495
				
-0.586086631	-0.30766961	-0.816967368	-0.670238853	-0.439769268
				
-0.585356355	-0.310189962	-0.819398105	-0.672405601	-0.440152079
				
-0.586443603	-0.308537781	-0.82275939	-0.677232265	-0.444204509
				
-0.585734665	-0.308961779	-0.825711906	-0.681532979	-0.446782619
				
-0.586579263	-0.305405855	-0.830099344	-0.689247489	-0.453185648
				
-0.587186635	-0.299944192	-0.833754182	-0.696826875	-0.459185421
				
-0.587721288	-0.296178788	-0.836190701	-0.701659322	-0.46377033
				
-0.58691448	-0.294788212	-0.837394059	-0.703560174	-0.465525836
				
-0.587760508	-0.290973336	-0.839327991	-0.706869662	-0.468876958
				
-0.587017477	-0.290870816	-0.839233696	-0.705780029	-0.468603015
				
-0.586403191	-0.291869044	-0.838885963	-0.703559339	-0.466991395
				
-0.585790932	-0.294178486	-0.83815068	-0.700432181	-0.464669347
				
-0.586872399	-0.29319036	-0.838326395	-0.699359417	-0.464733839
				
-0.587797701	-0.291010559	-0.838960886	-0.699315131	-0.464907587
				
-0.587130368	-0.290655255	-0.838574231	-0.697146893	-0.462762147
				
-0.586527884	-0.290221006	-0.83834523	-0.695151031	-0.461331725
				
-0.587600529	-0.285712242	-0.839198828	-0.696000934	-0.463400453
				
-0.586936831	-0.28427875	-0.838623226	-0.694099605	-0.462917447
				
-0.58791095	-0.280102283	-0.838832378	-0.693932056	-0.463491976
				
-0.588621378	-0.276733309	-0.83898294	-0.693695843	-0.46322906
				
-0.589217246	-0.274775475	-0.838870823	-0.69322294	-0.46246922
				
-0.588270187	-0.275433123	-0.837539732	-0.690425634	-0.459391356
				
-0.588944614	-0.271445811	-0.837907016	-0.692170441	-0.461301535
				
-0.587770581	-0.271208227	-0.83716929	-0.691474974	-0.460968465
				
-0.588583469	-0.265740335	-0.838708282	-0.6952371	-0.464276433
				
-0.588926136	-0.25978291	-0.840586901	-0.700841606	-0.469285578
				
-0.589062214	-0.25501889	-0.842495739	-0.705590189	-0.473931491
				
-0.589053333	-0.251969874	-0.844205499	-0.709506452	-0.476999938
				
-0.589036942	-0.247558877	-0.846170366	-0.713810503	-0.480273008
				
-0.58721602	-0.245956331	-0.846261084	-0.715229392	-0.480109185
				
-0.587257743	-0.244343951	-0.847874224	-0.719127238	-0.483610064
				
-0.587260425	-0.242445275	-0.849742472	-0.722907543	-0.487261176
				
-0.585570157	-0.243808642	-0.850110292	-0.72343123	-0.487636805
				
-0.585700214	-0.243274897	-0.851361096	-0.7254017	-0.489704043
				
-0.585948944	-0.243743777	-0.852373958	-0.726308882	-0.491102874
				
-0.584699631	-0.24698922	-0.85206157	-0.724410713	-0.488956153
				
-0.58354789	-0.250014931	-0.851475418	-0.722419739	-0.486291885
				
-0.584553301	-0.249924362	-0.852076769	-0.72309655	-0.486471981
				
-0.585387051	-0.249051765	-0.852601349	-0.723736823	-0.486383975
				
-0.586098194	-0.248654947	-0.853353381	-0.724948287	-0.487422019
				
-0.586694956	-0.248988062	-0.853834629	-0.72539252	-0.487822562
				
-0.585721433	-0.252073079	-0.85246402	-0.722525001	-0.483799875
				
-0.586620629	-0.253154695	-0.851715207	-0.72132194	-0.481927544
				
-0.587500095	-0.253608733	-0.851710975	-0.720728517	-0.480569512
				
-0.588295281	-0.25462386	-0.851006925	-0.720151067	-0.479460329
				
-0.587346017	-0.257174373	-0.849156022	-0.718077898	-0.475793004
				
-0.586576343	-0.259913385	-0.847912908	-0.716251075	-0.473145485
				
-0.585971415	-0.262345642	-0.846632957	-0.713945389	-0.470418841
				
-0.585300922	-0.264419079	-0.845218658	-0.711968124	-0.46865043
				
-0.586357474	-0.262796462	-0.845162392	-0.712947488	-0.470476896
				
-0.585632443	-0.263826311	-0.84386313	-0.711427033	-0.468834519
				
-0.586485565	-0.26250729	-0.843314767	-0.712008417	-0.470019788
				
-0.587122917	-0.260566175	-0.84311974	-0.712947249	-0.471198678
				
-0.587585866	-0.259333223	-0.842724204	-0.713353872	-0.471860468
				
-0.587981105	-0.258864075	-0.842658222	-0.714042008	-0.473118573
				
-0.588273048	-0.258274049	-0.842758298	-0.714905977	-0.474737942
				
-0.588311255	-0.257537216	-0.843445301	-0.716839075	-0.47690773
				
-0.587042928	-0.25910145	-0.843374133	-0.717060328	-0.476651639
				
-0.587386608	-0.259430736	-0.844926178	-0.720213473	-0.479719162
				
-0.587778926	-0.258078992	-0.846889913	-0.724863529	-0.483687609
				
-0.587934256	-0.258527935	-0.849222839	-0.730082929	-0.488016278
				
-0.587926328	-0.259304106	-0.85076791	-0.733775973	-0.489947379
				
-0.586728513	-0.262778759	-0.851126134	-0.735304058	-0.488511652
				
-0.585732102	-0.267642766	-0.852926552	-0.738725066	-0.488754243
				
-0.586384773	-0.270234376	-0.855529606	-0.743362248	-0.490369737
				
-0.585757792	-0.274178863	-0.85665673	-0.746126711	-0.488797903
				
-0.586640775	-0.274455041	-0.858213961	-0.750218332	-0.489852548
				
-0.587270141	-0.27326113	-0.858768225	-0.753438115	-0.488840491
				
-0.5877105	-0.27199465	-0.859610975	-0.756376565	-0.487630993
				
-0.587118149	-0.270540595	-0.858498275	-0.756474137	-0.483118415
				
-0.577969134	-0.248984858	-0.862520754	-0.760955691	-0.484616071
				
-0.570377827	-0.227466941	-0.866289973	-0.764493048	-0.486926347
				
-0.565049887	-0.206196278	-0.870601177	-0.769343436	-0.488523573
				
-0.560005903	-0.188017339	-0.874563158	-0.773665309	-0.48926419
				
-0.556009889	-0.173389018	-0.878432095	-0.777574658	-0.489989102
				
-0.552782476	-0.161826119	-0.881104469	-0.779812694	-0.489981294
				
-0.549114764	-0.149426579	-0.879858673	-0.777457893	-0.484190017
				
-0.546531379	-0.141771153	-0.876704872	-0.777310014	-0.479972899
				
-0.543734908	-0.133558422	-0.875145197	-0.779242575	-0.48095873
				
-0.541380107	-0.126528233	-0.873000443	-0.780941188	-0.481779456
				
-0.540847957	-0.117730848	-0.870244384	-0.782072008	-0.481706619
				
-0.541936576	-0.113492467	-0.864125848	-0.775496364	-0.476653367
				
-0.548234582	-0.102330416	-0.850766778	-0.756552637	-0.46223712
				
-0.556010962	-0.094996661	-0.839996517	-0.740040362	-0.448209554
				
-0.56274277	-0.089066178	-0.833175004	-0.727977335	-0.440924138
				
-0.568647742	-0.085621536	-0.827799201	-0.717560172	-0.43552506
				
-0.573565722	-0.084507935	-0.824176371	-0.70927453	-0.431423783
				
-0.577649415	-0.084514484	-0.822199702	-0.702874005	-0.42797327
				
-0.580810606	-0.085584939	-0.821294248	-0.698331356	-0.424471527
				
-0.583359063	-0.086789899	-0.820262432	-0.694597304	-0.420833468
				
-0.585311472	-0.088009961	-0.819431841	-0.692076981	-0.417693019
				
-0.586443365	-0.091769367	-0.817343771	-0.688161373	-0.413234532
				
-0.58754003	-0.098123804	-0.815341234	-0.68519032	-0.410210192
				
-0.588262498	-0.104967542	-0.813977063	-0.682918906	-0.408874631
				
-0.588768005	-0.112436652	-0.813446164	-0.681596398	-0.4092803
				
-0.589033067	-0.120023832	-0.81369859	-0.681297004	-0.411604226
				
-0.589360535	-0.128310636	-0.815155923	-0.682137907	-0.415500641
				
-0.589579821	-0.132929221	-0.817648709	-0.684004605	-0.420724183
				
-0.590007663	-0.136284769	-0.820249617	-0.685881257	-0.425166428
				
-0.590266705	-0.139442384	-0.823034406	-0.687758684	-0.428848267
				
-0.590267181	-0.142821729	-0.825300634	-0.689443886	-0.432172716
				
-0.590430379	-0.145927757	-0.827056408	-0.690168619	-0.434724033
				
-0.590593457	-0.152024046	-0.827530682	-0.689806879	-0.435514808
				
-0.590891123	-0.160007149	-0.827326715	-0.688400209	-0.435702264
				
-0.590963721	-0.167211354	-0.826808155	-0.687318921	-0.436182201
				
-0.591150939	-0.173260599	-0.82617265	-0.686421752	-0.436453342
				
-0.591466546	-0.17704612	-0.825782239	-0.68636024	-0.437569559
				
-0.59152025	-0.17875278	-0.825399518	-0.686710417	-0.438597202
				
-0.591638386	-0.179047823	-0.825026274	-0.687148094	-0.439194858
				
-0.591757238	-0.177882776	-0.825072646	-0.687792599	-0.439788759
				
-0.591987908	-0.177487791	-0.825144768	-0.688120842	-0.440681577
				
-0.592208683	-0.17685008	-0.825387776	-0.688816965	-0.441931069
				
-0.592406929	-0.176478043	-0.825017333	-0.688929141	-0.442310035
				
-0.592470527	-0.177203909	-0.824985325	-0.688918591	-0.442664087
				
-0.59240669	-0.178003788	-0.82519424	-0.68884325	-0.442461818
				
-0.592184365	-0.178212911	-0.825418353	-0.688738227	-0.442222953
				
-0.591864347	-0.178339332	-0.825637937	-0.68845886	-0.441777706
				
-0.591455817	-0.17967999	-0.825163305	-0.687238634	-0.440593123
				
-0.59106493	-0.180225641	-0.82472378	-0.686098635	-0.439594835
				
-0.590800226	-0.181469798	-0.824220836	-0.685114563	-0.43865031
				
-0.590602398	-0.182755217	-0.823687613	-0.684034824	-0.437604815
				
-0.59042573	-0.184131801	-0.823242962	-0.682473063	-0.435458481
				
-0.590276897	-0.1835545	-0.823240042	-0.681956053	-0.433827043
				
-0.590570509	-0.18216154	-0.823234439	-0.681379616	-0.432623804
				
-0.590625882	-0.181876183	-0.822669446	-0.679936051	-0.430790037
				
-0.590557039	-0.182072937	-0.821723044	-0.678420424	-0.429038405
				
-0.590471148	-0.181900203	-0.820976198	-0.677324831	-0.42762652
				
-0.590551674	-0.18181783	-0.81964463	-0.675875485	-0.425993562
				
-0.590753675	-0.180819929	-0.818803847	-0.675335228	-0.425003052
				
-0.590741217	-0.180519983	-0.817627072	-0.674386024	-0.424267769
				
-0.590702534	-0.179941982	-0.816902578	-0.67423147	-0.423742801
				
-0.590808868	-0.17876491	-0.816560864	-0.674402237	-0.423191756
				
-0.590917885	-0.178419054	-0.816204906	-0.674113274	-0.422031462
				
-0.590750813	-0.176927686	-0.815890372	-0.67437768	-0.421499848
				
-0.590731621	-0.176141918	-0.815560997	-0.67461437	-0.421341538
				
-0.59068197	-0.176460043	-0.814851582	-0.674177587	-0.420800626
				
-0.590847909	-0.178008094	-0.813780725	-0.67300725	-0.419803232
				
-0.590745449	-0.178312451	-0.812456429	-0.671734512	-0.418626994
				
-0.590391397	-0.178721324	-0.810720503	-0.670319974	-0.416801751
				
-0.590086281	-0.178385824	-0.80877459	-0.669125557	-0.414018869
				
-0.589903116	-0.178233296	-0.806636453	-0.667081833	-0.409928173
				
-0.589730978	-0.176876903	-0.80516988	-0.666581452	-0.406180412
				
-0.589268446	-0.17333129	-0.804395318	-0.667215765	-0.401947021
				
-0.588796139	-0.168673769	-0.804311097	-0.669834197	-0.397385031
				
-0.588331938	-0.165264308	-0.804807484	-0.673118353	-0.393240213
				
-0.587913811	-0.158885568	-0.805989146	-0.67715919	-0.389824629
				
-0.587636828	-0.149977595	-0.807903111	-0.682495713	-0.386541605
				
-0.587148011	-0.140641034	-0.810095131	-0.688120663	-0.382897526
				
-0.586525023	-0.131110162	-0.813040733	-0.694080472	-0.380208254
				
-0.5856269	-0.120379433	-0.816142261	-0.700236142	-0.377630889
				
-0.584735692	-0.111642599	-0.818900824	-0.705817699	-0.374176979
				
-0.577868998	-0.089980736	-0.824411154	-0.713643432	-0.377167225
				
-0.570058823	-0.069202065	-0.829620481	-0.721724927	-0.379654109
				
-0.562195659	-0.050910354	-0.834435642	-0.730545402	-0.381324083
				
-0.549114048	-0.0556615	-0.845535338	-0.744895339	-0.3897551
				
-0.53758806	-0.064226478	-0.85484159	-0.758724749	-0.397425562
				
-0.527399302	-0.074394494	-0.86251229	-0.771546066	-0.403196216
				
-0.51797384	-0.085507303	-0.86914742	-0.783239305	-0.407202423
				
-0.509484887	-0.096228912	-0.874776781	-0.794344366	-0.406417906
				
-0.501626015	-0.106541321	-0.879573047	-0.803276479	-0.406663597
				
-0.497636139	-0.119494691	-0.883296907	-0.809938252	-0.407043159
				
-0.491475314	-0.127159983	-0.885312438	-0.812629998	-0.407806933
				
-0.486412942	-0.133869588	-0.887058318	-0.814278066	-0.408878863
				
-0.482055575	-0.13885735	-0.888383687	-0.816193759	-0.40977627
				
-0.481676221	-0.14394471	-0.891165316	-0.821373463	-0.413983196
				
-0.477697909	-0.143657058	-0.892125964	-0.823471844	-0.414949268
				
-0.478365064	-0.145705506	-0.894822776	-0.829535067	-0.418807596
				
-0.47456944	-0.145002991	-0.896036983	-0.832163274	-0.42010206
				
-0.471383601	-0.144364953	-0.896283209	-0.834531724	-0.418269068
				
-0.468368411	-0.143923968	-0.895977378	-0.836011887	-0.414743125
				
-0.465380192	-0.144650176	-0.895430923	-0.83671695	-0.411622643
				
-0.463322073	-0.144711658	-0.894276202	-0.836757541	-0.406920403
				
-0.467364162	-0.145738706	-0.894585729	-0.840642631	-0.405987442
				
-0.465784639	-0.144287795	-0.892367482	-0.839987636	-0.399388462
				
-0.470744312	-0.145229951	-0.891777396	-0.842662573	-0.398176432
				
-0.475643426	-0.143983722	-0.890796721	-0.845574915	-0.395102888
				
-0.474201649	-0.139596894	-0.887650311	-0.843781829	-0.386091709
				
-0.478269041	-0.13721098	-0.886106551	-0.846238256	-0.382429957
				
-0.48229748	-0.134891868	-0.884429693	-0.848106563	-0.380406052
				
-0.480961442	-0.13114056	-0.880164504	-0.844796121	-0.372496009
				
-0.480116844	-0.129220113	-0.87679857	-0.841548145	-0.366640508
				
-0.484808415	-0.13016887	-0.875221014	-0.842387378	-0.366466165
				
-0.489573449	-0.131109938	-0.873205602	-0.842451394	-0.364312112
				
-0.49325338	-0.131232545	-0.871786892	-0.842079997	-0.363744497
				
-0.496662885	-0.1310561	-0.87007159	-0.840410233	-0.36324209
				
-0.495125145	-0.129794076	-0.86730361	-0.834575713	-0.359458178
				
-0.497984558	-0.129853696	-0.86604172	-0.83295542	-0.359935939
				
-0.500480294	-0.129374161	-0.865417063	-0.831118107	-0.361226857
				
-0.498488128	-0.12824139	-0.863622248	-0.825453877	-0.358601272
				
-0.500371873	-0.128901511	-0.863724351	-0.823392093	-0.360768616
				
-0.502344191	-0.130304322	-0.863800883	-0.820952535	-0.362489522
				
-0.504059553	-0.132231429	-0.864044845	-0.818232775	-0.36394763
				
-0.50596875	-0.133524403	-0.864193618	-0.815639496	-0.364852339
				
-0.507901132	-0.134927034	-0.864208221	-0.812248111	-0.365725398
				
-0.509607673	-0.136717647	-0.864677608	-0.810109437	-0.367145836
				
-0.511038542	-0.137545571	-0.865212619	-0.808392167	-0.369342446
				
-0.508858621	-0.137521833	-0.864171863	-0.80295372	-0.368262112
				
-0.510754645	-0.138434857	-0.864796221	-0.802699864	-0.371214539
				
-0.513167739	-0.13899529	-0.86528635	-0.801999629	-0.375189662
				
-0.514381409	-0.139003456	-0.865877986	-0.803168893	-0.378647804
				
-0.51601249	-0.140122861	-0.865633965	-0.802845478	-0.381796092
				
-0.517273068	-0.140648648	-0.864812255	-0.803262889	-0.382764608
				
-0.518064976	-0.140638247	-0.864041805	-0.803889394	-0.383959711
				
-0.518489003	-0.140410274	-0.862745285	-0.805075109	-0.384151012
				
-0.515358388	-0.139954686	-0.859917521	-0.802091122	-0.381369233
				
-0.512374401	-0.13969712	-0.857232273	-0.799830437	-0.378090441
				
-0.512784719	-0.141176149	-0.856326342	-0.802671313	-0.378392965
				
-0.513481379	-0.142328009	-0.855160773	-0.805432498	-0.378396571
				
-0.510715723	-0.142020985	-0.852732658	-0.804429114	-0.375022054
				
-0.507908285	-0.142368153	-0.850731432	-0.804184496	-0.371924311
				
-0.505211115	-0.142536104	-0.849121809	-0.804997206	-0.369155705
				
-0.505894184	-0.143407211	-0.848603547	-0.80989933	-0.368810385
				
-0.503427267	-0.142578363	-0.847126842	-0.81100601	-0.36554414
				
-0.500682116	-0.143133804	-0.846474886	-0.813089967	-0.362682521
				
-0.501323402	-0.145549268	-0.847034514	-0.819878221	-0.36296308
				
-0.502318144	-0.147096291	-0.847696424	-0.826734364	-0.362670571
				
-0.499735653	-0.14829722	-0.846954107	-0.828878045	-0.359096587
				
-0.500208676	-0.15047279	-0.848181307	-0.835998595	-0.359529376
				
-0.497332275	-0.152003258	-0.848164558	-0.839002609	-0.356868625
				
-0.494334608	-0.155066982	-0.848985553	-0.841551304	-0.354994357
				
-0.49148941	-0.158329368	-0.849244297	-0.843873382	-0.35229364
				
-0.4887003	-0.161680996	-0.849864006	-0.846355259	-0.349737346
				
-0.490371704	-0.16470848	-0.850197732	-0.851942301	-0.348199189
				
-0.488040507	-0.166360229	-0.84999305	-0.853837013	-0.345237672
				
-0.485734254	-0.167715713	-0.850054383	-0.856386364	-0.343443513
				
-0.483173877	-0.16930221	-0.849739194	-0.858907998	-0.341984212
				
-0.481146336	-0.171229467	-0.849703074	-0.861168623	-0.340357363
				
-0.479252934	-0.172701672	-0.849555314	-0.862698317	-0.338090003
				
-0.476974368	-0.175388664	-0.850189149	-0.863929272	-0.336747557
				
-0.479520231	-0.177184999	-0.850790799	-0.868541539	-0.336512506
				
-0.482135177	-0.178584546	-0.850998819	-0.872640133	-0.336643577
				
-0.484128714	-0.179432884	-0.851018727	-0.876107931	-0.33695358
				
-0.485709012	-0.179913878	-0.850612462	-0.878381073	-0.337154359
				
-0.482884169	-0.180714488	-0.850075126	-0.876095414	-0.335354209
				
-0.483813584	-0.181149378	-0.849347234	-0.877301812	-0.335578829
				
-0.485108823	-0.181838125	-0.848445594	-0.877905905	-0.336105675
				
-0.481967807	-0.183619007	-0.847982168	-0.874226272	-0.33546418
				
-0.478796661	-0.185652852	-0.848275304	-0.87043047	-0.336380839
				
-0.480786681	-0.187357396	-0.848761678	-0.870852172	-0.339443743
				
-0.478803396	-0.190512031	-0.84925139	-0.866569042	-0.342005968
				
-0.481255561	-0.19415313	-0.849670887	-0.865595639	-0.34774822
				
-0.483863294	-0.19678089	-0.849839032	-0.864174485	-0.354672462
				
-0.486040056	-0.200693637	-0.85023737	-0.862093806	-0.362772048
				
-0.487896442	-0.205824167	-0.851026297	-0.859664261	-0.370599985
				
-0.49029386	-0.213562965	-0.852906108	-0.857737005	-0.379730999
				
-0.493083239	-0.223381221	-0.854756355	-0.855837643	-0.389201611
				
-0.491669834	-0.258416057	-0.865233958	-0.848376393	-0.4133856
				
-0.499729753	-0.278643876	-0.874382317	-0.845298588	-0.429031312
				
-0.50826627	-0.294230819	-0.883341253	-0.842244029	-0.441871136
				
-0.516027272	-0.307627738	-0.891884089	-0.839170039	-0.454834461
				
-0.523007691	-0.31718421	-0.89966917	-0.83611989	-0.464851201
				
-0.529233456	-0.324050486	-0.906457961	-0.832800627	-0.471919835
				
-0.533138692	-0.329436243	-0.9124704	-0.827403188	-0.478617519
				
-0.538153887	-0.331698835	-0.919058502	-0.827313781	-0.484484315
				
-0.541472316	-0.334139377	-0.925896347	-0.826901734	-0.492785126
				
-0.543421268	-0.335883319	-0.93231082	-0.827539861	-0.500399768
				
-0.544772625	-0.337438822	-0.938336551	-0.830282271	-0.508704782
				
-0.548653543	-0.338578403	-0.944160044	-0.836647511	-0.514965057
				
-0.549391568	-0.341212124	-0.949550986	-0.84123987	-0.523097038
				
-0.55263412	-0.343773991	-0.954545319	-0.847888052	-0.530005157
				
-0.55458051	-0.345330954	-0.95945859	-0.853904009	-0.536374986
				
-0.555808723	-0.346461207	-0.963982344	-0.857859671	-0.540688157
				
-0.55414176	-0.349013835	-0.968259871	-0.857611179	-0.54450345
				
-0.554194033	-0.351250172	-0.972958326	-0.860649705	-0.54866755
				
-0.554288387	-0.353942126	-0.97754252	-0.86404866	-0.552685201
				
-0.547322512	-0.353355587	-0.981615424	-0.856395662	-0.581112564
				
-0.541571319	-0.354469717	-0.985920846	-0.851596653	-0.603735507
				
-0.537949741	-0.357840419	-0.989123464	-0.847944975	-0.623765469
				
-0.534881234	-0.361628503	-0.991489947	-0.846109271	-0.639592111
				
-0.534336567	-0.364953041	-0.993291855	-0.845878124	-0.649819374
				
-0.534044147	-0.369525582	-0.994088352	-0.844410121	-0.658122301
				
-0.535070777	-0.373173594	-0.995028853	-0.845071495	-0.662823498
				
-0.53645283	-0.376993656	-0.995657444	-0.844442844	-0.664237022
				
-0.537396133	-0.381858438	-0.995513141	-0.843108237	-0.665909767
				
-0.539010525	-0.385679632	-0.995947421	-0.842903972	-0.665727794
				
-0.540368319	-0.390265644	-0.995752871	-0.840840459	-0.665088654
				
-0.541707933	-0.394163251	-0.99565208	-0.839500606	-0.66468209
				
-0.542519748	-0.397879899	-0.995621502	-0.83912015	-0.66530627
				
-0.543485403	-0.401727349	-0.995667279	-0.840671778	-0.668255806
				
-0.545835018	-0.405757815	-0.996406794	-0.844165862	-0.673238337
				
-0.547602654	-0.411210597	-0.996384025	-0.847435057	-0.68091476
				
-0.548653722	-0.415198863	-0.996386468	-0.849635005	-0.687194169
				
-0.549479425	-0.417693377	-0.996441901	-0.851986945	-0.694089532
				
-0.550422609	-0.419691801	-0.997010469	-0.855535269	-0.700875998
				
-0.550507963	-0.422505766	-0.996914208	-0.858214378	-0.707691669
				
-0.55120641	-0.423690528	-0.99724853	-0.860786021	-0.712615848
				
-0.551710606	-0.424970835	-0.997398555	-0.862947166	-0.715700448
				
-0.551349998	-0.42553094	-0.997396171	-0.86321491	-0.715545237
				
-0.550909162	-0.425768852	-0.997284114	-0.862673223	-0.713668406
				
-0.550473154	-0.426260859	-0.996868908	-0.861154497	-0.711938202
				
-0.548927724	-0.425947994	-0.996492922	-0.858730733	-0.708009779
				
-0.548250794	-0.42334497	-0.996450484	-0.856778502	-0.702537894
				
-0.545887887	-0.4214755	-0.996109366	-0.853589475	-0.696580946
				
-0.544122815	-0.418672591	-0.996186018	-0.851798117	-0.690620661
				
-0.540718973	-0.417666107	-0.995969892	-0.84830296	-0.683789372
				
-0.537905931	-0.414488763	-0.99610734	-0.846267164	-0.67714411
				
-0.535204172	-0.412244439	-0.996266901	-0.844316483	-0.670704842
				
-0.532760441	-0.410611957	-0.996412933	-0.841414928	-0.663214207
				
-0.529976249	-0.410091698	-0.996234179	-0.836771369	-0.654729605
				
-0.52780658	-0.409007758	-0.996092796	-0.832937837	-0.64812994
				
-0.527086675	-0.406570613	-0.996300161	-0.830008209	-0.642009497
				
-0.525318623	-0.405425727	-0.996100068	-0.826256454	-0.636053801
				
-0.524299502	-0.403274596	-0.995894372	-0.821570456	-0.628217518
				
-0.523311436	-0.400572091	-0.995749176	-0.816746593	-0.621129036
				
-0.528115332	-0.398874313	-0.995869339	-0.821380734	-0.615761638
				
-0.532383859	-0.395193458	-0.995005131	-0.823427796	-0.604569972
				
-0.536250591	-0.390280932	-0.993365586	-0.824106932	-0.59228909
				
-0.531902909	-0.380400956	-0.99308604	-0.815504551	-0.580133379
				
-0.535781801	-0.372314334	-0.992544889	-0.810916066	-0.568592429
				
-0.533186257	-0.36204493	-0.992567182	-0.797606409	-0.552673101
				
-0.539622366	-0.350784838	-0.992293239	-0.78884089	-0.540562212
				
-0.54027766	-0.338489592	-0.993469834	-0.779367626	-0.536135972
				
-0.53910172	-0.32123518	-0.995133996	-0.766325295	-0.523933828
				
-0.538191378	-0.314311177	-0.995752394	-0.75134933	-0.505160332
				
-0.535893202	-0.3084867	-0.996269286	-0.738051534	-0.488981485
				
-0.533575118	-0.304495484	-0.996605873	-0.724431634	-0.472278923
				
-0.531637609	-0.301133692	-0.996513247	-0.713097453	-0.459273636
				
-0.530073166	-0.298599541	-0.99581778	-0.700591683	-0.446381211
				
-0.528690696	-0.296204448	-0.99458462	-0.689544201	-0.435072064
				
-0.528009951	-0.294582069	-0.992768764	-0.675123453	-0.4218449
				
-0.528402686	-0.293239474	-0.990035892	-0.659318388	-0.409528017
				
-0.528924406	-0.292577296	-0.986937046	-0.644555092	-0.398608685
				
-0.530706048	-0.293401718	-0.983796418	-0.634103775	-0.392100513
				
-0.53299129	-0.295601189	-0.980404377	-0.622518837	-0.384929389
				
-0.535442352	-0.299105704	-0.977011561	-0.613409817	-0.37826544
				
-0.537974775	-0.299972028	-0.972053885	-0.601537287	-0.369700313
				
-0.540138066	-0.298269093	-0.963700712	-0.585796773	-0.359063238
				
-0.541849494	-0.294921577	-0.950445652	-0.572667062	-0.350722432
				
-0.54478991	-0.291435927	-0.933997989	-0.564571023	-0.34493196
				
-0.547821522	-0.289485872	-0.915363729	-0.565510511	-0.345317602
				
-0.550629914	-0.286204308	-0.895588696	-0.56464833	-0.346458763
				
-0.55313158	-0.276717365	-0.860832989	-0.562469542	-0.346715033
				
-0.55673641	-0.269182324	-0.82597959	-0.56379354	-0.349030703
				
-0.560031056	-0.263232917	-0.803489208	-0.569817901	-0.352486134
				
-0.559159756	-0.263972461	-0.78823483	-0.573935151	-0.355202258
				
-0.561388016	-0.258491874	-0.789180517	-0.583769441	-0.36118409
				
-0.559876084	-0.25745976	-0.792965055	-0.594426394	-0.367772818
				
-0.56147629	-0.249596149	-0.802086711	-0.609294236	-0.378482014
				
-0.559228897	-0.24589105	-0.812802553	-0.622915685	-0.387999147
				
-0.560629487	-0.23755613	-0.825559556	-0.636402905	-0.398304731
				
-0.562343538	-0.228322268	-0.841292858	-0.651183367	-0.410383314
				
-0.56008935	-0.226261362	-0.85526067	-0.659818292	-0.418774396
				
-0.562020183	-0.220588446	-0.867747664	-0.666602135	-0.426754296
				
-0.560627818	-0.221286058	-0.878703296	-0.669776559	-0.43144092
				
-0.562720716	-0.216375023	-0.888559818	-0.674091399	-0.436880112
				
-0.561253786	-0.215356216	-0.896582842	-0.673674583	-0.439278275
				
-0.563075185	-0.209694326	-0.899960756	-0.673025012	-0.441960394
				
-0.561381817	-0.209331572	-0.903135002	-0.66909492	-0.441835105
				
-0.562906206	-0.204362586	-0.903392553	-0.667104483	-0.443295062
				
-0.564434767	-0.198523492	-0.904245555	-0.664165795	-0.443597436
				
-0.562493682	-0.199501052	-0.905601501	-0.659952164	-0.442983687
				
-0.564082861	-0.195118755	-0.903796196	-0.656807363	-0.443016469
				
-0.565809369	-0.191618532	-0.902791083	-0.65398854	-0.442369133
				
-0.563931763	-0.194240436	-0.903649688	-0.649327278	-0.440071851
				
-0.565401673	-0.192710504	-0.902806163	-0.647474647	-0.439295292
				
-0.566432774	-0.190996006	-0.903511524	-0.646415353	-0.438459396
				
-0.567924738	-0.18901214	-0.904146194	-0.646257997	-0.438435614
				
-0.569265842	-0.188581526	-0.907880425	-0.648054004	-0.439137697
				
-0.567092538	-0.193174303	-0.911986828	-0.648587704	-0.439488888
				
-0.568612993	-0.192035198	-0.913941622	-0.649447381	-0.439878881
				
-0.570166826	-0.189282551	-0.915895164	-0.651146889	-0.441033632
				
-0.568227649	-0.193293706	-0.916918159	-0.650904298	-0.44106251
				
-0.570595205	-0.192914218	-0.912305832	-0.652804732	-0.442770988
				
-0.57008636	-0.197724357	-0.90722543	-0.651584625	-0.442557573
				
-0.573085785	-0.198536709	-0.89845854	-0.649751484	-0.4422023
				
-0.575081468	-0.1972875	-0.892734647	-0.649937868	-0.442853391
				
-0.573847294	-0.202884972	-0.890441	-0.652663708	-0.445096016
				
-0.575143337	-0.204720914	-0.883648634	-0.65596354	-0.447769761
				
-0.57299161	-0.210507169	-0.876845241	-0.659568429	-0.450344235
				
-0.573753715	-0.213340133	-0.875347316	-0.666011274	-0.454083979
				
-0.571075916	-0.219099492	-0.875857472	-0.667678118	-0.455373436
				
-0.570502281	-0.219228655	-0.872747958	-0.669740915	-0.459702581
				
-0.566483974	-0.225846946	-0.880117655	-0.664506197	-0.457142204
				
-0.567723989	-0.223670021	-0.877748966	-0.660659552	-0.456894815
				
-0.568995297	-0.219471797	-0.879806876	-0.657948673	-0.457071275
				
-0.5669505	-0.221748054	-0.885849535	-0.655167401	-0.456578374
				
-0.567842245	-0.217511803	-0.889675915	-0.654142499	-0.45735997
				
-0.568893194	-0.212499917	-0.893372297	-0.652377725	-0.45679909
				
-0.566656947	-0.212861136	-0.897876322	-0.649532199	-0.45521456
				
-0.56453532	-0.213150263	-0.900064468	-0.646520972	-0.453423917
				
-0.565725088	-0.208338723	-0.899477303	-0.642940164	-0.451501429
				
-0.566964447	-0.202838615	-0.897738695	-0.6408391	-0.452046931
				
-0.567819715	-0.198734015	-0.899036467	-0.639965355	-0.45278874
				
-0.563922286	-0.200016052	-0.90327704	-0.636513531	-0.45095557
				
-0.564178348	-0.198455185	-0.906616509	-0.637015104	-0.451295495
				
-0.560881019	-0.200488836	-0.911008	-0.635002255	-0.450071603
				
-0.56135118	-0.200103104	-0.911312342	-0.635221839	-0.450053841
				
-0.558177412	-0.204274535	-0.912944019	-0.634174764	-0.449612021
				
-0.555679917	-0.209482938	-0.914752007	-0.632553041	-0.448505998
				
-0.557720542	-0.211328179	-0.911564648	-0.631299973	-0.448456764
				
-0.555722833	-0.216731787	-0.912129164	-0.627878785	-0.446627259
				
-0.55767262	-0.218591243	-0.910526395	-0.627454042	-0.446225226
				
-0.555845618	-0.225439429	-0.911834836	-0.625631988	-0.444893062
				
-0.558476508	-0.227716625	-0.909592509	-0.624684811	-0.444595516
				
-0.561491609	-0.229188442	-0.908298552	-0.624142766	-0.444823802
				
-0.560232222	-0.234131813	-0.909029007	-0.621794879	-0.443705589
				
-0.56304425	-0.234214127	-0.907919049	-0.621643126	-0.444012135
				
-0.565957427	-0.233067662	-0.907430172	-0.622770429	-0.445184112
				
-0.568612874	-0.230601877	-0.908241689	-0.623880506	-0.446546346
				
-0.567044735	-0.232394576	-0.912447691	-0.625082254	-0.447964698
				
-0.569916308	-0.229284406	-0.915312231	-0.629118562	-0.451013923
				
-0.572689176	-0.225241452	-0.918053925	-0.63294667	-0.454507977
				
-0.574842215	-0.22026217	-0.920737982	-0.637338281	-0.458092898
				
-0.576776445	-0.215135157	-0.922889054	-0.64092052	-0.460905224
				
-0.578347921	-0.210671514	-0.923235118	-0.645404339	-0.46445471
				
-0.579586387	-0.207659692	-0.920038223	-0.647909641	-0.467375666
				
-0.576570332	-0.209963053	-0.916436911	-0.646254778	-0.467988312
				
-0.577289701	-0.208280623	-0.909076214	-0.647088647	-0.469385713
				
-0.578713059	-0.205327809	-0.901322246	-0.646613598	-0.470346898
				
-0.579859018	-0.201762587	-0.89297694	-0.646090508	-0.471256346
				
-0.580205083	-0.198850721	-0.883345187	-0.64501977	-0.471381694
				
-0.578645766	-0.210770398	-0.878680348	-0.646699071	-0.460798085
				
-0.580636859	-0.215983093	-0.872563243	-0.647444785	-0.455161989
				
-0.582519293	-0.218994021	-0.865501523	-0.645804703	-0.449645609
				
-0.584082842	-0.221788734	-0.857951403	-0.644384503	-0.445543408
				
-0.586272717	-0.222284973	-0.855608523	-0.641930819	-0.441797912
				
-0.587945461	-0.223798543	-0.852822244	-0.638141692	-0.437746495
				
-0.587631881	-0.228934675	-0.850892723	-0.628708243	-0.429311156
				
-0.587387621	-0.233765721	-0.849083424	-0.620909214	-0.422184378
				
-0.587382853	-0.240104258	-0.849358261	-0.614388168	-0.415798068
				
-0.587278605	-0.245511353	-0.848522902	-0.608741283	-0.411277264
				
-0.58765614	-0.251399279	-0.852459431	-0.606939256	-0.40983814
				
-0.59146297	-0.250926316	-0.855079353	-0.60469079	-0.409242451
				
-0.594810843	-0.250812501	-0.858156323	-0.603450298	-0.41059202
				
-0.59797138	-0.25070858	-0.857220829	-0.599346817	-0.40986827
				
-0.593887806	-0.265788674	-0.857614875	-0.598330915	-0.40891245
				
-0.593209624	-0.277668774	-0.857064724	-0.600726128	-0.412656605
				
-0.589843154	-0.289110512	-0.859214783	-0.603464723	-0.416437507
				
-0.587299109	-0.299470752	-0.860729158	-0.607855082	-0.422030061
				
-0.588438153	-0.302162677	-0.862504959	-0.613622904	-0.430057704
				
-0.586144269	-0.307715088	-0.865080714	-0.617050111	-0.435816497
				
-0.584909976	-0.308581173	-0.866446078	-0.616300166	-0.437198728
				
-0.584592164	-0.310916901	-0.86692965	-0.617692053	-0.441585183
				
-0.584688544	-0.310659915	-0.865069509	-0.617842317	-0.444247842
				
-0.585365057	-0.308934331	-0.863315761	-0.615885735	-0.444080561
				
-0.585584998	-0.306344926	-0.859595537	-0.613920689	-0.443668038
				
-0.587414384	-0.300612539	-0.854210019	-0.611482739	-0.442591369
				
-0.586632907	-0.297293395	-0.850186944	-0.608697772	-0.441163063
				
-0.587304354	-0.293588549	-0.845151305	-0.607305408	-0.440730989
				
-0.587879539	-0.288413107	-0.842082024	-0.605971873	-0.440059841
				
-0.588471055	-0.284610659	-0.840195715	-0.605346441	-0.440611154
				
-0.586621165	-0.284331948	-0.840200067	-0.605846047	-0.441823691
				
-0.587351024	-0.280317962	-0.838714719	-0.604578435	-0.441381693
				
-0.585904181	-0.279919356	-0.840205073	-0.603776097	-0.440746844
				
-0.586747408	-0.278041542	-0.840091288	-0.604209125	-0.440534472
				
-0.587368727	-0.277437717	-0.841338277	-0.606276691	-0.441551447
				
-0.587814093	-0.27666834	-0.843773007	-0.611697078	-0.445937395
				
-0.586238384	-0.280789852	-0.848995507	-0.618428469	-0.452396482
				
-0.586539209	-0.28153497	-0.851894021	-0.623530149	-0.457957596
				
-0.586803019	-0.282480657	-0.852499843	-0.626900911	-0.462044269
				
-0.58546114	-0.285396218	-0.857752919	-0.632958055	-0.467197388
				
-0.585619628	-0.288090676	-0.861134171	-0.638154507	-0.471844316
				
-0.586083353	-0.289211273	-0.864000142	-0.642718554	-0.475304991
				
-0.586766839	-0.288546681	-0.866230607	-0.645590782	-0.477206826
				
-0.587902665	-0.285935313	-0.869071484	-0.650952458	-0.48060286
				
-0.586799979	-0.285253048	-0.872333169	-0.65337503	-0.481223702
				
-0.586364627	-0.283245176	-0.875879705	-0.6557374	-0.480138689
				
-0.587760746	-0.279117912	-0.877188683	-0.657448888	-0.479483008
				
-0.589238167	-0.27751869	-0.880749047	-0.660575509	-0.480487913
				
-0.591096759	-0.273958117	-0.883586943	-0.66303575	-0.482196897
				
-0.592317939	-0.270580292	-0.884471416	-0.664350152	-0.484501749
				
-0.593069255	-0.267578721	-0.886964858	-0.665203631	-0.487696856
				
-0.593159914	-0.264293581	-0.886866093	-0.664737046	-0.490219355
				
-0.593073368	-0.262262732	-0.887781024	-0.665292263	-0.493632317
				
-0.592399955	-0.263469279	-0.891551077	-0.669005871	-0.500237226
				
-0.592150033	-0.262933969	-0.89373219	-0.671797633	-0.505882621
				
-0.591717184	-0.263682485	-0.896599829	-0.674749255	-0.511982322
				
-0.591403008	-0.2633304	-0.898241162	-0.678803563	-0.51894778
				
-0.591193914	-0.263027757	-0.899822593	-0.684568644	-0.526556134
				
-0.59068203	-0.264200449	-0.902511597	-0.688214064	-0.531247139
				
-0.590542972	-0.266352087	-0.904246986	-0.693556905	-0.534934103
				
-0.590626776	-0.266659111	-0.903265595	-0.696920037	-0.538794398
				
-0.590561867	-0.269500375	-0.903715789	-0.699971974	-0.542008638
				
-0.590836525	-0.272909045	-0.902163804	-0.700702071	-0.543582201
				
-0.591038764	-0.275789917	-0.901618123	-0.70035851	-0.543907642
				
-0.590283394	-0.272649258	-0.897381425	-0.696635604	-0.539830565
				
-0.589872658	-0.272980928	-0.896036267	-0.695402741	-0.536192775
				
-0.58900255	-0.273880661	-0.894076586	-0.696032107	-0.532804728
				
-0.58790338	-0.272883207	-0.890976429	-0.695512295	-0.527186215
				
-0.58727175	-0.272532433	-0.887428761	-0.69541806	-0.520420611
				
-0.586948514	-0.270731032	-0.883122504	-0.693664908	-0.512581408
				
-0.587383628	-0.26924324	-0.877844214	-0.691572309	-0.503412068
				
-0.587902606	-0.266135871	-0.873072624	-0.689308763	-0.494235605
				
-0.588505805	-0.263535082	-0.869854331	-0.68822515	-0.485652089
				
-0.588489354	-0.260776043	-0.86505115	-0.684857607	-0.475600868
				
-0.589412928	-0.263585508	-0.864263177	-0.684274256	-0.468740195
				
-0.590242267	-0.264878094	-0.862690449	-0.681963801	-0.460957587
				
-0.590259731	-0.265493035	-0.86159277	-0.681991339	-0.454878628
				
-0.590461731	-0.268235326	-0.859241128	-0.684386432	-0.45161429
				
-0.590646505	-0.272273839	-0.855169117	-0.688815892	-0.452143908
				
-0.590608239	-0.277316242	-0.847805858	-0.694260418	-0.454282314
				
-0.591381252	-0.28631559	-0.83967936	-0.702728748	-0.461149603
				
-0.591958284	-0.294906855	-0.831037521	-0.710769355	-0.467865944
				
-0.592652977	-0.30493322	-0.823981941	-0.723796606	-0.478689641
				
-0.592797875	-0.313508451	-0.816944897	-0.736217201	-0.488586813
				
-0.591717005	-0.321139455	-0.809053957	-0.745397031	-0.495149791
				
-0.588766754	-0.336941838	-0.793410361	-0.759000778	-0.507646799
				
-0.586018205	-0.33866787	-0.798440695	-0.761452615	-0.513365984
				
-0.585018694	-0.343354672	-0.802546859	-0.763947725	-0.519940495
				
-0.582459927	-0.343005717	-0.806533575	-0.768401384	-0.527315319
				
-0.580471754	-0.343420684	-0.809862375	-0.77398181	-0.536852241
				
-0.577033877	-0.340699673	-0.813164353	-0.781814277	-0.546106756
				
-0.573606312	-0.335199237	-0.815594792	-0.788565338	-0.553707182
				
-0.571626008	-0.331855178	-0.81656456	-0.793828726	-0.560914755
				
-0.570020199	-0.32964623	-0.816850185	-0.798553586	-0.566555142
				
-0.567233264	-0.325394988	-0.833768487	-0.805099368	-0.570623696
				
-0.563709676	-0.319997817	-0.854640305	-0.811103582	-0.573978543
				
-0.562334657	-0.314475715	-0.872000158	-0.812701702	-0.574155688
				
-0.559928894	-0.308228076	-0.887493849	-0.815361619	-0.573493838
				
-0.557647943	-0.300678074	-0.90235424	-0.818721831	-0.573958516
				
-0.556355894	-0.294567108	-0.915968716	-0.82222724	-0.576333523
				
-0.554943562	-0.288383842	-0.928206444	-0.825801849	-0.576873422
				
-0.553803504	-0.281303078	-0.939261794	-0.832356095	-0.581449747
				
-0.553434551	-0.276596487	-0.949201822	-0.836640894	-0.583552659
				
-0.554536343	-0.273900717	-0.956824362	-0.839816153	-0.586402535
				
-0.555733442	-0.269609004	-0.963139415	-0.839630008	-0.587763488
				
-0.556481957	-0.267855227	-0.966697454	-0.838018596	-0.59049803
				
-0.55843848	-0.265857697	-0.96995604	-0.837209165	-0.592476368
				
-0.559536397	-0.264912903	-0.97208631	-0.833574772	-0.593211234
				
-0.562632442	-0.263338894	-0.973999262	-0.833009899	-0.595050573
				
-0.565506339	-0.261582077	-0.97548151	-0.832367659	-0.596601009
				
-0.567740083	-0.259898961	-0.976591945	-0.831681609	-0.598237038
				
-0.568184257	-0.259066224	-0.976581454	-0.828297675	-0.598011255
				
-0.570058942	-0.257948935	-0.976682305	-0.82868582	-0.597616315
				
-0.571379066	-0.256411433	-0.976525187	-0.827890456	-0.595750451
				
-0.57143271	-0.257278174	-0.975577235	-0.82695663	-0.594807029
				
-0.572591007	-0.256810844	-0.974580348	-0.825176239	-0.592025816
				
-0.573462427	-0.256154835	-0.973233163	-0.824760795	-0.589048028
				
-0.573687911	-0.254232705	-0.971746802	-0.821977437	-0.585618496
				
-0.572811544	-0.253736258	-0.969765604	-0.819023013	-0.581983745
				
-0.571202099	-0.25130415	-0.967821896	-0.8061378	-0.57237041
				
-0.568825781	-0.247001261	-0.966084957	-0.784993887	-0.560138702
				
-0.566966057	-0.247613013	-0.964340985	-0.7705158	-0.553309083
				
-0.565604329	-0.250002861	-0.962218046	-0.756555498	-0.545997918
				
-0.564298749	-0.25436759	-0.960404217	-0.750277758	-0.54066503
				
-0.564072251	-0.25617528	-0.959875882	-0.746152759	-0.534736156
				
-0.564013779	-0.260109454	-0.959012806	-0.747536242	-0.532973826
				
-0.564360797	-0.264765263	-0.958153844	-0.752627909	-0.534194112
				
-0.564857364	-0.2696141	-0.957140207	-0.756406903	-0.53420198
				
-0.565657914	-0.272718996	-0.956085801	-0.760324001	-0.534555435
				
-0.566347241	-0.2754125	-0.955374777	-0.76755321	-0.537582755
				
-0.568590581	-0.276567996	-0.955864549	-0.778227568	-0.542440057
				
-0.57249558	-0.270612121	-0.959653318	-0.780549705	-0.534937859
				
-0.574526191	-0.269576162	-0.962054729	-0.789843023	-0.534011364
				
-0.575892985	-0.268717229	-0.962828279	-0.804772258	-0.53190881
				
-0.576074123	-0.266898394	-0.963219643	-0.817748964	-0.52801311
				
-0.575918972	-0.265926778	-0.963701546	-0.829118073	-0.523760796
				
-0.575182259	-0.265535116	-0.964621663	-0.841321588	-0.522579312
				
-0.573906898	-0.263568252	-0.965120912	-0.848881006	-0.51897049
				
-0.57368499	-0.260675639	-0.965113819	-0.851074815	-0.517431736
				
-0.573146403	-0.259871244	-0.965457499	-0.854450405	-0.514856696
				
-0.572205186	-0.259580374	-0.965713859	-0.853599906	-0.510466635
				
-0.571258068	-0.258896768	-0.965987682	-0.850280881	-0.505585074
				
-0.571163952	-0.256365597	-0.965659022	-0.845116675	-0.502783716
				
-0.570856035	-0.253294826	-0.964909196	-0.841428339	-0.500731349
				
-0.570513606	-0.250376552	-0.964992523	-0.843462706	-0.500807047
				
-0.570213675	-0.247901708	-0.965388954	-0.844802558	-0.501202226
				
-0.570053518	-0.246298254	-0.9655177	-0.84312892	-0.502944052
				
-0.570203364	-0.242264882	-0.965241969	-0.843720555	-0.501712918
				
-0.56935811	-0.238680422	-0.965099633	-0.845923364	-0.505323529
				
-0.569683671	-0.235735491	-0.965077937	-0.851551235	-0.508409142
				
-0.569543362	-0.235300481	-0.965214312	-0.856431007	-0.515647948
				
-0.569579899	-0.235913977	-0.964948714	-0.861400425	-0.52396965
				
-0.57101959	-0.239193156	-0.965344965	-0.867609203	-0.531734884
				
-0.572230101	-0.246390343	-0.966330111	-0.872624159	-0.540568411
				
-0.572467625	-0.254218727	-0.968012273	-0.87758559	-0.549843788
				
-0.572522163	-0.260173202	-0.969359934	-0.879437506	-0.555930495
				
-0.571928382	-0.267492414	-0.971001804	-0.882290244	-0.563441813
				
-0.570985615	-0.274862528	-0.972682953	-0.885148823	-0.571559966
				
-0.569273353	-0.280853659	-0.974471748	-0.888553679	-0.580662608
				
-0.56865263	-0.287411362	-0.976144016	-0.891601205	-0.589527726
				
-0.568561614	-0.292538971	-0.977239549	-0.893987954	-0.59636569
				
-0.568427205	-0.297558397	-0.977861047	-0.894092977	-0.599278808
				
-0.569081724	-0.304331601	-0.978174329	-0.893200099	-0.602070749
				
-0.572239339	-0.302398741	-0.977800846	-0.888106763	-0.583297491
				
-0.579439282	-0.300344169	-0.970850706	-0.88354069	-0.565670013
				
-0.586440563	-0.301920652	-0.964370728	-0.878924012	-0.551087677
				
-0.592295349	-0.303880692	-0.958513379	-0.874503016	-0.539571822
				
-0.596712172	-0.305238128	-0.953658521	-0.871628463	-0.530803084
				
-0.600362718	-0.306827515	-0.949100435	-0.869171977	-0.522200108
				
-0.603119731	-0.307430476	-0.944775999	-0.867493689	-0.517041683
				
-0.60449928	-0.307260901	-0.941281915	-0.8669644	-0.514784515
				
-0.60460186	-0.305968344	-0.938577354	-0.867497444	-0.515594304
				
-0.602337837	-0.303616852	-0.93458885	-0.86416173	-0.519103467
				
-0.598884046	-0.299411178	-0.930544972	-0.860527813	-0.52583921
				
-0.596832156	-0.293281853	-0.928688943	-0.861349344	-0.536671579
				
-0.591349006	-0.287665188	-0.924466312	-0.857313395	-0.543695033
				
-0.588642836	-0.282226682	-0.922689021	-0.85795635	-0.552026033
				
-0.582908988	-0.277044863	-0.918847442	-0.854358256	-0.554560542
				
-0.576610267	-0.271777272	-0.915641606	-0.85174948	-0.554617882
				
-0.57044369	-0.266790748	-0.912904859	-0.849477708	-0.551686943
				
-0.568682969	-0.262511909	-0.911298156	-0.850781679	-0.548020005
				
-0.563541532	-0.259267539	-0.907978654	-0.847670913	-0.542076707
				
-0.558538616	-0.256776243	-0.904109538	-0.843703568	-0.535053074
				
-0.55918324	-0.255337089	-0.903056741	-0.844485998	-0.530627966
				
-0.555498123	-0.253400713	-0.900530398	-0.841393054	-0.524732947
				
-0.557073534	-0.251828194	-0.900171936	-0.842173457	-0.520611048
				
-0.554407537	-0.250130385	-0.897599459	-0.839082181	-0.514503896
				
-0.552330315	-0.248198807	-0.895335913	-0.835878372	-0.50969255
				
-0.55607152	-0.248407632	-0.895352602	-0.837774396	-0.509589076
				
-0.554705799	-0.248145431	-0.893490314	-0.834974706	-0.506705403
				
-0.558363855	-0.249012798	-0.893548846	-0.836542189	-0.506409585
				
-0.557009876	-0.249729246	-0.892339766	-0.833825052	-0.504476488
				
-0.560627699	-0.251503855	-0.893114805	-0.835795999	-0.505782545
				
-0.559163272	-0.252283633	-0.892167211	-0.833898842	-0.504523158
				
-0.557418883	-0.253423989	-0.891900122	-0.832771063	-0.504919887
				
-0.555684328	-0.254180938	-0.892179191	-0.831921935	-0.505238652
				
-0.554386258	-0.253890306	-0.892885566	-0.831311882	-0.506923258
				
-0.55795157	-0.254274935	-0.894943058	-0.834643602	-0.510668933
				
-0.561243773	-0.255430132	-0.896648586	-0.837475002	-0.514799118
				
-0.559978187	-0.257178485	-0.896793008	-0.836403728	-0.517960131
				
-0.563314319	-0.258250922	-0.897464752	-0.838892281	-0.52175945
				
-0.566767752	-0.259521693	-0.89807713	-0.841699839	-0.526132464
				
-0.56982851	-0.261900604	-0.898948908	-0.844290495	-0.530880988
				
-0.572153807	-0.26337105	-0.899666131	-0.846504748	-0.534519553
				
-0.573891401	-0.264545381	-0.900550425	-0.84885335	-0.538533866
				
-0.575385571	-0.265556484	-0.901710629	-0.850957632	-0.542521775
				
-0.573371291	-0.266052932	-0.901287913	-0.849295735	-0.544999242
				
-0.571134686	-0.265348107	-0.900548518	-0.847271085	-0.545376778
				
-0.568958163	-0.265102506	-0.900034547	-0.84560591	-0.545810223
				
-0.566943109	-0.264731586	-0.899562001	-0.84382993	-0.545853436
				
-0.563998044	-0.261983991	-0.899759352	-0.842248738	-0.546904683
				
-0.56708914	-0.259794623	-0.902251899	-0.846675277	-0.548099875
				
-0.56936276	-0.257509232	-0.904736161	-0.849994302	-0.549293458
				
-0.567154706	-0.255106926	-0.904820383	-0.847636878	-0.546640098
				
-0.569128931	-0.2532112	-0.907202363	-0.849804461	-0.546794534
				
-0.570780694	-0.251350701	-0.909632981	-0.851316512	-0.545898616
				
-0.572219372	-0.248984888	-0.910768092	-0.851169944	-0.543912828
				
-0.56969583	-0.245761007	-0.909398675	-0.84644109	-0.537868321
				
-0.567318261	-0.242507532	-0.907629669	-0.840762019	-0.531165957
				
-0.569163978	-0.240499571	-0.907468855	-0.838189542	-0.528005064
				
-0.57062608	-0.23754847	-0.90695554	-0.83558917	-0.524916887
				
-0.568463147	-0.234043285	-0.904722929	-0.828798056	-0.518597126
				
-0.569340229	-0.231059879	-0.904385924	-0.825560629	-0.514899492
				
-0.570100486	-0.228607252	-0.90446949	-0.823883474	-0.513954639
				
-0.567723632	-0.225101247	-0.903052986	-0.819721639	-0.510940552
				
-0.565508306	-0.221724093	-0.901733041	-0.815439284	-0.508804381
				
-0.566411018	-0.219959632	-0.902523577	-0.815410972	-0.511030734
				
-0.564441144	-0.217782512	-0.90164727	-0.812084854	-0.511975348
				
-0.562531114	-0.216616631	-0.901131868	-0.809888065	-0.514440536
				
-0.563503683	-0.216421708	-0.902328849	-0.810493827	-0.519455373
				
-0.564207852	-0.2165474	-0.90367347	-0.8113482	-0.524621725
				
-0.565032482	-0.21601215	-0.904659212	-0.811536074	-0.528841138
				
-0.563267171	-0.215554938	-0.90337652	-0.807935119	-0.530059218
				
-0.564295411	-0.216178775	-0.903956234	-0.807946324	-0.533416271
				
-0.562629461	-0.215612844	-0.902196348	-0.803288877	-0.53207612
				
-0.561092854	-0.216018543	-0.899763942	-0.798199058	-0.529743314
				
-0.562470913	-0.217542008	-0.898923934	-0.79702121	-0.53011328
				
-0.563503265	-0.218189642	-0.898309469	-0.796828866	-0.529983044
				
-0.562018216	-0.226174071	-0.899311781	-0.797076583	-0.532940567
				
-0.563662171	-0.233943224	-0.902053893	-0.800710499	-0.536207259
				
-0.565502226	-0.243034959	-0.904831827	-0.804212034	-0.539641201
				
-0.566933393	-0.248806208	-0.90674603	-0.80663389	-0.541285932
				
-0.568269491	-0.253655702	-0.907539248	-0.807706356	-0.540101171
				
-0.569619834	-0.258321613	-0.907437325	-0.808100998	-0.53860724
				
-0.570851207	-0.262671441	-0.90681982	-0.80766505	-0.536653936
				
-0.569449902	-0.267179042	-0.904518604	-0.804809451	-0.53300029
				
-0.568132699	-0.27232331	-0.902431428	-0.801530838	-0.53090322
				
-0.566807032	-0.277109683	-0.90017432	-0.796546102	-0.528084517
				
-0.568812728	-0.282670289	-0.899506271	-0.794820368	-0.528125107
				
-0.567576587	-0.287635446	-0.897504151	-0.789833605	-0.525743961
				
-0.569374919	-0.292795718	-0.897630572	-0.78932929	-0.526916206
				
-0.571063101	-0.296600699	-0.89706111	-0.788283765	-0.527729392
				
-0.572235465	-0.300964534	-0.896541357	-0.785410583	-0.527481139
				
-0.570277512	-0.301571339	-0.893817425	-0.781214416	-0.524691224
				
-0.570950925	-0.304435492	-0.892543495	-0.778304577	-0.525536835
				
-0.568597972	-0.304774642	-0.890596271	-0.775785744	-0.525022328
				
-0.569059312	-0.305711538	-0.891383529	-0.777761877	-0.527886391
				
-0.569349408	-0.304931134	-0.891824901	-0.778874874	-0.52864188
				
-0.567018628	-0.304316133	-0.890366554	-0.776637673	-0.527414083
				
-0.567714036	-0.304053485	-0.890301406	-0.77591902	-0.52775085
				
-0.568590403	-0.303724289	-0.889930248	-0.774060249	-0.527323008
				
-0.569247782	-0.302590281	-0.889208615	-0.771633863	-0.525725365
				
-0.570006669	-0.30064109	-0.888522744	-0.769080281	-0.523084581
				
-0.568237662	-0.297860414	-0.885662079	-0.761934757	-0.516281247
				
-0.569263458	-0.293675065	-0.884067476	-0.758029521	-0.509611607
				
-0.568725705	-0.30098182	-0.881736219	-0.758239806	-0.511811733
				
-0.572748065	-0.306426346	-0.874435365	-0.749489903	-0.497196823
				
-0.573178589	-0.31671074	-0.869992673	-0.748804212	-0.499366343
				
-0.56992656	-0.327726364	-0.864239454	-0.748052001	-0.502365828
				
-0.567124844	-0.340596527	-0.85912621	-0.747482896	-0.506873906
				
-0.564522982	-0.353631914	-0.854921341	-0.747313917	-0.512182117
				
-0.565059841	-0.363034725	-0.85372591	-0.75260824	-0.519993186
				
-0.562658787	-0.373846442	-0.851494193	-0.755659938	-0.527280927
				
-0.563463032	-0.38265118	-0.852267981	-0.761818469	-0.536449134
				
-0.561264575	-0.391800761	-0.851785779	-0.764522493	-0.543177843
				
-0.562042713	-0.397000343	-0.853722394	-0.770264328	-0.551083028
				
-0.562901676	-0.401801616	-0.856439352	-0.77637279	-0.558012009
				
-0.560695171	-0.407622844	-0.856912613	-0.777670145	-0.56141305
				
-0.561746955	-0.408799171	-0.859359443	-0.780929208	-0.564696968
				
-0.559714556	-0.411137402	-0.859346569	-0.779902399	-0.564735413
				
-0.56071502	-0.411109805	-0.86202997	-0.783096194	-0.567080736
				
-0.561962962	-0.409735858	-0.864569068	-0.785112858	-0.567387283
				
-0.562951803	-0.408026397	-0.86690855	-0.786321938	-0.567092538
				
-0.560995162	-0.407348335	-0.866502941	-0.783373773	-0.564380884
				
-0.559531808	-0.405387461	-0.866266787	-0.78073287	-0.560611606
				
-0.558182597	-0.403088063	-0.866168439	-0.777828693	-0.556846857
				
-0.560036004	-0.397380799	-0.868544877	-0.778442264	-0.555200636
				
-0.558958352	-0.393815249	-0.868659794	-0.775317907	-0.551953852
				
-0.558047473	-0.390715331	-0.868409336	-0.772091746	-0.548309863
				
-0.560018301	-0.384355098	-0.86987865	-0.772582889	-0.547685802
				
-0.561823726	-0.379613578	-0.871213794	-0.772383153	-0.546764195
				
-0.563286781	-0.375620902	-0.872343481	-0.771713495	-0.545495868
				
-0.561968684	-0.373879969	-0.871864021	-0.769062757	-0.543927312
				
-0.563610494	-0.371040106	-0.873458087	-0.770065546	-0.544664979
				
-0.565096617	-0.369136095	-0.87480104	-0.771021426	-0.54568702
				
-0.563527405	-0.369291455	-0.873779297	-0.768721879	-0.545271337
				
-0.564758241	-0.366718024	-0.874232829	-0.76909703	-0.545860291
				
-0.565760434	-0.364582449	-0.874961555	-0.770022631	-0.546392262
				
-0.566430748	-0.361878395	-0.875235796	-0.770016551	-0.54610008
				
-0.567018509	-0.359411925	-0.875471711	-0.76993084	-0.545296073
				
-0.567550004	-0.356508195	-0.875932753	-0.769919813	-0.544335961
				
-0.567825556	-0.355558038	-0.875836313	-0.76949966	-0.543281019
				
-0.567893565	-0.356486708	-0.875031769	-0.768561363	-0.541872561
				
-0.56808877	-0.357001632	-0.874290347	-0.767704546	-0.54077065
				
-0.568385363	-0.356382877	-0.873768806	-0.766670167	-0.538798571
				
-0.568637848	-0.35820654	-0.873363733	-0.766129017	-0.537615955
				
-0.566832781	-0.359861523	-0.870997727	-0.762713492	-0.534216821
				
-0.565333903	-0.361629903	-0.869037688	-0.760484815	-0.531817734
				
-0.564316571	-0.36197719	-0.868058264	-0.760673165	-0.530927896
				
-0.565933406	-0.361157894	-0.869460106	-0.764251471	-0.532179832
				
-0.567595422	-0.360501409	-0.872140288	-0.769079328	-0.534495711
				
-0.569304705	-0.358493924	-0.876213372	-0.77475661	-0.537183881
				
-0.568857074	-0.356509537	-0.879650354	-0.778542519	-0.538583755
				
-0.570723176	-0.354745686	-0.885460973	-0.784941018	-0.542451501
				
-0.570871949	-0.356408626	-0.889660299	-0.788514435	-0.545599937
				
-0.57326293	-0.358882964	-0.894974053	-0.793203712	-0.551187873
				
-0.574467719	-0.363950968	-0.899425924	-0.799360216	-0.558588326
				
-0.574834585	-0.348232925	-0.9056862	-0.81121558	-0.565020144
				
-0.577472806	-0.333031416	-0.91293931	-0.825651169	-0.574054837
				
-0.578337133	-0.322436154	-0.920852244	-0.83762008	-0.579742253
				
-0.580554068	-0.311731309	-0.930046201	-0.849743783	-0.585383058
				
-0.582483411	-0.300471008	-0.938897908	-0.859625399	-0.589442611
				
-0.584079504	-0.290991634	-0.947311997	-0.870177567	-0.596087158
				
-0.584062338	-0.284358025	-0.9542346	-0.876120687	-0.60024786
				
-0.584801555	-0.280185819	-0.959587395	-0.88133955	-0.603902698
				
-0.586384296	-0.276921451	-0.964467645	-0.886231065	-0.604934931
				
-0.587502778	-0.278988183	-0.967144608	-0.886433721	-0.604435682
				
-0.588028908	-0.281718016	-0.96876359	-0.884700298	-0.601892471
				
-0.588320494	-0.287959814	-0.970023274	-0.884423196	-0.602082551
				
-0.588014126	-0.295062274	-0.970970631	-0.881137609	-0.598227799
				
-0.587578595	-0.302837372	-0.971902609	-0.879021108	-0.597069204
				
-0.587831974	-0.305928886	-0.97293818	-0.877681613	-0.592721343
				
-0.587448239	-0.306610316	-0.973514676	-0.872718453	-0.585241616
				
-0.585972667	-0.309115589	-0.972276449	-0.8649019	-0.574244618
				
-0.585022688	-0.308428496	-0.970504165	-0.856234133	-0.561702192
				
-0.5843364	-0.297276616	-0.970839858	-0.833969355	-0.534889936
				
-0.584736049	-0.300021142	-0.968741775	-0.81553185	-0.521166623
				
-0.585489631	-0.304098427	-0.967796326	-0.799165905	-0.510418236
				
-0.585246146	-0.30032748	-0.968859732	-0.78318429	-0.500565529
				
-0.584810197	-0.29846105	-0.9687047	-0.764201641	-0.492427558
				
-0.584876001	-0.293925345	-0.969391346	-0.749358058	-0.486436695
				
-0.584482849	-0.292050421	-0.968937755	-0.730950177	-0.480861545
				
-0.583086789	-0.284770012	-0.96835047	-0.716285229	-0.475735515
				
-0.581737459	-0.282310903	-0.967927754	-0.707422316	-0.473830253
				
-0.58039999	-0.276921093	-0.967930019	-0.704932153	-0.471878618
				
-0.577878058	-0.267662764	-0.967541695	-0.703424931	-0.468132138
				
-0.576901793	-0.259614646	-0.967975974	-0.709988713	-0.466145754
				
-0.575708151	-0.249227583	-0.968578935	-0.718473017	-0.465970397
				
-0.574313343	-0.242296219	-0.970121324	-0.726917505	-0.466672242
				
-0.572523773	-0.234099388	-0.971614957	-0.733154416	-0.466133207
				
-0.570544958	-0.226312727	-0.972907543	-0.738447785	-0.466912419
				
-0.566452861	-0.224119976	-0.973404288	-0.738242805	-0.467583537
				
-0.561964035	-0.226676434	-0.973093212	-0.742367923	-0.470798612
				
-0.557814837	-0.231374621	-0.972388625	-0.745308042	-0.472838819
				
-0.555250585	-0.235630512	-0.970430017	-0.74398315	-0.473785222
				
-0.553286552	-0.237482786	-0.967404544	-0.744160175	-0.476108789
				
-0.556051016	-0.237433136	-0.964774847	-0.748554826	-0.482011139
				
-0.555273592	-0.239273205	-0.961371779	-0.748967528	-0.483815491
				
-0.558128119	-0.242539361	-0.959448338	-0.75506568	-0.487113714
				
-0.556497633	-0.251916587	-0.957540274	-0.756330729	-0.485562652
				
-0.559073865	-0.256868422	-0.957410991	-0.762180328	-0.487616718
				
-0.560980439	-0.260288954	-0.957300127	-0.763438702	-0.486885339
				
-0.559166908	-0.268711388	-0.95760572	-0.753024697	-0.478368402
				
-0.560516119	-0.272778988	-0.958277643	-0.750671268	-0.47691834
				
-0.560675979	-0.275329411	-0.959649801	-0.747122884	-0.473499835
				
-0.556576848	-0.281913757	-0.96148783	-0.740630269	-0.468270063
				
-0.55691278	-0.28475982	-0.963194132	-0.737490594	-0.465993881
				
-0.556970716	-0.284255564	-0.965246916	-0.731834531	-0.460336775
				
-0.556435943	-0.283643782	-0.966975331	-0.726538539	-0.453473866
				
-0.552890599	-0.287423551	-0.968747556	-0.717807412	-0.445063561
				
-0.553149819	-0.287026823	-0.96965754	-0.711343884	-0.437557131
				
-0.553854346	-0.286122948	-0.970377564	-0.707488954	-0.430481911
				
-0.550816715	-0.290245295	-0.971184313	-0.702571511	-0.423835427
				
-0.551564932	-0.290456831	-0.970824718	-0.701203048	-0.419850171
				
-0.552836239	-0.289947957	-0.970309019	-0.700733066	-0.415880322
				
-0.550691068	-0.294137776	-0.970197558	-0.698931277	-0.411575079
				
-0.552552223	-0.295410931	-0.969797969	-0.701063275	-0.409718454
				
-0.550414443	-0.299373001	-0.969060361	-0.699750125	-0.406819969
				
-0.552460432	-0.30102402	-0.968508124	-0.702972531	-0.407880813
				
-0.549892187	-0.305204213	-0.967894554	-0.704255164	-0.406991363
				
-0.547080874	-0.309028178	-0.967261672	-0.707164645	-0.408392608
				
-0.544154048	-0.311349154	-0.966461658	-0.707296848	-0.408365309
				
-0.542457342	-0.314598352	-0.965880513	-0.70785284	-0.408605754
				
-0.541258693	-0.317058146	-0.96538353	-0.707778335	-0.40814209
				
-0.540300131	-0.320640117	-0.964883804	-0.707949698	-0.40783608
				
-0.538498282	-0.322630018	-0.964352727	-0.707654953	-0.40739274
				
-0.542741895	-0.32195133	-0.964776695	-0.709654868	-0.409407705
				
-0.542035818	-0.323640704	-0.964574337	-0.710184336	-0.408536434
				
-0.541143417	-0.326156199	-0.964445233	-0.710588932	-0.407386839
				
-0.544983387	-0.324230254	-0.964657068	-0.711408198	-0.405743361
				
-0.548798442	-0.323236287	-0.964858174	-0.715738058	-0.406368136
				
-0.547373533	-0.325982809	-0.965137184	-0.71691066	-0.404754192
				
-0.554095745	-0.329684615	-0.965888679	-0.715461135	-0.402486265
				
-0.555976033	-0.335860431	-0.966275811	-0.710058033	-0.399553031
				
-0.561176896	-0.338443995	-0.967409611	-0.708784223	-0.400944054
				
-0.557520807	-0.347916663	-0.974449277	-0.707381308	-0.416038305
				
-0.554091096	-0.356204033	-0.980519295	-0.707797825	-0.429318935
				
-0.550747514	-0.363178492	-0.985266507	-0.710228682	-0.441638827
				
-0.547598004	-0.369386941	-0.989376426	-0.71437788	-0.452866435
				
-0.545194805	-0.374082386	-0.992225528	-0.71884346	-0.463213921
				
-0.543381214	-0.37837863	-0.994013309	-0.722886622	-0.471636683
				
-0.541901171	-0.382153332	-0.995123804	-0.726852953	-0.479091644
				
-0.54056704	-0.385308772	-0.995678484	-0.730806947	-0.48573941
				
-0.539674878	-0.38744545	-0.995897174	-0.734008729	-0.489784896
				
-0.5388515	-0.388496578	-0.995925784	-0.736285448	-0.492331833
				
-0.53800416	-0.388802111	-0.995915413	-0.738582015	-0.494024187
				
-0.537344575	-0.388592184	-0.99589318	-0.740646183	-0.494224668
				
-0.536721706	-0.387558252	-0.995861828	-0.742249131	-0.493888468
				
-0.536276877	-0.387703121	-0.995759547	-0.7439996	-0.493956387
				
-0.536779046	-0.386246115	-0.995929182	-0.744192123	-0.491597414
				
-0.536920607	-0.385114968	-0.996017337	-0.744349301	-0.490118921
				
-0.537099957	-0.384182394	-0.996111035	-0.744305015	-0.488500565
				
-0.537124097	-0.383072138	-0.996189117	-0.744246483	-0.487040788
				
-0.537179351	-0.381681025	-0.996272981	-0.744244218	-0.485241532
				
-0.537408412	-0.38089636	-0.996351659	-0.743787408	-0.483465344
				
-0.537627995	-0.380236268	-0.99641335	-0.743835866	-0.482421041
				
-0.537684858	-0.379106641	-0.996462822	-0.74326241	-0.480265319
				
-0.537554741	-0.378463477	-0.996469855	-0.742447972	-0.478731424
				
-0.539055228	-0.35221833	-0.996370018	-0.736164629	-0.475172579
				
-0.540139198	-0.334452569	-0.996087193	-0.73114115	-0.472097158
				
-0.541114688	-0.321657479	-0.995770156	-0.726314127	-0.469185829
				
-0.541920006	-0.310897529	-0.995447576	-0.721901059	-0.466860712
				
-0.542723119	-0.302723229	-0.995111644	-0.717520475	-0.464826524
				
-0.543419659	-0.297451913	-0.994782388	-0.713874817	-0.464010388
				
-0.543516815	-0.296543539	-0.994596958	-0.712309837	-0.464950204
				
-0.543734491	-0.294774413	-0.994415879	-0.71041441	-0.46564132
				
-0.543851495	-0.294677228	-0.994309127	-0.70937866	-0.466805905
				
-0.543883979	-0.294515073	-0.994186699	-0.707911551	-0.467675805
				
-0.543850422	-0.295195401	-0.994042456	-0.706643462	-0.468948841
				
-0.543879151	-0.296249986	-0.993925989	-0.705559433	-0.469663769
				
-0.543927908	-0.297522843	-0.993809223	-0.704718351	-0.470537126
