-0.319560528	-0.809352577	0.226120412	0.281335384	0.265249014
				
-0.315713406	-0.687657475	0.284241587	0.415701509	0.445168406
				
-0.297806978	-0.298121691	-0.020211905	0.416041493	0.327427447
				
-0.457490295	-0.379683077	-0.343920946	0.240669996	-0.27368933
				
-0.583209753	-0.177406192	-0.528210223	-0.462438911	-0.520648241
				
-0.637788653	-0.239333034	-0.665425241	-0.706402123	-0.640704095
				
-0.648342729	-0.257513314	-0.679881334	-0.740489423	-0.659450412
				
-0.646366119	-0.352513254	-0.656773984	-0.74418509	-0.659369349
				
-0.624518871	-0.347779214	-0.621741712	-0.703294754	-0.630453944
				
-0.605748892	-0.373577595	-0.6492365	-0.72443068	-0.649460793
				
-0.593097329	-0.372333378	-0.657293737	-0.726958513	-0.64895612
				
-0.583333731	-0.361890495	-0.649278522	-0.718697667	-0.641061366
				
-0.579498172	-0.381231517	-0.659929156	-0.731397629	-0.653510094
				
-0.581145346	-0.395811349	-0.671954334	-0.739868999	-0.661111712
				
-0.584745944	-0.388515621	-0.659329355	-0.722839832	-0.647879541
				
-0.58975935	-0.383010864	-0.646161675	-0.707024813	-0.636866868
				
-0.598689437	-0.388359189	-0.644430518	-0.707120001	-0.637774408
				
-0.601098537	-0.399332643	-0.663176715	-0.7238065	-0.6490798
				
-0.604033232	-0.402373374	-0.662025273	-0.721512198	-0.649025917
				
-0.605637372	-0.416956604	-0.677478254	-0.740671158	-0.667393744
				
-0.602490246	-0.417713642	-0.68638432	-0.752278388	-0.677850246
				
-0.597648323	-0.422834814	-0.678755581	-0.746075928	-0.678411603
				
-0.592995167	-0.425679743	-0.680557907	-0.750039518	-0.685469985
				
-0.58773911	-0.405866504	-0.664886236	-0.734800577	-0.676757395
				
-0.582238853	-0.394838154	-0.658695817	-0.736996412	-0.679535747
				
-0.576590359	-0.39134562	-0.65915513	-0.739790618	-0.68361181
				
-0.572582483	-0.366768181	-0.642603338	-0.725858271	-0.672819138
				
-0.568307519	-0.338045061	-0.63555181	-0.724903166	-0.672001183
				
-0.563230872	-0.324481398	-0.631765544	-0.726771057	-0.676659822
				
-0.567013383	-0.317137927	-0.617620111	-0.712270975	-0.665456355
				
-0.556773305	-0.309290707	-0.604144037	-0.702486336	-0.663732231
				
-0.553657889	-0.322777569	-0.596552968	-0.695401728	-0.660953641
				
-0.545900524	-0.293513179	-0.554983497	-0.655459166	-0.630748332
				
-0.548399985	-0.281145275	-0.510654092	-0.614261925	-0.595695138
				
-0.542749763	-0.276175559	-0.467501938	-0.573116422	-0.564335942
				
-0.541131079	-0.275688112	-0.442781925	-0.545976698	-0.539721131
				
-0.560784459	-0.261365116	-0.442206085	-0.53155756	-0.529165506
				
-0.572593331	-0.262223065	-0.441205025	-0.517256856	-0.516868591
				
-0.551593065	-0.238528445	-0.410391748	-0.494329393	-0.495925903
				
-0.562288523	-0.235956162	-0.395137668	-0.472133934	-0.479176372
				
-0.54643178	-0.220492244	-0.366538316	-0.452354491	-0.459514469
				
-0.536608934	-0.180705726	-0.339310825	-0.433360547	-0.442401975
				
-0.530643463	-0.140838116	-0.317336142	-0.417400509	-0.428995013
				
-0.527896225	-0.109575689	-0.297536552	-0.398551494	-0.413993388
				
-0.532116532	-0.125582397	-0.294142246	-0.390728623	-0.404845953
				
-0.553740978	-0.17291677	-0.315910846	-0.388938397	-0.403875828
				
-0.570603788	-0.225368351	-0.336405665	-0.397075176	-0.410074145
				
-0.58039403	-0.269289255	-0.347697765	-0.400768608	-0.413745999
				
-0.583920777	-0.303962171	-0.348087251	-0.39564696	-0.41023168
				
-0.584750593	-0.329587728	-0.347702593	-0.394345641	-0.410058707
				
-0.584382415	-0.345146745	-0.349938273	-0.398707181	-0.41379866
				
-0.583643079	-0.349880159	-0.349885285	-0.401275128	-0.415951014
				
-0.582937896	-0.350111604	-0.350672156	-0.404646158	-0.418729842
				
-0.579699874	-0.352416605	-0.360376984	-0.416965991	-0.430100679
				
-0.571530342	-0.351567775	-0.352903634	-0.404969543	-0.423993111
				
-0.566645563	-0.366543144	-0.35453558	-0.399980128	-0.421852291
				
-0.568162262	-0.37923643	-0.383025944	-0.434862375	-0.448996276
				
-0.570922971	-0.368353516	-0.389341503	-0.4479177	-0.462960541
				
-0.567048967	-0.370661557	-0.416831255	-0.474086374	-0.490762293
				
-0.565570652	-0.353143334	-0.393428177	-0.450823873	-0.475385964
				
-0.568254173	-0.33612144	-0.363646358	-0.41916585	-0.448609293
				
-0.564832509	-0.327787399	-0.342043906	-0.39303267	-0.418907553
				
-0.561957955	-0.336361706	-0.347019285	-0.393444687	-0.413922608
				
-0.564596236	-0.317194343	-0.331113607	-0.379538715	-0.399736613
				
-0.566253304	-0.298233449	-0.323133469	-0.375556409	-0.391600907
				
-0.560046554	-0.289548755	-0.313247979	-0.36620906	-0.383411795
				
-0.5549438	-0.306834996	-0.316002607	-0.365702808	-0.383529454
				
-0.558391571	-0.317321181	-0.318379581	-0.364198118	-0.383069813
				
-0.561049402	-0.323590338	-0.323981047	-0.368792564	-0.38503471
				
-0.561587811	-0.325638592	-0.325387239	-0.370734215	-0.386214226
				
-0.56493938	-0.330844343	-0.32821548	-0.375709832	-0.389526367
				
-0.567679763	-0.341223717	-0.335548788	-0.384996057	-0.398608178
				
-0.565128565	-0.349850595	-0.330218822	-0.377721041	-0.395090342
				
-0.564199388	-0.356945336	-0.328432918	-0.375282854	-0.394662529
				
-0.56518656	-0.365900218	-0.333271682	-0.379453719	-0.398703158
				
-0.564920306	-0.366907597	-0.333899856	-0.380430609	-0.400381923
				
-0.575237036	-0.390994668	-0.346242458	-0.392767549	-0.412358165
				
-0.573708415	-0.388362736	-0.346045643	-0.396062374	-0.41516903
				
-0.574165821	-0.39443928	-0.329930872	-0.377592772	-0.399797499
				
-0.576105058	-0.401795626	-0.315665096	-0.362688601	-0.386190921
				
-0.582641542	-0.428461611	-0.315129101	-0.362349033	-0.383173883
				
-0.592220843	-0.456714302	-0.348080426	-0.406775206	-0.419029951
				
-0.603056073	-0.451265395	-0.388420045	-0.46295166	-0.469045907
				
-0.615245461	-0.447645068	-0.437557042	-0.530530334	-0.527211487
				
-0.625392199	-0.46108526	-0.492078543	-0.595115781	-0.581967533
				
-0.6326617	-0.482964039	-0.531029701	-0.635100722	-0.615529418
				
-0.639169574	-0.508845389	-0.554962993	-0.657594502	-0.634467244
				
-0.643205166	-0.524950564	-0.559587955	-0.662149072	-0.638367593
				
-0.645800352	-0.52475518	-0.551038921	-0.65601182	-0.63264668
				
-0.644750118	-0.526262522	-0.548131406	-0.657018781	-0.630379319
				
-0.642376781	-0.531646192	-0.550982118	-0.661434352	-0.629481792
				
-0.639661551	-0.537214875	-0.555887818	-0.666713715	-0.632205069
				
-0.63627106	-0.549888849	-0.576292217	-0.683359444	-0.646912158
				
-0.633575797	-0.559408665	-0.593338013	-0.694625378	-0.658990204
				
-0.630863786	-0.565377414	-0.603648901	-0.700861752	-0.6660043
				
-0.626430631	-0.563868403	-0.608865023	-0.705323935	-0.67246294
				
-0.623470485	-0.561357737	-0.610093832	-0.709058464	-0.677893758
				
-0.624695599	-0.565345526	-0.612132549	-0.723447561	-0.687994063
				
-0.626756907	-0.574268162	-0.619412303	-0.734978318	-0.696656644
				
-0.626416922	-0.579239488	-0.634425759	-0.750514925	-0.710490584
				
-0.628740609	-0.585339606	-0.647969365	-0.765482903	-0.723139346
				
-0.633048952	-0.597552478	-0.670265675	-0.787755191	-0.741637349
				
-0.636890411	-0.615279377	-0.682904005	-0.798807502	-0.75162977
				
-0.639541805	-0.631775618	-0.679430187	-0.796863079	-0.75049454
				
-0.641514421	-0.672841847	-0.667866647	-0.784998357	-0.739300191
				
-0.645309448	-0.70265764	-0.664717853	-0.782780588	-0.729424417
				
-0.649011612	-0.717288554	-0.649695158	-0.770783246	-0.708569288
				
-0.652831674	-0.732052088	-0.635539412	-0.759342372	-0.689355731
				
-0.657958329	-0.747510552	-0.627822161	-0.753668308	-0.676651835
				
-0.662181735	-0.764098585	-0.644324243	-0.765164435	-0.679966271
				
-0.664684296	-0.7773453	-0.659562826	-0.773470402	-0.683967829
				
-0.665662408	-0.782556295	-0.666192055	-0.775316954	-0.684033275
				
-0.665616155	-0.786650062	-0.672074556	-0.776710808	-0.684527814
				
-0.664524317	-0.788200736	-0.676257908	-0.777586341	-0.686236441
				
-0.662951708	-0.783556998	-0.672175884	-0.772823274	-0.681388617
				
-0.621310413	-0.804642439	-0.628136873	-0.733357668	-0.641899168
				
-0.598322392	-0.82714361	-0.597065151	-0.706791759	-0.619902492
				
-0.578761697	-0.851232767	-0.593185961	-0.702788651	-0.617912531
				
-0.610015512	-0.825789571	-0.606875181	-0.717434108	-0.625596762
				
-0.636995912	-0.807073176	-0.624667704	-0.736938953	-0.643591762
				
-0.653911412	-0.792342305	-0.641869664	-0.757041514	-0.662222505
				
-0.66137135	-0.775420725	-0.649436176	-0.768137217	-0.672360539
				
-0.663024783	-0.756386876	-0.654598713	-0.776805758	-0.682204723
				
-0.661275089	-0.735919178	-0.660468698	-0.782874227	-0.692671061
				
-0.658418477	-0.716517329	-0.664932013	-0.786106229	-0.70072788
				
-0.6555053	-0.694985151	-0.663635433	-0.784964263	-0.703962862
				
-0.653349519	-0.679231644	-0.662600577	-0.78481853	-0.706510305
				
-0.652071476	-0.671902955	-0.66024065	-0.783594489	-0.70752871
				
-0.650944889	-0.666858375	-0.65717113	-0.783492386	-0.707772493
				
-0.649190962	-0.665928245	-0.653366685	-0.780640304	-0.706452608
				
-0.64796114	-0.663905919	-0.651341379	-0.779585958	-0.705817878
				
-0.647101641	-0.664751947	-0.652266443	-0.780824065	-0.706798971
				
-0.647396684	-0.665614247	-0.654171407	-0.782676101	-0.708488643
				
-0.648112893	-0.666124642	-0.654765606	-0.783624113	-0.709410727
				
-0.648456454	-0.667470932	-0.656790376	-0.78493017	-0.71055603
				
-0.647265911	-0.661553681	-0.66775018	-0.793706119	-0.719048858
				
-0.646912336	-0.651681662	-0.673277318	-0.7969504	-0.721993089
				
-0.646287262	-0.643015623	-0.677636385	-0.799192369	-0.724539757
				
-0.645546556	-0.629266977	-0.675499558	-0.79654038	-0.723598778
				
-0.645961404	-0.615354538	-0.673522234	-0.794250369	-0.722942352
				
-0.644603491	-0.60434252	-0.663761973	-0.785041988	-0.717197537
				
-0.641371608	-0.607616067	-0.66246736	-0.780807257	-0.718811214
				
-0.63863349	-0.605932355	-0.654014349	-0.773742616	-0.714351654
				
-0.63499999	-0.599112988	-0.638752043	-0.761931181	-0.704707205
				
-0.632224977	-0.60423851	-0.636571944	-0.758704424	-0.702520967
				
-0.630631328	-0.60898453	-0.640897691	-0.759714067	-0.704686344
				
-0.630736828	-0.610134602	-0.643774092	-0.761041045	-0.705660164
				
-0.630747736	-0.611293793	-0.644281685	-0.760597825	-0.705090582
				
-0.630563378	-0.613240719	-0.643526316	-0.759272635	-0.704023838
				
-0.630286694	-0.617332458	-0.643737018	-0.758075356	-0.703516543
				
-0.630514383	-0.621095836	-0.642397165	-0.755866587	-0.702602267
				
-0.630996704	-0.623741508	-0.640640199	-0.752988219	-0.700655282
				
-0.631290555	-0.626566052	-0.635850072	-0.747513235	-0.696588159
				
-0.631863654	-0.629273713	-0.631156683	-0.742135525	-0.693771243
				
-0.631844044	-0.629181147	-0.639294147	-0.75060904	-0.702994347
				
-0.632947445	-0.619395375	-0.659541488	-0.776561677	-0.725314379
				
-0.631210208	-0.607966065	-0.647286475	-0.767222524	-0.715306759
				
-0.630057335	-0.602176726	-0.633105457	-0.755004942	-0.702637196
				
-0.628474832	-0.597993672	-0.621811271	-0.744162321	-0.692400753
				
-0.627025604	-0.597533107	-0.613310099	-0.735141873	-0.683664441
				
-0.624921679	-0.593458831	-0.613506258	-0.734725833	-0.683001161
				
-0.622031331	-0.58831799	-0.61559993	-0.733513892	-0.682377577
				
-0.620043933	-0.588981569	-0.613638043	-0.725852668	-0.674962878
				
-0.613431036	-0.602484643	-0.623867393	-0.731230378	-0.678743601
				
-0.613746226	-0.60163635	-0.623540044	-0.727177262	-0.674221814
				
-0.615637243	-0.596108079	-0.623975575	-0.726430655	-0.673060179
				
-0.620402634	-0.576995254	-0.6229707	-0.723874748	-0.670958579
				
-0.624084473	-0.56600225	-0.619382739	-0.72040391	-0.669624031
				
-0.626751363	-0.561887681	-0.619088531	-0.721298218	-0.672033072
				
-0.629219532	-0.56211853	-0.620381117	-0.724457383	-0.676401615
				
-0.631136417	-0.562580824	-0.619845092	-0.725609303	-0.678853929
				
-0.632470965	-0.565499961	-0.619939446	-0.727069616	-0.681669474
				
-0.632262945	-0.571857393	-0.616859734	-0.723678529	-0.680107296
				
-0.631738007	-0.573325455	-0.612740993	-0.719806969	-0.677521765
				
-0.630582988	-0.570368111	-0.605287433	-0.711702406	-0.670861483
				
-0.629160285	-0.580774307	-0.617182076	-0.726648748	-0.689558625
				
-0.627773523	-0.591474116	-0.624044001	-0.731316268	-0.696579754
				
-0.626284003	-0.596491158	-0.621706247	-0.72701931	-0.692547023
				
-0.625455141	-0.597637892	-0.615538239	-0.720044911	-0.684997678
				
-0.625058949	-0.598645031	-0.608660579	-0.710755348	-0.67546916
				
-0.624489069	-0.600267887	-0.60445106	-0.704491198	-0.667110503
				
-0.624197006	-0.599637449	-0.60218817	-0.702156246	-0.663215339
				
-0.625309587	-0.600131989	-0.602613509	-0.702362776	-0.662001252
				
-0.626536489	-0.601196349	-0.602418721	-0.701904774	-0.661183417
				
-0.626769185	-0.597534895	-0.603000641	-0.704247773	-0.663821518
				
-0.62603879	-0.595646739	-0.610050857	-0.714230061	-0.673934162
				
-0.625925422	-0.590640306	-0.61295712	-0.720175683	-0.681075752
				
-0.624898493	-0.58357352	-0.610994816	-0.721566916	-0.683959126
				
-0.62251991	-0.580082655	-0.600590825	-0.71340847	-0.678747177
				
-0.624505162	-0.588907838	-0.592386723	-0.708590627	-0.675248265
				
-0.626256824	-0.595934987	-0.57986635	-0.697560906	-0.664483249
				
-0.629753828	-0.61325717	-0.568824649	-0.684556544	-0.652177632
				
-0.63155067	-0.618213713	-0.56219852	-0.678366959	-0.64297998
				
-0.634655237	-0.605253577	-0.556679845	-0.675317407	-0.636839151
				
-0.637458444	-0.61019063	-0.554678977	-0.670688868	-0.629000127
				
-0.64235723	-0.605459332	-0.554840565	-0.674562812	-0.624948084
				
-0.646758676	-0.610166192	-0.556088269	-0.675890863	-0.621813178
				
-0.650738776	-0.60818547	-0.559511185	-0.682513237	-0.620354235
				
-0.652748585	-0.596704125	-0.563402534	-0.689375103	-0.619268715
				
-0.655701756	-0.57499522	-0.573000729	-0.703629315	-0.626324058
				
-0.658408642	-0.559130311	-0.588592172	-0.723363936	-0.639258385
				
-0.660599232	-0.550378442	-0.595903158	-0.732310534	-0.646434784
				
-0.66396296	-0.545309424	-0.609085739	-0.74663204	-0.658630133
				
-0.666721046	-0.540525675	-0.61185056	-0.75235498	-0.661498785
				
-0.667931139	-0.541270792	-0.613139391	-0.755058646	-0.665066004
				
-0.667847693	-0.548619866	-0.621377885	-0.762403548	-0.671697259
				
-0.666279733	-0.551229835	-0.619182646	-0.761455178	-0.672568202
				
-0.663967609	-0.555095375	-0.621333957	-0.761898696	-0.672427714
				
-0.662622452	-0.563617408	-0.63169992	-0.765926003	-0.677896857
				
-0.662187159	-0.564060628	-0.637619019	-0.768770695	-0.682908595
				
-0.662883341	-0.566966057	-0.640758693	-0.770386696	-0.68589288
				
-0.663560867	-0.570157409	-0.64116931	-0.768401504	-0.684887707
				
-0.662988842	-0.574096024	-0.637467146	-0.765714228	-0.683356822
				
-0.661716163	-0.568690479	-0.624348044	-0.755065262	-0.671949863
				
-0.660769463	-0.56409061	-0.616867185	-0.74716723	-0.662950635
				
-0.661171138	-0.559316754	-0.61299777	-0.74242425	-0.657856822
				
-0.660922766	-0.55613625	-0.613470078	-0.741044343	-0.656134963
				
-0.660777211	-0.551756442	-0.613626122	-0.740218937	-0.655362785
				
-0.661612213	-0.567657888	-0.596854389	-0.71739006	-0.631545126
				
-0.662524223	-0.575550795	-0.603480041	-0.724174261	-0.637623966
				
-0.663885772	-0.578559518	-0.612849236	-0.735899091	-0.647487521
				
-0.664587259	-0.573254228	-0.612725675	-0.738975048	-0.652025282
				
-0.6654495	-0.563506842	-0.611429334	-0.742153883	-0.65804857
				
-0.66678071	-0.546108007	-0.608471334	-0.745238185	-0.663084626
				
-0.667932749	-0.537151635	-0.609506607	-0.748798311	-0.669998825
				
-0.667439699	-0.5186373	-0.606948555	-0.750574291	-0.674881876
				
-0.661989868	-0.496661425	-0.591914833	-0.741299868	-0.669596076
				
-0.654004216	-0.49390316	-0.575042605	-0.729821146	-0.66174525
				
-0.648054004	-0.50648129	-0.563981116	-0.719888389	-0.653681219
				
-0.645262539	-0.513724327	-0.565404475	-0.719392002	-0.653873444
				
-0.63370049	-0.499065161	-0.526161253	-0.69746834	-0.618078947
				
-0.634344161	-0.487365067	-0.513379276	-0.680742264	-0.607530713
				
-0.628675401	-0.461396694	-0.468205035	-0.647678852	-0.566825569
				
-0.633540511	-0.447017998	-0.475241065	-0.650996447	-0.573565423
				
-0.638893008	-0.433864981	-0.481686652	-0.656066418	-0.580472589
				
-0.640441954	-0.431995541	-0.49155286	-0.66362834	-0.589917243
				
-0.640945315	-0.429416656	-0.504234731	-0.674501836	-0.603951335
				
-0.640715063	-0.429668784	-0.510819256	-0.679681182	-0.611744642
				
-0.64235276	-0.433472633	-0.523894429	-0.691355824	-0.621884704
				
-0.643266797	-0.43704617	-0.530351043	-0.69570446	-0.626791477
				
-0.643719018	-0.434288263	-0.531063139	-0.695504189	-0.627512634
				
-0.643409371	-0.431429923	-0.529530942	-0.69326055	-0.626955688
				
-0.642777801	-0.425461411	-0.529723525	-0.690981209	-0.62808764
				
-0.631811917	-0.425909042	-0.498476565	-0.665297627	-0.603952408
				
-0.626755893	-0.432517529	-0.477444053	-0.641573668	-0.582646251
				
-0.623044014	-0.440986693	-0.464639306	-0.624685585	-0.564758301
				
-0.617613256	-0.450371027	-0.459063113	-0.613624215	-0.554087996
				
-0.611549914	-0.457085133	-0.454640776	-0.60078156	-0.5428738
				
-0.605713129	-0.46047315	-0.453074485	-0.590427041	-0.536831558
				
-0.604688764	-0.462147295	-0.457650959	-0.585629821	-0.535210073
				
-0.606971264	-0.462128699	-0.462816805	-0.584493279	-0.536256552
				
-0.609516978	-0.457104862	-0.468429029	-0.587355018	-0.540660083
				
-0.6133129	-0.459494621	-0.473809451	-0.594355226	-0.547387481
				
-0.617660105	-0.463645786	-0.481557965	-0.605621338	-0.553995252
				
-0.621650875	-0.465433389	-0.493640304	-0.620112479	-0.565406084
				
-0.624401152	-0.469096631	-0.505393565	-0.633915901	-0.576013684
				
-0.625411212	-0.474058956	-0.516170025	-0.645155013	-0.584947824
				
-0.626315475	-0.479142129	-0.522021532	-0.652568042	-0.588741899
				
-0.625719666	-0.481794029	-0.525743783	-0.658061266	-0.590603769
				
-0.624167383	-0.480891407	-0.525077403	-0.656493962	-0.587912619
				
-0.622792304	-0.477714717	-0.523744524	-0.652520895	-0.585021079
				
-0.621923149	-0.47682333	-0.523521543	-0.64977324	-0.584560633
				
-0.618926942	-0.473206103	-0.523032963	-0.642489672	-0.585547209
				
-0.619237304	-0.471154928	-0.517538905	-0.639683902	-0.583711505
				
-0.61927551	-0.468037814	-0.513518989	-0.639564872	-0.581752121
				
-0.619186044	-0.46528548	-0.509758234	-0.639192939	-0.579985499
				
-0.61952585	-0.462857544	-0.507362247	-0.638793766	-0.579858601
				
-0.619882286	-0.460235924	-0.506287336	-0.637927294	-0.579349339
				
-0.619624317	-0.454448938	-0.503690362	-0.63561368	-0.576371193
				
-0.620234609	-0.453300029	-0.50086236	-0.634326875	-0.573111713
				
-0.620584548	-0.454206616	-0.498387516	-0.633186102	-0.570101857
				
-0.621563613	-0.458782732	-0.49970305	-0.634727478	-0.570474386
				
-0.623125732	-0.462141454	-0.50061518	-0.636393249	-0.569978297
				
-0.624573946	-0.469915152	-0.500565946	-0.635348558	-0.568603098
				
-0.624924958	-0.47679463	-0.501532972	-0.635368884	-0.567876279
				
-0.624656677	-0.481166422	-0.502273083	-0.636462212	-0.566201746
				
-0.624324858	-0.483522713	-0.503473639	-0.635864794	-0.565096378
				
-0.623915493	-0.484767258	-0.504367471	-0.634721518	-0.56413579
				
-0.623706877	-0.483535469	-0.506367922	-0.635471702	-0.565072656
				
-0.623651087	-0.481525809	-0.507083893	-0.635712743	-0.565071881
				
-0.623357177	-0.479667455	-0.505981863	-0.635662854	-0.564571202
				
-0.622748554	-0.480410635	-0.50486654	-0.635953665	-0.56425339
				
-0.622839332	-0.482447684	-0.506229222	-0.63905704	-0.565990329
				
-0.623600662	-0.486807495	-0.507633865	-0.64231497	-0.568243742
				
-0.624091506	-0.487123579	-0.509781539	-0.646042705	-0.573135197
				
-0.624718666	-0.486139178	-0.510379076	-0.646964073	-0.574746609
				
-0.625133932	-0.485285431	-0.509940743	-0.646129072	-0.57527113
				
-0.625724614	-0.48276031	-0.51020354	-0.646841049	-0.576540947
				
-0.626795113	-0.483630955	-0.514633834	-0.650637805	-0.581393361
				
-0.627521276	-0.485689789	-0.514702857	-0.651068509	-0.579688013
				
-0.626902819	-0.481638551	-0.500847697	-0.637168527	-0.56550473
				
-0.627361774	-0.484688938	-0.488537461	-0.622495174	-0.554860353
				
-0.627605617	-0.48257488	-0.477290988	-0.611122787	-0.543811321
				
-0.626975656	-0.475390106	-0.472957373	-0.606134057	-0.538561642
				
-0.62584722	-0.4727678	-0.473389804	-0.606635273	-0.538287163
				
-0.6236763	-0.477144986	-0.476155221	-0.609487593	-0.540665686
				
-0.620639622	-0.48164475	-0.477321506	-0.610476196	-0.542894602
				
-0.619909167	-0.48785159	-0.479790717	-0.613578439	-0.54892987
				
-0.618984342	-0.496982217	-0.483913988	-0.616708517	-0.552886128
				
-0.618051112	-0.498474717	-0.483705163	-0.614866316	-0.553227544
				
-0.616500556	-0.502498031	-0.479387403	-0.609096348	-0.552191317
				
-0.614935338	-0.504445612	-0.478578866	-0.606981397	-0.553577781
				
-0.614278436	-0.497892827	-0.473985165	-0.601770818	-0.551825166
				
-0.613964677	-0.48580876	-0.467951179	-0.595411479	-0.546458125
				
-0.613731384	-0.48246929	-0.46536836	-0.590846241	-0.544176042
				
-0.61404109	-0.481730342	-0.470041275	-0.592300117	-0.549385905
				
-0.614413023	-0.481810451	-0.468162417	-0.591180205	-0.551988125
				
-0.617063046	-0.476073116	-0.463931233	-0.595426977	-0.558282137
				
-0.622120023	-0.449440241	-0.512852311	-0.630867302	-0.590151906
				
-0.613104105	-0.395520389	-0.539429307	-0.650773525	-0.615269482
				
-0.599972904	-0.321265846	-0.531255066	-0.636215806	-0.61422497
				
-0.588937104	-0.229106456	-0.470532268	-0.579130411	-0.577744782
				
-0.581585228	-0.181187242	-0.43506968	-0.537296176	-0.550689876
				
-0.577835798	-0.181715041	-0.425265014	-0.521161437	-0.537679434
				
-0.572608173	-0.200517133	-0.427817822	-0.517500162	-0.531941056
				
-0.57318002	-0.207755283	-0.419957876	-0.506070495	-0.521492362
				
-0.577273369	-0.215668544	-0.413062453	-0.497082531	-0.511687934
				
-0.579273522	-0.228044868	-0.409089744	-0.489744723	-0.504244506
				
-0.581588149	-0.240336642	-0.408871591	-0.487423301	-0.501071095
				
-0.583644986	-0.25214389	-0.41546756	-0.49419862	-0.50584805
				
-0.579801083	-0.267272532	-0.429176122	-0.507029891	-0.516521394
				
-0.582116842	-0.269605815	-0.435152054	-0.516307652	-0.523757219
				
-0.58206439	-0.270213336	-0.437728643	-0.52110815	-0.528640211
				
-0.58154577	-0.267678022	-0.437701821	-0.522107303	-0.529784024
				
-0.582779229	-0.261404991	-0.439514846	-0.525517464	-0.532003284
				
-0.584833026	-0.256483197	-0.442927301	-0.530757189	-0.536232531
				
-0.585869849	-0.251254916	-0.43962115	-0.528610468	-0.535439253
				
-0.586123526	-0.248992845	-0.436762631	-0.52729094	-0.535664558
				
-0.585999846	-0.246720225	-0.433505923	-0.524034619	-0.533405185
				
-0.586266577	-0.248503447	-0.435894012	-0.526638746	-0.535785913
				
-0.58657074	-0.251256645	-0.437234402	-0.5279392	-0.537417114
				
-0.586134076	-0.256314754	-0.43525058	-0.524193406	-0.536287367
				
-0.585124493	-0.257734835	-0.432619035	-0.520191967	-0.533870459
				
-0.584550977	-0.257567585	-0.433469296	-0.520461321	-0.534480691
				
-0.584112287	-0.254594564	-0.437107861	-0.524260581	-0.536697984
				
-0.584337831	-0.259498507	-0.43732661	-0.522364199	-0.534408927
				
-0.59181869	-0.252061367	-0.453445733	-0.540667176	-0.545005918
				
-0.595862508	-0.255546391	-0.476102173	-0.568826437	-0.567430496
				
-0.599372327	-0.255962253	-0.493606508	-0.593843102	-0.588410079
				
-0.603366971	-0.266813695	-0.510406971	-0.615836263	-0.606643498
				
-0.597711325	-0.269561529	-0.503292084	-0.602989674	-0.596246123
				
-0.594699383	-0.281300664	-0.500109076	-0.59530288	-0.588231921
				
-0.597918332	-0.281094193	-0.508457005	-0.60331136	-0.592988968
				
-0.597297788	-0.29047215	-0.517787397	-0.615716755	-0.603635073
				
-0.598275661	-0.301604778	-0.525044084	-0.627255559	-0.613188744
				
-0.599274457	-0.310540497	-0.524505258	-0.627438605	-0.614742339
				
-0.600934267	-0.321945876	-0.528904855	-0.633734584	-0.62099421
				
-0.602649689	-0.338122159	-0.532838225	-0.639124155	-0.627022505
				
-0.609051228	-0.362088114	-0.544485271	-0.655951798	-0.643494844
				
-0.614766002	-0.399566412	-0.547208667	-0.660570502	-0.651979446
				
-0.61935842	-0.428620815	-0.558986187	-0.675448179	-0.665489018
				
-0.619841814	-0.444825321	-0.560548961	-0.677319586	-0.666413665
				
-0.617965341	-0.450206041	-0.557979226	-0.675174475	-0.663421452
				
-0.615341902	-0.447195679	-0.553977251	-0.669485688	-0.658085763
				
-0.618104696	-0.45156765	-0.524397373	-0.639781713	-0.6348508
				
-0.623276293	-0.466216207	-0.508013844	-0.623339295	-0.625053346
				
-0.630948186	-0.479016304	-0.511199772	-0.625869215	-0.633987665
				
-0.637303233	-0.47408241	-0.529398441	-0.642933369	-0.652309299
				
-0.642289281	-0.461815357	-0.545943499	-0.653190434	-0.655491352
				
-0.646560192	-0.487089843	-0.557011724	-0.658243835	-0.65515852
				
-0.649432063	-0.533501089	-0.559138238	-0.656922996	-0.647913814
				
-0.650625348	-0.567853391	-0.56079495	-0.657768011	-0.643450797
				
-0.650788307	-0.570920169	-0.557884395	-0.656250179	-0.638869941
				
-0.649184883	-0.531116009	-0.550333798	-0.651945591	-0.63231349
				
-0.647400439	-0.507750511	-0.543078005	-0.646015882	-0.625120819
				
-0.644880056	-0.499763906	-0.535120547	-0.6382339	-0.616551638
				
-0.64258641	-0.499716312	-0.525757432	-0.627931118	-0.605853736
				
-0.640007854	-0.498310059	-0.513728857	-0.614673734	-0.592507184
				
-0.637962222	-0.492058158	-0.50555855	-0.605120838	-0.582185328
				
-0.637068331	-0.46866551	-0.499012291	-0.598210931	-0.574832559
				
-0.639985263	-0.440198243	-0.503521919	-0.60854733	-0.583886147
				
-0.642996609	-0.424287289	-0.512199283	-0.620868564	-0.593572736
				
-0.645712852	-0.426897049	-0.519923508	-0.629755855	-0.599031925
				
-0.647339463	-0.431911528	-0.524644256	-0.634813964	-0.601333976
				
-0.648383379	-0.438628286	-0.525700271	-0.635783792	-0.600371003
				
-0.648338199	-0.446946263	-0.523621678	-0.633441865	-0.596380115
				
-0.649393916	-0.451590806	-0.524411917	-0.633791327	-0.595724583
				
-0.649484038	-0.460183084	-0.522306025	-0.63183254	-0.592756987
				
-0.649781704	-0.478192866	-0.520291686	-0.628340483	-0.588728666
				
-0.650334418	-0.493661344	-0.520548165	-0.627336323	-0.586585939
				
-0.650204897	-0.501100898	-0.51877439	-0.62525785	-0.583861232
				
-0.65035063	-0.512119174	-0.512512922	-0.619404316	-0.577418685
				
-0.649757504	-0.565215111	-0.491826743	-0.596152723	-0.555229485
				
-0.650525391	-0.624221861	-0.465982378	-0.568541765	-0.529540181
				
-0.651346326	-0.726638973	-0.445670813	-0.543713391	-0.504886627
				
-0.630657315	-0.893584371	-0.428982139	-0.520496726	-0.473701298
				
-0.611594915	-0.951343656	-0.437252223	-0.517450035	-0.463435829
				
-0.59913379	-0.924890935	-0.456512809	-0.524055123	-0.461258382
				
-0.593325496	-0.874664545	-0.478282332	-0.532648325	-0.460482121
				
-0.589609623	-0.832725406	-0.499745965	-0.542432725	-0.4610084
				
-0.587689936	-0.809121728	-0.516177297	-0.551163971	-0.463247567
				
-0.587359667	-0.800650597	-0.524503708	-0.556965351	-0.465167016
				
-0.587577522	-0.808595836	-0.521419227	-0.557229817	-0.46509397
				
-0.588352382	-0.838351429	-0.512145877	-0.552083194	-0.461908758
				
-0.589644969	-0.87896204	-0.505861282	-0.549654543	-0.463510752
				
-0.590932488	-0.921210825	-0.501349092	-0.54702425	-0.464468479
				
-0.592570424	-0.950551093	-0.496210754	-0.54429543	-0.46584183
				
-0.59404099	-0.968708932	-0.49324584	-0.542401671	-0.467310071
				
-0.595126331	-0.979139328	-0.490500599	-0.540826201	-0.467941046
				
-0.596088052	-0.986087561	-0.487911046	-0.539504886	-0.468355894
				
-0.59708631	-0.992040873	-0.485388219	-0.538469017	-0.468650103
				
-0.597952962	-0.996470571	-0.480544567	-0.535502493	-0.466703773
				
-0.598413467	-0.99815166	-0.479272664	-0.534698784	-0.466385961
				
-0.597869635	-0.99517554	-0.473298728	-0.531196475	-0.463909864
				
-0.593853354	-0.973357856	-0.494492233	-0.547820449	-0.487601101
				
-0.585632145	-0.959601521	-0.550868273	-0.596237421	-0.534646571
				
-0.588563502	-0.996216297	-0.603247464	-0.655920088	-0.576394141
				
-0.588759959	-0.989121079	-0.652232528	-0.694841325	-0.602270186
				
-0.586709619	-0.989529014	-0.695208549	-0.714459002	-0.612741649
				
-0.584730744	-0.990849674	-0.727790236	-0.716679513	-0.607604682
				
-0.582617283	-0.992268741	-0.751401067	-0.716013789	-0.604309678
				
-0.581861317	-0.992011547	-0.767582774	-0.714696884	-0.604352117
				
-0.582534492	-0.991731644	-0.769692421	-0.703486919	-0.598067999
				
-0.583172321	-0.992661834	-0.763404965	-0.69576627	-0.596286356
				
-0.583942354	-0.993426323	-0.755854249	-0.691815197	-0.595217228
				
-0.584670067	-0.993481994	-0.745189309	-0.68998909	-0.596360207
				
-0.585732639	-0.992441475	-0.732378364	-0.689949095	-0.599523664
				
-0.586575687	-0.991855204	-0.723055065	-0.692284107	-0.602647781
				
-0.587238848	-0.991693437	-0.717443943	-0.694093823	-0.604606509
				
-0.587730765	-0.991553426	-0.715220928	-0.695224643	-0.605464756
				
-0.588214755	-0.991343737	-0.717230201	-0.696708381	-0.606102586
				
-0.589252472	-0.991369903	-0.727092206	-0.699992359	-0.608524621
				
-0.589901447	-0.992184043	-0.741169691	-0.706345797	-0.609177053
				
-0.589068174	-0.992138326	-0.752603471	-0.714363635	-0.611712694
				
-0.588004589	-0.990730107	-0.76161474	-0.720349491	-0.612845242
				
-0.587196946	-0.989544928	-0.772836685	-0.725362182	-0.612914801
				
-0.586867332	-0.985396087	-0.782532275	-0.731172383	-0.616742015
				
-0.586777449	-0.980749965	-0.792350888	-0.736126482	-0.620183289
				
-0.587650061	-0.97700119	-0.798734426	-0.734936953	-0.619946957
				
-0.588158906	-0.976488471	-0.795730472	-0.728079438	-0.617478907
				
-0.58860755	-0.97607702	-0.779722035	-0.713239789	-0.610961318
				
-0.589087427	-0.974232018	-0.762794852	-0.702481925	-0.607755899
				
-0.589644074	-0.972569168	-0.750440598	-0.697262883	-0.607002318
				
-0.589834511	-0.96948427	-0.740891337	-0.695746541	-0.607077301
				
-0.590227187	-0.965045154	-0.733274877	-0.697502613	-0.608944654
				
-0.590179265	-0.958098352	-0.722476602	-0.701906323	-0.614666879
				
-0.585947037	-0.956891298	-0.680292904	-0.693286538	-0.614574313
				
-0.581502795	-0.950045049	-0.646766663	-0.690525532	-0.62461561
				
-0.591436327	-0.945993543	-0.637133479	-0.704696059	-0.642830968
				
-0.601450861	-0.951060772	-0.628928363	-0.709303737	-0.651942372
				
-0.608484209	-0.95819068	-0.615647137	-0.711218297	-0.658093929
				
-0.61274296	-0.962967873	-0.577695012	-0.711195946	-0.661985695
				
-0.614907384	-0.964432359	-0.526395142	-0.709531188	-0.662596405
				
-0.615163565	-0.962961137	-0.484293461	-0.707489133	-0.662369311
				
-0.614700913	-0.959460139	-0.456541955	-0.705032706	-0.661572218
				
-0.614276767	-0.957912862	-0.446903497	-0.703367174	-0.66218406
				
-0.632575393	-0.950292289	-0.471430182	-0.706789792	-0.669148386
				
-0.643857837	-0.919186175	-0.526546419	-0.681013465	-0.62766546
				
-0.651621103	-0.866980135	-0.531382203	-0.659523189	-0.599452078
				
-0.655811369	-0.80880028	-0.528012753	-0.64457345	-0.581490874
				
-0.662656307	-0.722705424	-0.515412092	-0.626728296	-0.564698935
				
-0.667090654	-0.637019634	-0.500980198	-0.621808887	-0.557417035
				
-0.667727113	-0.584477901	-0.497955173	-0.637540936	-0.567719519
				
-0.666790068	-0.549054086	-0.497047782	-0.652009428	-0.579913795
				
-0.659247696	-0.536603808	-0.498512626	-0.659862518	-0.590347052
				
-0.661041617	-0.528596044	-0.499814808	-0.66172868	-0.596249461
				
-0.663543463	-0.53470856	-0.505040586	-0.664671123	-0.602425635
				
-0.666022897	-0.55280447	-0.512949347	-0.666168332	-0.608615994
				
-0.6671592	-0.562645555	-0.51913625	-0.665683031	-0.611841798
				
-0.667649388	-0.582136691	-0.525503397	-0.665516257	-0.614608884
				
-0.66688323	-0.594611764	-0.524150968	-0.657144666	-0.609053791
				
-0.660377622	-0.579391122	-0.507946253	-0.631788015	-0.5853616
				
-0.657911062	-0.567429304	-0.507245123	-0.626613259	-0.579971254
				
-0.654620886	-0.541685462	-0.502389669	-0.619123995	-0.572115719
				
-0.645627379	-0.550929666	-0.508607626	-0.618854105	-0.574728608
				
-0.643378377	-0.549465954	-0.499109298	-0.604827642	-0.563526034
				
-0.641353488	-0.539806783	-0.493688136	-0.600128233	-0.558606505
				
-0.641000867	-0.526491582	-0.490201324	-0.600827992	-0.558204353
				
-0.641464353	-0.493696451	-0.496424019	-0.617464185	-0.57236135
				
-0.63921392	-0.420018971	-0.497748256	-0.628530979	-0.583571136
				
-0.635031164	-0.345116735	-0.489308059	-0.628820956	-0.58589685
				
-0.630496025	-0.29156673	-0.477820158	-0.623316228	-0.583569944
				
-0.626254618	-0.267619014	-0.467438281	-0.61620605	-0.580767035
				
-0.621041059	-0.259114802	-0.453258574	-0.600667477	-0.570661485
				
-0.619874597	-0.26294446	-0.450323641	-0.597450078	-0.572226882
				
-0.620079517	-0.275609851	-0.451071054	-0.595707297	-0.575646162
				
-0.620919228	-0.289496899	-0.453731567	-0.596277654	-0.579688668
				
-0.621853769	-0.293468595	-0.453816235	-0.593497396	-0.579362988
				
-0.622741997	-0.292340368	-0.45860073	-0.596632302	-0.583110094
				
-0.614560723	-0.316941738	-0.471531659	-0.596430957	-0.590977013
				
-0.60898757	-0.361102641	-0.487456262	-0.605566382	-0.602393746
				
-0.607262135	-0.379203379	-0.502624094	-0.617666364	-0.613244474
				
-0.606874406	-0.37831068	-0.515042663	-0.629715145	-0.622716367
				
-0.607856452	-0.354864895	-0.522756338	-0.639190137	-0.630039394
				
-0.60840708	-0.338848293	-0.524745107	-0.641589582	-0.631152153
				
-0.608906627	-0.327235222	-0.52714479	-0.64549768	-0.632518828
				
-0.609593153	-0.326971382	-0.525737822	-0.645743966	-0.631435513
				
-0.610137463	-0.328743756	-0.522202075	-0.643607199	-0.62864536
				
-0.609906197	-0.328685641	-0.515869737	-0.638119936	-0.623550236
				
-0.609282017	-0.326456428	-0.511395752	-0.633728266	-0.619641781
				
-0.608670294	-0.326548934	-0.508835196	-0.631022692	-0.617231965
				
-0.608410954	-0.328629225	-0.506042123	-0.627745986	-0.614759088
				
-0.608171642	-0.332334697	-0.502444446	-0.62385273	-0.611935854
				
-0.608796656	-0.336376309	-0.49979952	-0.621269941	-0.610480547
				
-0.609849572	-0.336320728	-0.499605834	-0.622157812	-0.61214906
				
-0.611015081	-0.334744573	-0.501639664	-0.624818563	-0.614860475
				
-0.611734509	-0.344603598	-0.507110476	-0.629379213	-0.619425714
				
-0.613128185	-0.354427129	-0.514569163	-0.635586739	-0.624461889
				
-0.613081098	-0.356215179	-0.51594466	-0.636271596	-0.625383675
				
-0.612184465	-0.343758225	-0.512691855	-0.633354902	-0.624005795
				
-0.611639738	-0.332942545	-0.508684814	-0.630248904	-0.621503115
				
-0.612862825	-0.332042098	-0.508910835	-0.630622447	-0.621077001
				
-0.613625467	-0.331403017	-0.509616375	-0.63105607	-0.620830297
				
-0.614257216	-0.335241944	-0.512425721	-0.633041024	-0.62124908
				
-0.614924431	-0.342725635	-0.510372877	-0.629635453	-0.617609262
				
-0.615108013	-0.350858152	-0.50981307	-0.627209663	-0.615903556
				
-0.614697099	-0.356169403	-0.509546518	-0.625480413	-0.614843965
				
-0.614503443	-0.356282204	-0.512405276	-0.627180576	-0.616017818
				
-0.612915754	-0.355764478	-0.512123585	-0.625005662	-0.615065396
				
-0.6117028	-0.351512969	-0.515571535	-0.628000557	-0.617696762
				
-0.610642076	-0.344266534	-0.514711142	-0.625972927	-0.61623013
				
-0.608731627	-0.341787398	-0.513183475	-0.623543382	-0.614603758
				
-0.60737741	-0.340067029	-0.512574732	-0.623156667	-0.61488378
				
-0.606082916	-0.339476943	-0.514469266	-0.624748826	-0.617089033
				
-0.605806708	-0.340598226	-0.515605152	-0.62590903	-0.618372262
				
-0.605477691	-0.343269318	-0.513505042	-0.624168336	-0.617097139
