-0.598806798	-0.694015384	-0.471832812	-0.475944817	-0.471810341
				
-0.596856415	-0.361643463	-0.398927212	-0.482800722	-0.479888737
				
-0.602434337	-0.354847848	-0.444490105	-0.544741333	-0.540224373
				
-0.601888716	-0.335981727	-0.459211707	-0.56688875	-0.560805678
				
-0.595524728	-0.320457935	-0.456533968	-0.570287585	-0.563272238
				
-0.583985031	-0.314905167	-0.446857661	-0.566022396	-0.544432104
				
-0.577132285	-0.292959452	-0.417023659	-0.538171768	-0.516164839
				
-0.57887125	-0.299798548	-0.416646063	-0.528235912	-0.50606811
				
-0.584915221	-0.300072134	-0.409375787	-0.512818456	-0.492919803
				
-0.585386813	-0.30402866	-0.413810402	-0.50920105	-0.490293056
				
-0.585574508	-0.330473661	-0.432370424	-0.520335674	-0.501123548
				
-0.589512646	-0.363469958	-0.456994832	-0.540929675	-0.52243185
				
-0.594694853	-0.373104542	-0.467658848	-0.552525342	-0.536749125
				
-0.597375333	-0.364866138	-0.465169936	-0.554384768	-0.541940749
				
-0.60405302	-0.35084632	-0.456972599	-0.55047369	-0.539626062
				
-0.608818173	-0.333361268	-0.443736494	-0.541233361	-0.532300711
				
-0.609948456	-0.322714418	-0.42789647	-0.527010322	-0.518597782
				
-0.608826101	-0.319341183	-0.415329039	-0.513242483	-0.503822386
				
-0.60956943	-0.326532006	-0.419007301	-0.515475571	-0.505247235
				
-0.608398199	-0.333955944	-0.427951753	-0.522483706	-0.510508955
				
-0.607783914	-0.333387375	-0.431057692	-0.52325207	-0.509830594
				
-0.61009419	-0.340865105	-0.440253615	-0.530603886	-0.515495777
				
-0.612778306	-0.344590127	-0.446153641	-0.535257459	-0.519186258
				
-0.615373611	-0.348317683	-0.448335648	-0.537026286	-0.520018101
				
-0.61676544	-0.347911716	-0.446795374	-0.535695672	-0.518693566
				
-0.616729498	-0.34506768	-0.441195488	-0.53055656	-0.514107585
				
-0.616167605	-0.341012955	-0.435391605	-0.525050282	-0.510145426
				
-0.616491795	-0.339384079	-0.433037102	-0.522455812	-0.508703053
				
-0.616291285	-0.341248214	-0.433760285	-0.523496151	-0.51104033
				
-0.614910364	-0.34182331	-0.433869541	-0.5244084	-0.513111651
				
-0.614053845	-0.340165973	-0.432822883	-0.523480654	-0.513176143
				
-0.613771021	-0.340785593	-0.432984531	-0.523998857	-0.514199138
				
-0.612791061	-0.337442279	-0.430028766	-0.521118283	-0.511753917
				
-0.612250924	-0.339841455	-0.431952655	-0.522176981	-0.51231432
				
-0.611543119	-0.338060737	-0.430876434	-0.520151138	-0.509722352
				
-0.610964417	-0.340848327	-0.433467805	-0.520749569	-0.508607328
				
-0.611044049	-0.341384321	-0.435599387	-0.522816956	-0.51129806
				
-0.611842394	-0.340456665	-0.436278701	-0.523452461	-0.513095438
				
-0.612703323	-0.336986959	-0.436723471	-0.525228202	-0.515893757
				
-0.612344205	-0.331102788	-0.43255806	-0.521684647	-0.51331985
				
-0.612471461	-0.329337299	-0.430477738	-0.520009696	-0.51176548
				
-0.612184227	-0.328885943	-0.427658916	-0.517863929	-0.508018613
				
-0.613625407	-0.331968933	-0.42988497	-0.521513581	-0.510029316
				
-0.615447998	-0.335468233	-0.435826808	-0.529167652	-0.516252518
				
-0.617535472	-0.33618772	-0.439804077	-0.534503818	-0.521223307
				
-0.618869185	-0.332499743	-0.437543064	-0.533676922	-0.521655738
				
-0.620026112	-0.332145512	-0.437199056	-0.53325206	-0.521097124
				
-0.620453596	-0.330192983	-0.434760571	-0.530065656	-0.518632114
				
-0.621137977	-0.329510719	-0.433057815	-0.52744627	-0.516820848
				
-0.622709394	-0.328359723	-0.43178761	-0.525065064	-0.515017629
				
-0.624215126	-0.32972014	-0.433961272	-0.526594639	-0.516023159
				
-0.624379694	-0.326252401	-0.433398575	-0.52689445	-0.515472174
				
-0.624137402	-0.327305794	-0.436868489	-0.531236112	-0.518964291
				
-0.62375474	-0.328566164	-0.438831836	-0.533913732	-0.521493316
				
-0.622359216	-0.324656427	-0.435218453	-0.530118644	-0.51791048
				
-0.619985104	-0.321191967	-0.431188911	-0.525597334	-0.514224708
				
-0.616045773	-0.312585592	-0.421966583	-0.515695095	-0.506600857
				
-0.612435579	-0.305261672	-0.413938433	-0.506211877	-0.500323892
				
-0.610607028	-0.300990671	-0.409268558	-0.500461698	-0.498382986
				
-0.610851645	-0.303234786	-0.411413968	-0.502975345	-0.503557444
				
-0.610090852	-0.303839922	-0.415267885	-0.507390201	-0.510494888
				
-0.609786868	-0.304206729	-0.419758618	-0.511925101	-0.516616285
				
-0.610723376	-0.310993135	-0.431170851	-0.522669852	-0.527095199
				
-0.611054897	-0.310338736	-0.432110071	-0.524107456	-0.52682513
				
-0.612060547	-0.309599787	-0.4320454	-0.524315357	-0.525901556
				
-0.61327672	-0.3108823	-0.43296662	-0.525590301	-0.526424348
				
-0.614301801	-0.311078548	-0.43261987	-0.525475502	-0.525570869
				
-0.615245461	-0.309462696	-0.430685371	-0.523803055	-0.523365259
				
-0.615748942	-0.306680083	-0.427619934	-0.521242976	-0.520739019
				
-0.615666151	-0.30297479	-0.424118161	-0.518127203	-0.517717838
				
-0.615466297	-0.297402114	-0.419146895	-0.512889147	-0.512286782
				
-0.615098238	-0.290447563	-0.412802219	-0.50640291	-0.505262077
				
-0.614643872	-0.285614133	-0.407414645	-0.500813365	-0.499816418
				
-0.614706397	-0.281584263	-0.402702719	-0.495802462	-0.495615631
				
-0.614831865	-0.282421649	-0.401723206	-0.494783163	-0.495174527
				
-0.615010738	-0.282602906	-0.400899172	-0.494002372	-0.495017409
				
-0.615190029	-0.28495279	-0.40172717	-0.494652659	-0.496297687
				
-0.615828395	-0.288748294	-0.40489006	-0.497487009	-0.499612868
				
-0.61565876	-0.293103755	-0.409968972	-0.502453446	-0.504830599
				
-0.614864945	-0.29512471	-0.414211154	-0.507176816	-0.508812606
				
-0.613039315	-0.290384799	-0.415113509	-0.508047938	-0.509257138
				
-0.610599995	-0.285508186	-0.41365093	-0.506325483	-0.506737292
				
-0.608022571	-0.276116252	-0.404441178	-0.49652335	-0.497037113
				
-0.608204782	-0.276269734	-0.397750318	-0.489435136	-0.490903258
				
-0.607832074	-0.277143359	-0.392257184	-0.484570324	-0.487120211
				
-0.608301938	-0.273716718	-0.385430604	-0.477829278	-0.482168108
				
-0.609028876	-0.271109104	-0.379464865	-0.473032057	-0.478588283
				
-0.610361755	-0.268183261	-0.374036163	-0.468435556	-0.474379778
				
-0.611535311	-0.266458392	-0.370401353	-0.464918315	-0.470820487
				
-0.612562537	-0.265035152	-0.367543817	-0.461940408	-0.467948318
				
-0.613326073	-0.262405068	-0.365028322	-0.458687007	-0.464817047
				
-0.614099622	-0.260884643	-0.364746541	-0.457374632	-0.46401757
				
-0.614021242	-0.258583099	-0.364767164	-0.456711531	-0.464290082
				
-0.613699853	-0.259842873	-0.36660254	-0.458194286	-0.466693163
				
-0.613048196	-0.259552568	-0.367036641	-0.458360851	-0.467789382
				
-0.611499131	-0.254213363	-0.363953948	-0.455111712	-0.465292811
				
-0.610345125	-0.247538045	-0.358185261	-0.447973669	-0.459055305
				
-0.608557224	-0.241722718	-0.351231486	-0.439801812	-0.452073395
				
-0.607546508	-0.237320364	-0.346401781	-0.43433243	-0.446747482
				
-0.607882857	-0.233416617	-0.343542993	-0.431395829	-0.443845332
				
-0.609015584	-0.239251286	-0.347688377	-0.436878026	-0.450033128
				
-0.60994029	-0.249475613	-0.355376542	-0.447175741	-0.460753351
				
-0.612273455	-0.274678975	-0.368490934	-0.463096857	-0.477427304
				
-0.617012918	-0.332303047	-0.39972803	-0.502153873	-0.516600907
				
-0.625359893	-0.412258327	-0.444306314	-0.559792638	-0.568532348
				
-0.626189888	-0.468250632	-0.485317051	-0.609813213	-0.604708672
				
-0.633746922	-0.478168517	-0.503149807	-0.637325346	-0.623805642
				
-0.641711175	-0.470345259	-0.506046593	-0.650355577	-0.633299828
				
-0.647629797	-0.466080666	-0.508741498	-0.660915375	-0.637247384
				
-0.647999525	-0.470763981	-0.515578628	-0.669694543	-0.638842821
				
-0.648285687	-0.470909595	-0.525421739	-0.680005848	-0.642852664
				
-0.635653853	-0.46546635	-0.491391242	-0.632282376	-0.595955908
				
-0.628995538	-0.497330695	-0.497055471	-0.608413458	-0.564724565
				
-0.63077414	-0.525550485	-0.499621928	-0.592023373	-0.539192677
				
-0.631454349	-0.566550076	-0.511895478	-0.590608597	-0.529441833
				
-0.6249066	-0.597299814	-0.511145234	-0.589585245	-0.536171019
				
-0.619224429	-0.623426437	-0.515484273	-0.601920962	-0.55582732
				
-0.615169764	-0.634438396	-0.523464859	-0.619441986	-0.578086197
				
-0.611791193	-0.637767911	-0.53047955	-0.634216905	-0.595667601
				
-0.609814048	-0.634979606	-0.536051095	-0.645971775	-0.60888505
				
-0.608653307	-0.623444915	-0.535425425	-0.649896085	-0.614734948
				
-0.607982814	-0.612937868	-0.533936143	-0.651830256	-0.618257284
				
-0.607427239	-0.603924692	-0.532284439	-0.652048349	-0.619825244
				
-0.607334197	-0.602371514	-0.534722507	-0.65422523	-0.622187495
				
-0.607439339	-0.599097013	-0.537694573	-0.656588316	-0.624290168
				
-0.607687712	-0.601611495	-0.540998936	-0.659171224	-0.625739396
				
-0.607429087	-0.610279202	-0.543156326	-0.65892148	-0.624579787
				
-0.608019233	-0.624002337	-0.547391415	-0.661399662	-0.626447201
				
-0.608903527	-0.635371506	-0.553029597	-0.665552258	-0.629634261
				
-0.607869148	-0.643988371	-0.556273341	-0.667938113	-0.631000757
				
-0.607004225	-0.646569014	-0.560829997	-0.671857536	-0.633841574
				
-0.606577575	-0.642035365	-0.55974704	-0.670565367	-0.632700562
				
-0.606707394	-0.64001292	-0.559701979	-0.671212137	-0.633442461
				
-0.607287645	-0.640923381	-0.560779989	-0.672886729	-0.635048747
				
-0.607524931	-0.639471889	-0.563369095	-0.676533639	-0.638366342
				
-0.609013617	-0.62952292	-0.560907006	-0.675529242	-0.638089776
				
-0.608720005	-0.616354704	-0.558944106	-0.674858332	-0.637155116
				
-0.608596265	-0.605290592	-0.55906868	-0.674677134	-0.637105346
				
-0.607914329	-0.601230383	-0.559587359	-0.674135029	-0.636675596
				
-0.607228935	-0.600822151	-0.558779895	-0.671868086	-0.634176135
				
-0.606598258	-0.599064112	-0.553746223	-0.666677117	-0.628832996
				
-0.605739474	-0.604017615	-0.549354911	-0.661582172	-0.623329639
				
-0.605203867	-0.603603125	-0.539957941	-0.651656747	-0.614349961
				
-0.595938683	-0.617999971	-0.539504647	-0.649286747	-0.612567246
				
-0.611218572	-0.60314101	-0.538553715	-0.642099619	-0.59947902
				
-0.609046876	-0.563688278	-0.523593247	-0.628930449	-0.584388256
				
-0.617061377	-0.512974679	-0.530682087	-0.64650476	-0.601784229
				
-0.626529038	-0.474907786	-0.535296082	-0.659399211	-0.616795778
				
-0.631036401	-0.43185091	-0.524834216	-0.657800794	-0.618940592
				
-0.632494986	-0.391990215	-0.508128762	-0.649760306	-0.614664316
				
-0.633057117	-0.372296363	-0.495099664	-0.640808403	-0.609540462
				
-0.633324981	-0.36093241	-0.480073988	-0.626090229	-0.598620772
				
-0.632725239	-0.356645107	-0.460421532	-0.604478836	-0.582291067
				
-0.630668044	-0.353990614	-0.436793208	-0.57705766	-0.560721159
				
-0.628004193	-0.354274333	-0.417342782	-0.548339009	-0.53734076
				
-0.626661718	-0.357670873	-0.408417135	-0.528292894	-0.520905256
				
-0.624857426	-0.35735172	-0.402264565	-0.511666536	-0.506181836
				
-0.622349203	-0.35252285	-0.397199214	-0.500638664	-0.495364904
				
-0.620718539	-0.348861814	-0.394641757	-0.494727015	-0.489452481
				
-0.619067192	-0.343197942	-0.391286135	-0.49006018	-0.48471272
				
-0.618485034	-0.338217378	-0.388614237	-0.487367868	-0.48200053
				
-0.618358731	-0.332965493	-0.385624647	-0.484323412	-0.478976667
				
-0.61939919	-0.331133544	-0.384314716	-0.483035862	-0.476947218
				
-0.620249867	-0.32673043	-0.381137371	-0.479404986	-0.473394245
				
-0.621162772	-0.323723972	-0.37722981	-0.47455284	-0.469512403
				
-0.621675313	-0.321164161	-0.372637272	-0.468143821	-0.464755535
				
-0.621825695	-0.321137726	-0.367340744	-0.461163193	-0.45940119
				
-0.621400297	-0.323691636	-0.363544226	-0.455756783	-0.455487788
				
-0.620180964	-0.321830869	-0.357098281	-0.447045684	-0.44846487
				
-0.619938791	-0.323084682	-0.35460794	-0.442814231	-0.445054531
				
-0.621306062	-0.318300426	-0.354273856	-0.439535171	-0.442338377
				
-0.621944785	-0.310866714	-0.361455321	-0.446138978	-0.448554337
				
-0.618968844	-0.299619913	-0.366546452	-0.453336	-0.456454515
				
-0.618926525	-0.289311379	-0.373061538	-0.462858081	-0.465431392
				
-0.62127167	-0.282791078	-0.377425343	-0.468748003	-0.471694201
				
-0.623993933	-0.273454607	-0.375640899	-0.466931522	-0.471075326
				
-0.626862288	-0.265662074	-0.373449266	-0.464446962	-0.469586313
				
-0.629270077	-0.257866204	-0.370056152	-0.46184957	-0.466757476
				
-0.63022989	-0.24811992	-0.36554867	-0.457946301	-0.462005883
				
-0.630861938	-0.242732495	-0.362523675	-0.45525381	-0.458233595
				
-0.631430626	-0.238077566	-0.359662473	-0.452208936	-0.453829706
				
-0.629726648	-0.229658782	-0.352254659	-0.443741858	-0.444808006
				
-0.628327012	-0.225280881	-0.346727669	-0.437596202	-0.437683731
				
-0.626473904	-0.219498485	-0.338816583	-0.428234726	-0.428089589
				
-0.62500447	-0.214008182	-0.329687774	-0.417179614	-0.417281628
				
-0.623541474	-0.210099399	-0.321231186	-0.406885922	-0.407392859
				
-0.622670531	-0.206859544	-0.313376248	-0.397084475	-0.398471147
				
-0.621777177	-0.20443289	-0.307188064	-0.388701439	-0.391389936
				
-0.621542156	-0.207360253	-0.30461812	-0.384329796	-0.388038516
				
-0.621514976	-0.211259276	-0.305389941	-0.384227306	-0.388337165
				
-0.62179333	-0.215710104	-0.308797032	-0.387651205	-0.39198187
				
-0.622288346	-0.222782195	-0.315383255	-0.394288659	-0.398192286
				
-0.622961342	-0.228200823	-0.321807325	-0.400669515	-0.404106438
				
-0.623569906	-0.229872718	-0.326252848	-0.40536654	-0.408368379
				
-0.62326932	-0.224414155	-0.32534039	-0.404188544	-0.40787223
				
-0.622984052	-0.220864683	-0.323187917	-0.402058601	-0.406079978
				
-0.62332654	-0.218406215	-0.321923912	-0.401646733	-0.405698299
				
-0.623180807	-0.215956777	-0.320784837	-0.401811123	-0.405504107
				
-0.62237227	-0.213809654	-0.318682522	-0.40060389	-0.404117912
				
-0.621818542	-0.212228268	-0.317018211	-0.399722099	-0.402887702
				
-0.621032953	-0.20934397	-0.314366162	-0.397042841	-0.400219709
				
-0.620593429	-0.208633065	-0.312851191	-0.395089149	-0.398131579
				
-0.62005204	-0.20811604	-0.310963869	-0.392493427	-0.395391762
				
-0.619637489	-0.206892371	-0.308162093	-0.388599128	-0.39149332
				
-0.619017959	-0.204195559	-0.304220736	-0.383654684	-0.386833131
				
-0.618866265	-0.203251511	-0.301700234	-0.381040841	-0.3843081
				
-0.61905086	-0.204410568	-0.303499103	-0.383527637	-0.386091202
				
-0.621143699	-0.223582163	-0.330266923	-0.418183148	-0.419587284
				
-0.621467531	-0.22645165	-0.338494688	-0.428025335	-0.429017514
				
-0.621484339	-0.229038507	-0.343550622	-0.433820128	-0.435419381
				
-0.621866345	-0.232097253	-0.345960855	-0.435942143	-0.437688708
				
-0.622223616	-0.233754948	-0.345671117	-0.434135675	-0.436534494
				
-0.621885538	-0.235394701	-0.344533265	-0.432396561	-0.434952259
				
-0.621765494	-0.236602172	-0.342687845	-0.430146277	-0.432790935
				
-0.622095346	-0.237585589	-0.341475338	-0.428487182	-0.431365609
				
-0.621970773	-0.238142163	-0.340162754	-0.426473558	-0.429991126
				
-0.622475803	-0.239541173	-0.33992061	-0.426238239	-0.429974854
				
-0.622249722	-0.238187328	-0.337412	-0.423566371	-0.427985072
				
-0.622919917	-0.236279398	-0.334214747	-0.419814408	-0.424917966
				
-0.624248147	-0.238731325	-0.335659742	-0.422132969	-0.426709592
				
-0.624982655	-0.246421993	-0.341233432	-0.42972976	-0.432758868
				
-0.625635624	-0.25053972	-0.344579577	-0.435014606	-0.436801195
				
-0.625877619	-0.250998259	-0.346449077	-0.438262731	-0.439527333
				
-0.626125932	-0.250646025	-0.348635823	-0.44195658	-0.44287312
				
-0.626350641	-0.249431267	-0.349017352	-0.442877531	-0.443856716
				
-0.626278162	-0.247431338	-0.348261178	-0.441472501	-0.442801833
				
-0.6257025	-0.246808097	-0.349161267	-0.44230181	-0.444402933
				
-0.626028895	-0.24819535	-0.35294348	-0.447292924	-0.449336499
				
-0.625970721	-0.246648327	-0.355045259	-0.450792491	-0.452850074
				
-0.625428796	-0.245523557	-0.356663764	-0.453164339	-0.455167651
				
-0.624382019	-0.24567771	-0.35906443	-0.455865264	-0.458483696
				
-0.623007357	-0.245866954	-0.359713197	-0.45680666	-0.45957467
				
-0.62223804	-0.246441588	-0.360126793	-0.457523197	-0.460395992
				
-0.62224561	-0.24755384	-0.360385716	-0.457814664	-0.460402608
				
-0.621602476	-0.247125745	-0.35924083	-0.45591706	-0.458696336
				
-0.618738413	-0.236976415	-0.3486799	-0.443027258	-0.44736892
				
-0.616227388	-0.225998431	-0.335260332	-0.426906347	-0.432410568
				
-0.61361146	-0.214453116	-0.321831554	-0.410645425	-0.417013586
				
-0.610990882	-0.203168914	-0.309053689	-0.394886613	-0.402088761
				
-0.608193994	-0.193799466	-0.298106074	-0.380505949	-0.388362944
				
-0.607179523	-0.190471962	-0.285425425	-0.362194359	-0.372080207
				
-0.605026603	-0.190382212	-0.28508994	-0.362720549	-0.372675151
				
-0.603797913	-0.194529474	-0.288975358	-0.368174911	-0.377672017
				
-0.602914453	-0.200558886	-0.296465039	-0.377362877	-0.385294169
				
-0.60301733	-0.20465748	-0.302413285	-0.384448528	-0.390844285
				
-0.603892922	-0.208017066	-0.308208764	-0.390782356	-0.39519611
				
-0.605747342	-0.21136263	-0.314946473	-0.397588223	-0.400125176
				
-0.60744071	-0.211955354	-0.318507373	-0.40070343	-0.401747644
				
-0.608305573	-0.207775757	-0.318054557	-0.39973256	-0.40006265
				
-0.608378887	-0.2032502	-0.316268742	-0.397608906	-0.397887886
				
-0.608141541	-0.198066935	-0.313340962	-0.394428343	-0.394935727
				
-0.607937455	-0.193746135	-0.309931219	-0.390484542	-0.391433358
				
-0.607845783	-0.190745205	-0.305778682	-0.385617405	-0.386974037
				
-0.607556939	-0.190657422	-0.303873539	-0.383376002	-0.384897441
				
-0.608186722	-0.191744059	-0.303398192	-0.383094668	-0.384611487
				
-0.607077658	-0.192199573	-0.301600128	-0.380846441	-0.383241087
				
-0.606374145	-0.190498114	-0.297738314	-0.375978678	-0.378937095
				
-0.606999218	-0.189790219	-0.295474946	-0.372915387	-0.376061231
				
-0.606945753	-0.188907892	-0.293957293	-0.371259958	-0.374733061
				
-0.607516885	-0.190812916	-0.295769811	-0.374049067	-0.377110064
				
-0.608589411	-0.193004593	-0.298507869	-0.37774536	-0.380052924
				
-0.608016253	-0.192454338	-0.299373806	-0.378873616	-0.380831093
				
-0.607269049	-0.185590118	-0.294051647	-0.371727645	-0.374127388
				
-0.607319236	-0.182756588	-0.289378494	-0.36452955	-0.368517905
				
-0.609438479	-0.18664749	-0.290081561	-0.363920152	-0.370628089
				
-0.613657832	-0.200666904	-0.301306844	-0.376489222	-0.384068877
				
-0.617090821	-0.214409649	-0.31385088	-0.390746772	-0.398416549
				
-0.62071538	-0.227106616	-0.32512182	-0.403256923	-0.410262167
				
-0.622668147	-0.235145733	-0.333654702	-0.411892235	-0.417518884
				
-0.623245358	-0.235686928	-0.336675346	-0.414149135	-0.419062793
				
-0.62297368	-0.23641409	-0.336550683	-0.413622975	-0.417269647
				
-0.623156905	-0.234855533	-0.330272675	-0.405258238	-0.409612328
				
-0.621059895	-0.226465106	-0.325564981	-0.401069939	-0.404766142
				
-0.621165156	-0.217186049	-0.319716215	-0.395865917	-0.39885658
				
-0.621534824	-0.20855622	-0.313740194	-0.391383857	-0.39439097
				
-0.621728659	-0.203338295	-0.310303181	-0.389368534	-0.392733574
				
-0.622316658	-0.20285295	-0.308734506	-0.388566226	-0.391709954
				
-0.622304797	-0.198221207	-0.304107785	-0.384224743	-0.387705684
				
-0.623161674	-0.189396039	-0.296646833	-0.376022369	-0.381443202
				
-0.627591729	-0.197048515	-0.301706076	-0.38188678	-0.389758736
				
-0.632199109	-0.233080968	-0.319143504	-0.403530121	-0.412798017
				
-0.63422209	-0.279713511	-0.342028856	-0.432601273	-0.441656411
				
-0.635851264	-0.330093503	-0.372283936	-0.471490771	-0.478379786
				
-0.638128161	-0.370226324	-0.402245343	-0.510104239	-0.512927532
				
-0.640501022	-0.401095659	-0.430517495	-0.545580745	-0.54709667
				
-0.641083479	-0.424083382	-0.44932133	-0.573222518	-0.574191749
				
-0.642764926	-0.44695878	-0.462611735	-0.595813274	-0.593587637
				
-0.644574523	-0.468098283	-0.473861963	-0.616203487	-0.607533634
				
-0.645675957	-0.480238765	-0.480211437	-0.626402617	-0.611003995
				
-0.646487355	-0.48471427	-0.482302606	-0.629903495	-0.607614517
				
-0.646101952	-0.480746746	-0.4786219	-0.625814259	-0.597779453
				
-0.644257605	-0.479719043	-0.478494048	-0.624070287	-0.590752482
				
-0.64142108	-0.479812741	-0.475766778	-0.617318034	-0.581315637
				
-0.615794301	-0.487262845	-0.448683381	-0.573253095	-0.537116826
				
-0.597008944	-0.50910604	-0.428996831	-0.538601637	-0.500572622
				
-0.585680246	-0.538511693	-0.427097321	-0.526915848	-0.484792858
				
-0.58155179	-0.561368704	-0.428547442	-0.522209287	-0.476730675
				
-0.572811007	-0.606333435	-0.435440838	-0.525521278	-0.486534774
				
-0.574120462	-0.627208471	-0.438078165	-0.527338266	-0.492160618
				
-0.570705295	-0.633772552	-0.443075418	-0.5342834	-0.502207637
				
-0.5761801	-0.620539308	-0.44436565	-0.535610735	-0.504345179
				
-0.581016123	-0.603659749	-0.448414862	-0.54042834	-0.508691788
				
-0.585248709	-0.579570293	-0.450342536	-0.543394327	-0.511533797
				
-0.587637722	-0.552764654	-0.45178172	-0.547852397	-0.51624155
				
-0.588181734	-0.528476119	-0.454299986	-0.554642677	-0.523007274
				
-0.587649226	-0.516920567	-0.466679305	-0.573155642	-0.539274096
				
-0.586624563	-0.518159807	-0.48515746	-0.598510742	-0.562119305
				
-0.584968328	-0.550392807	-0.50380969	-0.622157693	-0.58241123
				
-0.583773971	-0.606839418	-0.52146709	-0.641175449	-0.598674059
				
-0.58183229	-0.678929627	-0.542329371	-0.660836816	-0.614852786
				
-0.573067665	-0.753914177	-0.557357788	-0.677888691	-0.63139981
				
-0.566580176	-0.815412939	-0.567209721	-0.6891343	-0.642174006
				
-0.563499629	-0.848997593	-0.568333209	-0.691554129	-0.646007061
				
-0.567384362	-0.860258102	-0.570034206	-0.693869889	-0.647586107
				
-0.571325183	-0.862084806	-0.575009644	-0.700446308	-0.652432323
				
-0.574091971	-0.85858345	-0.579520226	-0.707008421	-0.657866359
				
-0.575454533	-0.858874202	-0.583337069	-0.712255895	-0.662355244
				
-0.571667731	-0.85351634	-0.588413119	-0.719239771	-0.670758605
				
-0.566302538	-0.823939383	-0.581816256	-0.714908004	-0.669347942
				
-0.561953008	-0.791146755	-0.570245266	-0.705250859	-0.663429856
				
-0.558634579	-0.776280761	-0.561934829	-0.697562695	-0.659404516
				
-0.562449098	-0.766484678	-0.54806453	-0.685064733	-0.649132192
				
-0.565867245	-0.749573171	-0.533665776	-0.67421627	-0.641488194
				
-0.567367315	-0.720770299	-0.514640868	-0.658997357	-0.630859435
				
-0.568308115	-0.690135181	-0.490762264	-0.635879993	-0.614204288
				
-0.56952548	-0.668960392	-0.475842237	-0.620626271	-0.60441637
				
-0.570437849	-0.655180991	-0.467111528	-0.61243093	-0.599717557
				
-0.571809471	-0.643666565	-0.463713467	-0.610108018	-0.59992516
				
-0.572763503	-0.631835103	-0.460002542	-0.607454658	-0.599702299
				
-0.571500659	-0.622366905	-0.457495838	-0.605697691	-0.600323379
				
-0.626302302	-0.556519866	-0.529556632	-0.676389813	-0.66064465
				
-0.646001041	-0.52366209	-0.622712791	-0.754152715	-0.727665663
				
-0.642724335	-0.519509256	-0.639869392	-0.766028404	-0.741066933
				
-0.639512539	-0.518121064	-0.649640799	-0.773266852	-0.750058413
				
-0.635564804	-0.517433703	-0.650755167	-0.773762763	-0.752261579
				
-0.632588327	-0.518804133	-0.648013532	-0.771769285	-0.751730144
				
-0.630606771	-0.515100598	-0.641760111	-0.767447114	-0.749370337
				
-0.629839897	-0.51250124	-0.635787427	-0.763708055	-0.746638775
				
-0.629734516	-0.510316014	-0.63259697	-0.762725174	-0.74557364
				
-0.629575849	-0.506565511	-0.629199386	-0.7620579	-0.745363891
				
-0.629426301	-0.503984451	-0.626211345	-0.761466861	-0.745573759
				
-0.629298508	-0.502035439	-0.625555694	-0.765013695	-0.746557355
				
-0.589828908	-0.46409592	-0.583969414	-0.7228266	-0.708081245
				
-0.601554215	-0.473786563	-0.579664171	-0.718113005	-0.707813859
				
-0.614548862	-0.483100563	-0.586594224	-0.723352671	-0.71013844
				
-0.624336898	-0.489045084	-0.595461547	-0.729936719	-0.712809026
				
-0.630296946	-0.493633628	-0.603690803	-0.735391855	-0.715917349
				
-0.633330405	-0.496349394	-0.610124826	-0.739553213	-0.718306124
				
-0.634445012	-0.498194844	-0.612786829	-0.740401566	-0.718770087
				
-0.634575188	-0.499000937	-0.613483548	-0.739633381	-0.717800081
				
-0.634416044	-0.497378081	-0.612563312	-0.737212002	-0.715059578
				
-0.634902894	-0.489519298	-0.607769966	-0.732017517	-0.711729288
				
-0.635591865	-0.485890865	-0.604998887	-0.729422569	-0.710695326
				
-0.636374593	-0.480265349	-0.600439847	-0.725299597	-0.708215833
				
-0.636914194	-0.474164963	-0.596258521	-0.721350908	-0.706558049
				
-0.636916876	-0.469548851	-0.59143275	-0.716467083	-0.703979015
				
-0.636543572	-0.464324474	-0.586936057	-0.711367667	-0.700929821
				
-0.635755837	-0.460006058	-0.581666589	-0.706231833	-0.697985888
				
-0.635161877	-0.456111133	-0.578046262	-0.702797771	-0.69609648
				
-0.634604871	-0.45278722	-0.575232089	-0.700237274	-0.694910645
				
-0.633369207	-0.447944701	-0.570312619	-0.696551502	-0.692428589
				
-0.631601691	-0.44148016	-0.564162433	-0.692227364	-0.689575255
				
-0.629873633	-0.437273264	-0.559821963	-0.689804554	-0.688346267
				
-0.628508985	-0.433170885	-0.557390273	-0.688687623	-0.687530458
				
-0.627021074	-0.429046512	-0.557854176	-0.689794302	-0.687689066
				
-0.625596762	-0.424761891	-0.561157405	-0.693666637	-0.689549029
				
-0.625036597	-0.421794474	-0.563959658	-0.695677221	-0.688536465
				
-0.624540806	-0.419947743	-0.566748321	-0.697272778	-0.687132895
				
-0.623439908	-0.418970674	-0.569915771	-0.69945091	-0.68566978
				
-0.621929765	-0.420968175	-0.571422815	-0.699456096	-0.683393002
				
-0.620806575	-0.424821585	-0.577830911	-0.704610229	-0.685737908
				
-0.618965864	-0.428435415	-0.584507048	-0.710295975	-0.688581824
				
-0.61694324	-0.430571765	-0.58882165	-0.713534772	-0.689488411
				
-0.614565134	-0.439799905	-0.597642601	-0.721359015	-0.695584655
				
-0.612447321	-0.450651884	-0.606205583	-0.728109181	-0.702371418
				
-0.610367656	-0.462702006	-0.6163553	-0.73672837	-0.710473478
				
-0.608736277	-0.472596228	-0.624352157	-0.743447006	-0.715850174
				
-0.606742084	-0.478435516	-0.631741285	-0.749299526	-0.719680548
				
-0.605438471	-0.482174009	-0.635438442	-0.751202762	-0.720468938
				
-0.604395986	-0.486568421	-0.638972104	-0.753703594	-0.721640289
				
-0.603397906	-0.488770157	-0.640954435	-0.754484057	-0.721436322
				
-0.60314399	-0.490624875	-0.641084611	-0.754328489	-0.721379757
				
-0.602470517	-0.492005557	-0.639626145	-0.75363183	-0.72045821
				
-0.602186918	-0.49222365	-0.636945605	-0.751820982	-0.718942463
				
-0.601821959	-0.489217967	-0.632585585	-0.747851431	-0.714961529
				
-0.60216713	-0.487196565	-0.629012108	-0.744002581	-0.711454391
				
-0.602028072	-0.484210134	-0.627701759	-0.742372334	-0.709723592
				
-0.601097763	-0.475974917	-0.622808635	-0.736451745	-0.703498781
				
-0.600220144	-0.450576335	-0.607426941	-0.720134377	-0.687974691
				
-0.598105609	-0.427887857	-0.593599617	-0.705234051	-0.673191071
				
-0.596791506	-0.412356317	-0.585553408	-0.695834339	-0.664001286
				
-0.596202374	-0.406790078	-0.583160818	-0.691769779	-0.659623265
				
-0.595199645	-0.405831039	-0.584860325	-0.692489624	-0.658839941
				
-0.591109633	-0.406707317	-0.586394191	-0.692668676	-0.656599522
				
-0.589662731	-0.39880237	-0.579492509	-0.681408465	-0.644388318
				
-0.590212166	-0.391507447	-0.575460672	-0.673102021	-0.635724545
				
-0.591541588	-0.387437284	-0.574840903	-0.670100152	-0.631704867
				
-0.592540741	-0.386205703	-0.575752378	-0.669747531	-0.630509257
				
-0.592955351	-0.38120684	-0.573534906	-0.667143106	-0.627034426
				
-0.593120098	-0.374732167	-0.568814218	-0.662207067	-0.622604609
				
-0.592977524	-0.369896919	-0.564250112	-0.65750742	-0.618682981
				
-0.593567073	-0.365899831	-0.560018837	-0.653226793	-0.615860522
				
-0.593364537	-0.359432638	-0.553021014	-0.645501852	-0.610029936
				
-0.592737079	-0.355941534	-0.549427509	-0.64146626	-0.607545555
				
-0.591736495	-0.353667408	-0.547105432	-0.639135718	-0.606366038
				
-0.590306103	-0.346934259	-0.541003585	-0.63308835	-0.601356149
				
-0.589556217	-0.340615213	-0.536041141	-0.62776047	-0.597306252
				
-0.588635623	-0.333438635	-0.5306077	-0.622246861	-0.592793107
				
-0.588321149	-0.329100877	-0.527953982	-0.619740903	-0.590780258
				
-0.588186324	-0.324188411	-0.524927914	-0.616724312	-0.588241577
				
-0.587424099	-0.322767317	-0.524260581	-0.616127312	-0.587440073
				
-0.58597064	-0.324404061	-0.528226018	-0.62102145	-0.591678202
				
-0.583650231	-0.324633032	-0.533393562	-0.628016412	-0.598070741
				
-0.580596805	-0.317846984	-0.532529771	-0.628256738	-0.598417222
				
-0.577161789	-0.308780849	-0.527723193	-0.62454468	-0.594819188
				
-0.573943257	-0.289438963	-0.510225773	-0.605714202	-0.579153299
				
-0.57269299	-0.268678814	-0.490118861	-0.582903385	-0.560568929
				
-0.571528554	-0.255200267	-0.475019217	-0.565643549	-0.546158731
				
-0.571752191	-0.247227803	-0.457863361	-0.547092736	-0.528304517
				
-0.569303155	-0.23454918	-0.43998149	-0.526685953	-0.509321094
				
-0.568987131	-0.229942262	-0.425132573	-0.509009182	-0.491466194
				
-0.570093155	-0.234482497	-0.419802755	-0.501520813	-0.483382761
				
-0.571561813	-0.239141583	-0.416461408	-0.496096551	-0.477365464
				
-0.573551774	-0.242991701	-0.416376829	-0.494380832	-0.475599825
				
-0.57509166	-0.245206505	-0.416505784	-0.493883908	-0.475541562
				
-0.576667786	-0.240983531	-0.409810543	-0.486273289	-0.469504088
				
-0.57800293	-0.233043253	-0.400449902	-0.475277424	-0.461124897
				
-0.578469694	-0.223285615	-0.38980937	-0.463003397	-0.451432705
				
-0.577252388	-0.21457696	-0.381282389	-0.45374167	-0.443995863
				
-0.575781167	-0.209447548	-0.376618534	-0.449298501	-0.440546006
				
-0.575181603	-0.205327883	-0.373510599	-0.446578473	-0.437990367
				
-0.575065672	-0.205279157	-0.374112159	-0.447634548	-0.438348413
				
-0.575085402	-0.210088119	-0.379292011	-0.453789145	-0.443082005
				
-0.576367736	-0.219018191	-0.387241542	-0.462615401	-0.450180173
				
-0.576265574	-0.227631196	-0.392305374	-0.468522817	-0.454138517
				
-0.57593298	-0.232422099	-0.391898841	-0.468311071	-0.452974319
				
-0.576255202	-0.235994175	-0.390789747	-0.467058241	-0.451665819
				
-0.576489389	-0.238378286	-0.389741033	-0.466182351	-0.450845927
				
-0.576595008	-0.242815152	-0.387331009	-0.466779321	-0.451121569
				
-0.577244699	-0.239649802	-0.382875204	-0.461865485	-0.447320074
				
-0.577073455	-0.23073484	-0.375267625	-0.45355016	-0.440847874
				
-0.577704132	-0.224383682	-0.369382173	-0.446590006	-0.435832977
				
-0.579074264	-0.219778061	-0.365501136	-0.441695154	-0.432110757
				
-0.580158114	-0.215487346	-0.361956567	-0.437431812	-0.428667396
				
-0.580040812	-0.212258741	-0.359280556	-0.434316576	-0.426340163
				
-0.581032395	-0.209611744	-0.357609451	-0.432245493	-0.425119758
				
-0.582487643	-0.210218102	-0.358305931	-0.432454526	-0.425192893
				
-0.582874894	-0.211295396	-0.358129501	-0.431848526	-0.424086988
				
-0.584472895	-0.21472384	-0.359267205	-0.432106555	-0.423655957
				
-0.585899949	-0.219146371	-0.361046404	-0.433260918	-0.424600542
				
-0.586449623	-0.220624879	-0.360372365	-0.432162642	-0.423806727
				
-0.587099493	-0.218160778	-0.357429683	-0.428772569	-0.421711683
				
-0.588078082	-0.213945374	-0.353629112	-0.424601793	-0.419246316
				
-0.588809133	-0.213786587	-0.354005188	-0.425513595	-0.420842379
				
-0.58951354	-0.215860933	-0.357275188	-0.430463254	-0.425893694
				
-0.582940459	-0.225061163	-0.367595732	-0.447058797	-0.441581309
				
-0.585255384	-0.224885747	-0.368950665	-0.452392399	-0.446825385
				
-0.587667108	-0.222481698	-0.369710892	-0.455230653	-0.449284494
				
-0.589569449	-0.22317557	-0.372272074	-0.459551007	-0.45302844
				
-0.590335786	-0.225696936	-0.375649512	-0.464923322	-0.458214223
				
-0.59082222	-0.225525007	-0.37660569	-0.46734935	-0.460508794
				
-0.591173172	-0.225111619	-0.376096129	-0.467625201	-0.460792422
				
-0.591380596	-0.22545962	-0.375761151	-0.467648208	-0.460954964
				
-0.592058599	-0.225537509	-0.375184357	-0.467409492	-0.460758924
				
-0.592584848	-0.22443071	-0.374493629	-0.467108041	-0.460563928
				
-0.593210757	-0.225641638	-0.375987232	-0.46940279	-0.46283561
				
-0.593695283	-0.22761932	-0.378086329	-0.472767591	-0.46646148
				
-0.593851209	-0.230051696	-0.381256133	-0.477711916	-0.471403539
				
-0.594329357	-0.234256923	-0.384427011	-0.482307315	-0.476437807
				
-0.595736861	-0.239699006	-0.388444602	-0.487498283	-0.481533587
				
-0.596914053	-0.245993987	-0.393430591	-0.493303478	-0.487337708
				
-0.598353624	-0.254308909	-0.399073869	-0.49977085	-0.493028045
				
-0.599996448	-0.26005888	-0.404009819	-0.505652368	-0.49916327
				
-0.601224601	-0.270581663	-0.412473917	-0.514909744	-0.50879705
				
-0.604022145	-0.27901715	-0.420879126	-0.524700284	-0.519525051
				
-0.608187795	-0.297716558	-0.436424315	-0.54254663	-0.539011836
				
-0.610655129	-0.315768182	-0.452423066	-0.560056388	-0.556675136
				
-0.611912489	-0.328763872	-0.463268459	-0.571539521	-0.56763202
				
-0.612750292	-0.337392658	-0.470046461	-0.578330874	-0.573803902
				
-0.613432646	-0.343312263	-0.475056142	-0.583300591	-0.578266859
				
-0.613495529	-0.348032355	-0.479348898	-0.587175369	-0.581575871
				
-0.615175366	-0.348570704	-0.4779374	-0.584029555	-0.578956127
				
-0.61682415	-0.351667464	-0.478020191	-0.582792282	-0.578522146
				
-0.618461311	-0.353939354	-0.473624587	-0.577009261	-0.573916018
				
-0.620714426	-0.356257975	-0.468357682	-0.570317745	-0.569513679
				
-0.62345767	-0.360808194	-0.465527385	-0.567163229	-0.568852782
				
-0.624535978	-0.374124289	-0.460275531	-0.561726868	-0.568082929
				
-0.627648473	-0.407727778	-0.466712147	-0.571487725	-0.581444025
				
-0.631967664	-0.441861659	-0.479659617	-0.591310263	-0.599651396
				
-0.637215197	-0.467915654	-0.49548912	-0.619298875	-0.623994648
				
-0.612922013	-0.475228816	-0.486750901	-0.61730212	-0.601247072
				
-0.593463838	-0.511708856	-0.487018645	-0.621944904	-0.589993775
				
-0.582661092	-0.572212577	-0.495092809	-0.635645688	-0.597977698
				
-0.57737422	-0.623385072	-0.519620478	-0.653587699	-0.607461393
				
-0.573111415	-0.646258235	-0.526095927	-0.651870728	-0.60319221
				
-0.569213927	-0.646792769	-0.500094295	-0.62109983	-0.578444421
				
-0.558950126	-0.663914025	-0.49265793	-0.608385086	-0.570287287
				
-0.559426904	-0.688207507	-0.484204322	-0.597925186	-0.562098861
				
-0.56044358	-0.713413894	-0.479185194	-0.591129959	-0.556637704
				
-0.561732233	-0.728793025	-0.478561342	-0.590017617	-0.555796504
				
-0.563371539	-0.733848453	-0.481557786	-0.593604445	-0.559352517
				
-0.565360606	-0.73138541	-0.489535689	-0.601290107	-0.566303015
				
-0.567861319	-0.727610648	-0.497581184	-0.608980358	-0.573015451
				
-0.569357753	-0.722947359	-0.504188299	-0.616565585	-0.579637825
				
-0.570460498	-0.718944967	-0.508935213	-0.622159243	-0.584237278
				
-0.57137537	-0.725123167	-0.512163997	-0.624456346	-0.585581779
				
-0.563761234	-0.751102746	-0.518365741	-0.630004227	-0.591582179
				
-0.565153778	-0.76451093	-0.518377185	-0.629864573	-0.590961576
				
-0.565652668	-0.776042223	-0.517138541	-0.628183722	-0.58880806
				
-0.566310167	-0.786128461	-0.516650558	-0.626610577	-0.586953223
				
-0.567929745	-0.795732319	-0.519825101	-0.628731847	-0.588075578
				
-0.568587244	-0.807142556	-0.524651051	-0.634394407	-0.592504799
				
-0.569424868	-0.813766122	-0.532557368	-0.644455731	-0.600948453
				
-0.572366655	-0.837952733	-0.550997317	-0.669899225	-0.625479698
				
-0.570392787	-0.868961036	-0.564945102	-0.69111371	-0.646241605
				
-0.567216456	-0.903726518	-0.575527132	-0.707983136	-0.662896931
				
-0.565201283	-0.928691685	-0.585995734	-0.72176671	-0.675650895
				
-0.563980043	-0.94261241	-0.595523655	-0.733064711	-0.68613261
				
-0.562831223	-0.944301665	-0.602062464	-0.74090296	-0.693720937
				
-0.562026441	-0.942832291	-0.606063485	-0.74585402	-0.69884634
				
-0.562301099	-0.940024555	-0.606719017	-0.747397721	-0.70116508
				
-0.562133551	-0.934162796	-0.607580662	-0.748699546	-0.7030195
				
-0.561187327	-0.931983948	-0.606600821	-0.748564243	-0.703371584
				
-0.559815526	-0.9313519	-0.605066538	-0.74776119	-0.703780711
				
-0.557578206	-0.930497706	-0.601700664	-0.746076703	-0.703854799
				
-0.555944741	-0.926993906	-0.595821977	-0.743337631	-0.703293562
				
-0.555373669	-0.91324228	-0.58685416	-0.739291906	-0.701212168
				
-0.555206954	-0.897491872	-0.574585319	-0.732771993	-0.69621706
				
-0.555185974	-0.890205562	-0.564025998	-0.725898743	-0.690772414
				
-0.555632532	-0.892128706	-0.557977974	-0.721378982	-0.686582506
				
-0.556116879	-0.894200742	-0.55621922	-0.720335484	-0.685138524
				
-0.556247234	-0.895677567	-0.556766629	-0.719655156	-0.683595359
				
-0.554927647	-0.893553197	-0.557207644	-0.717234671	-0.679705918
				
-0.552688658	-0.891120553	-0.558327377	-0.71519655	-0.676198781
				
-0.551008999	-0.890186369	-0.558742523	-0.713052034	-0.6727615
				
-0.550137341	-0.893003404	-0.55763495	-0.710002363	-0.669218063
				
-0.549045742	-0.896360755	-0.554731727	-0.706014335	-0.66540432
				
-0.547925055	-0.899241209	-0.55512929	-0.705815315	-0.665564895
				
-0.547325194	-0.900707662	-0.556868434	-0.706989348	-0.666844666
				
-0.547208011	-0.902341962	-0.55714041	-0.707249522	-0.667625964
				
-0.546802044	-0.903571844	-0.555933058	-0.706675112	-0.668001294
				
-0.547037244	-0.907291651	-0.553120732	-0.704112887	-0.666773379
				
-0.547710001	-0.913492501	-0.55071342	-0.702057481	-0.665805578
				
-0.544912934	-0.912653685	-0.549617052	-0.703524709	-0.669179022
				
-0.545994937	-0.899036586	-0.549736321	-0.705520391	-0.670862377
				
-0.547672331	-0.890016973	-0.554013371	-0.710921526	-0.674802721
				
-0.549376786	-0.872560382	-0.562604606	-0.720660985	-0.682105362
				
-0.55075264	-0.85168612	-0.568434894	-0.726525128	-0.685623765
				
-0.546337485	-0.837382257	-0.573728502	-0.731533587	-0.690293312
				
-0.54914248	-0.823592424	-0.571844757	-0.729053319	-0.687859476
				
-0.552477539	-0.816101074	-0.57119137	-0.727202177	-0.685989261
				
-0.554423571	-0.802912056	-0.566145718	-0.722841978	-0.682302713
				
-0.555613935	-0.793505073	-0.560915589	-0.718318284	-0.678133786
				
-0.55733943	-0.790938675	-0.556233048	-0.712773383	-0.673455119
				
-0.558262587	-0.79249841	-0.55007869	-0.70628196	-0.668295383
				
-0.559161961	-0.795363128	-0.545222998	-0.700225055	-0.662613869
				
-0.55960691	-0.80291909	-0.540348768	-0.692917764	-0.656046271
				
-0.559704721	-0.813795745	-0.533535779	-0.682483315	-0.646707177
				
-0.56016314	-0.827104568	-0.52977705	-0.673316002	-0.637808084
				
-0.560397565	-0.838452995	-0.525574684	-0.662934244	-0.627623677
				
-0.560616136	-0.850064993	-0.523396492	-0.654140294	-0.619128525
				
-0.561204255	-0.859152079	-0.521756768	-0.6474213	-0.613142133
				
-0.555451155	-0.872764468	-0.523141503	-0.644990802	-0.612749457
				
-0.557764113	-0.8733899	-0.521683991	-0.640811503	-0.609052062
				
-0.559808731	-0.866620243	-0.518548906	-0.635336459	-0.603921592
				
-0.56198734	-0.852989078	-0.518921912	-0.6320889	-0.600436866
				
-0.563779235	-0.834300101	-0.521430135	-0.631042182	-0.598056197
				
-0.565387309	-0.809626758	-0.521445632	-0.629680991	-0.594971836
				
-0.566561759	-0.779537857	-0.521133482	-0.631078959	-0.594764769
				
-0.568059802	-0.739966094	-0.519292116	-0.632237554	-0.594907999
				
-0.569907606	-0.702780724	-0.515301526	-0.630478024	-0.592291474
				
-0.611270368	-0.63544184	-0.548839331	-0.661658525	-0.615373671
				
-0.640373826	-0.588974297	-0.583676398	-0.698501706	-0.644136071
				
-0.657321334	-0.565703034	-0.610272169	-0.725494623	-0.666452944
				
-0.66582644	-0.558084011	-0.629460692	-0.744735837	-0.682520986
				
-0.668804765	-0.556815267	-0.639969409	-0.755675495	-0.692181647
				
-0.66344732	-0.570490241	-0.651304841	-0.765756249	-0.702580571
				
-0.662482679	-0.571663618	-0.651607513	-0.766570568	-0.703972816
				
-0.661269188	-0.572622895	-0.650150657	-0.766479313	-0.705243945
				
-0.659794688	-0.56562674	-0.645255327	-0.763368964	-0.704547107
				
-0.660331845	-0.559930682	-0.638734043	-0.757829368	-0.700687826
				
-0.660765886	-0.55617547	-0.638370812	-0.758141935	-0.702356458
				
-0.660645902	-0.552874744	-0.64223206	-0.761784017	-0.706983924
				
-0.660901546	-0.547750056	-0.64476788	-0.764836013	-0.711180329
				
-0.661340237	-0.538360834	-0.642112851	-0.762916923	-0.710154474
				
-0.661102951	-0.528335869	-0.638120294	-0.759986222	-0.70902288
				
-0.646962523	-0.504299164	-0.624271572	-0.751178622	-0.699412107
				
-0.635269642	-0.484393179	-0.600680232	-0.738139033	-0.686652422
				
-0.627168238	-0.467757076	-0.576284647	-0.721806347	-0.672142446
				
-0.581746578	-0.462443799	-0.529534638	-0.682172477	-0.638966203
				
-0.565228522	-0.442541152	-0.488259733	-0.643328726	-0.606419981
				
-0.557326674	-0.423345804	-0.453448147	-0.607945144	-0.577693641
				
-0.556025863	-0.415274203	-0.43659699	-0.591134191	-0.566185355
				
-0.557973683	-0.418324918	-0.433074653	-0.588725269	-0.566933572
				
-0.561622083	-0.426718175	-0.431946367	-0.586864293	-0.5669415
				
-0.565963745	-0.436234027	-0.434100032	-0.587685823	-0.569693148
				
-0.569695711	-0.442650706	-0.434814751	-0.587161243	-0.570285082
				
-0.573510885	-0.446470916	-0.437829643	-0.588570714	-0.572569966
				
-0.576684117	-0.448668361	-0.438979298	-0.587718606	-0.571613312
				
-0.579054117	-0.449477255	-0.438407153	-0.585329771	-0.568705559
				
-0.581378341	-0.45254007	-0.440041959	-0.584080338	-0.566944957
				
-0.58302027	-0.455999911	-0.440055549	-0.580737472	-0.563880324
				
-0.584173262	-0.457361311	-0.435438991	-0.571551681	-0.556373119
				
-0.584713578	-0.460024476	-0.430678725	-0.561259031	-0.548162103
				
-0.600845456	-0.471427202	-0.451216429	-0.570893764	-0.557274103
				
-0.612247944	-0.468580484	-0.463597775	-0.577153206	-0.563458443
				
-0.618869245	-0.458176434	-0.467624962	-0.577231109	-0.565238237
				
-0.622291505	-0.449059755	-0.469292313	-0.576422572	-0.5675506
				
-0.623135328	-0.435894638	-0.466402113	-0.571788967	-0.566207349
				
-0.623314261	-0.428662211	-0.46690619	-0.571777344	-0.568653345
				
-0.623255193	-0.424509853	-0.469459713	-0.574127674	-0.572189808
				
-0.622825444	-0.421497643	-0.472222209	-0.577040911	-0.575774431
				
-0.621932149	-0.417956263	-0.473116696	-0.578568935	-0.577885389
				
-0.618832469	-0.429294348	-0.483134389	-0.587387502	-0.585420609
				
-0.618226886	-0.425801367	-0.479875982	-0.583722413	-0.583253622
				
-0.614884973	-0.432758987	-0.482799441	-0.585586429	-0.584454596
				
-0.615001917	-0.430236161	-0.477870256	-0.580549121	-0.58020103
				
-0.612622738	-0.43646726	-0.481580406	-0.582894504	-0.581703544
				
-0.613823295	-0.431783289	-0.477249831	-0.578909397	-0.578283608
				
-0.61511457	-0.425024569	-0.472522795	-0.575332165	-0.575491786
				
-0.616136193	-0.4208377	-0.468000948	-0.571528554	-0.572018027
				
-0.61711055	-0.417994708	-0.463515729	-0.567033172	-0.568230987
				
-0.617801189	-0.417010665	-0.46067822	-0.56430006	-0.566062629
				
-0.61802876	-0.417102724	-0.459811002	-0.563170373	-0.56533432
				
-0.618104458	-0.416669995	-0.459943116	-0.562798619	-0.565431297
				
-0.617644727	-0.413683116	-0.458432347	-0.560364127	-0.563656449
				
-0.617239416	-0.411894858	-0.458455592	-0.559733629	-0.563105226
				
-0.616601348	-0.409326553	-0.457607567	-0.558267832	-0.561910987
				
-0.615883112	-0.405192316	-0.4553141	-0.555532813	-0.559234858
				
-0.612244427	-0.410473794	-0.460937023	-0.559138	-0.561190724
				
-0.612334728	-0.406098843	-0.459033668	-0.556645036	-0.558596134
				
-0.612658024	-0.401408255	-0.456235647	-0.553503871	-0.555539489
				
-0.612857401	-0.396386206	-0.452881306	-0.55045706	-0.552471042
				
-0.613020599	-0.391895473	-0.44871819	-0.546546936	-0.548063874
				
-0.612452984	-0.38697809	-0.444149971	-0.542270541	-0.543315768
				
-0.611846507	-0.381511688	-0.441865653	-0.539126039	-0.5398072
				
-0.610515952	-0.373156667	-0.43865481	-0.534864604	-0.535964191
				
-0.6106987	-0.364034772	-0.437274992	-0.532964468	-0.535137117
				
-0.609776914	-0.350295842	-0.434382737	-0.529997468	-0.53278774
				
-0.611384213	-0.331371486	-0.423211455	-0.51871866	-0.522586703
				
-0.610721827	-0.315598547	-0.415816069	-0.511344552	-0.51600945
				
-0.608432353	-0.297795475	-0.406686544	-0.500785172	-0.506879687
				
-0.60445106	-0.276878834	-0.396196783	-0.488465995	-0.495082974
				
-0.599273086	-0.25170368	-0.384869158	-0.477286518	-0.482748508
				
-0.595113158	-0.232745051	-0.375428617	-0.467883825	-0.470699131
				
-0.590335965	-0.194488481	-0.352840006	-0.44450593	-0.445946038
				
-0.587541282	-0.160145968	-0.330483228	-0.41933465	-0.421875775
				
-0.589336038	-0.139001697	-0.313732147	-0.399511695	-0.404680669
				
-0.592904925	-0.131398708	-0.303488821	-0.386922389	-0.394493371
				
-0.597940922	-0.132035419	-0.297599852	-0.379713416	-0.388848573
				
-0.603492022	-0.143188834	-0.296774983	-0.378806591	-0.388266057
				
-0.60640955	-0.153388396	-0.296085894	-0.378828317	-0.38813889
				
-0.607235551	-0.163672403	-0.29712677	-0.38185817	-0.389963031
				
-0.603842735	-0.165865183	-0.294464052	-0.381433874	-0.388809055
				
-0.599466443	-0.159736395	-0.290778399	-0.377913684	-0.385524988
				
-0.59444809	-0.146729752	-0.285033941	-0.37008068	-0.379193664
				
-0.589478076	-0.138828695	-0.279051572	-0.361306459	-0.371325701
				
-0.583477795	-0.129282609	-0.272357047	-0.351068795	-0.362159491
				
-0.577342153	-0.114918515	-0.25702405	-0.330964863	-0.343408823
				
-0.566561222	-0.0989604	-0.240669668	-0.309453815	-0.322744936
				
-0.560840964	-0.100533649	-0.232763231	-0.300197542	-0.31299147
				
-0.558220625	-0.092374325	-0.226722866	-0.29551962	-0.308336854
				
-0.557783365	-0.084714994	-0.223267943	-0.294124305	-0.307211488
				
-0.548692882	-0.084498614	-0.17277801	-0.259885758	-0.266810119
				
-0.54407078	-0.094655991	-0.127846509	-0.212536603	-0.226452351
				
-0.54269588	-0.11253728	-0.10148862	-0.178534925	-0.201452017
				
-0.54469806	-0.129412249	-0.092636913	-0.162454993	-0.191501379
				
-0.544028282	-0.149760857	-0.09657222	-0.161564112	-0.196981221
				
-0.546722054	-0.150259718	-0.100970924	-0.162162334	-0.200410992
				
-0.553529441	-0.139632955	-0.183386654	-0.260852903	-0.28253448
				
-0.558526397	-0.13989751	-0.238668472	-0.318992019	-0.336603701
				
-0.56481111	-0.129962847	-0.269212484	-0.349128455	-0.365713954
				
-0.570116699	-0.126439571	-0.28824535	-0.369238645	-0.385794312
				
-0.574036598	-0.128531173	-0.301622272	-0.384744257	-0.401319087
				
-0.576246023	-0.129320785	-0.305915922	-0.389370412	-0.406592548
				
-0.577272415	-0.128715083	-0.303464741	-0.386821866	-0.40508604
				
-0.577709794	-0.125977919	-0.297783911	-0.380908459	-0.400184989
				
-0.57728523	-0.123019785	-0.291547209	-0.374929667	-0.394874007
				
-0.576974988	-0.117456019	-0.283561647	-0.366846651	-0.387453556
				
-0.576706171	-0.112204179	-0.276243418	-0.359249622	-0.380235672
				
-0.576357543	-0.108721271	-0.270969808	-0.353679538	-0.374710351
				
-0.575568378	-0.106109813	-0.26700592	-0.349274248	-0.370321512
				
-0.575275302	-0.104997218	-0.264340341	-0.346167117	-0.36724928
				
-0.582314074	-0.094203815	-0.247256011	-0.326974034	-0.347332478
				
-0.581822813	-0.098675877	-0.234513372	-0.303213298	-0.331289858
				
-0.582901418	-0.087309435	-0.218300581	-0.279750705	-0.3124533
				
-0.583541274	-0.074780196	-0.210578382	-0.265399516	-0.302180201
				
-0.582219005	-0.05307886	-0.200389147	-0.251386464	-0.288176894
				
-0.582776725	-0.030642867	-0.199402779	-0.245527655	-0.282608539
				
-0.5848369	-0.014456928	-0.20131135	-0.244087398	-0.281337827
				
-0.584477723	-0.003997326	-0.204364926	-0.243881881	-0.282981217
				
-0.583250582	0.007876068	-0.210372537	-0.245252401	-0.287293822
				
-0.579534471	0.009726226	-0.219687462	-0.249880344	-0.296413094
				
-0.579141736	0.018297046	-0.220768869	-0.250759602	-0.297864407
				
-0.580109715	0.027747989	-0.221013367	-0.251026034	-0.299096674
				
-0.580143571	0.029082596	-0.222514242	-0.250697225	-0.299401253
				
-0.579985619	0.036037683	-0.218881577	-0.245868832	-0.295426875
				
-0.577306509	0.036121845	-0.216844946	-0.241423219	-0.292773217
				
-0.574445605	0.045259833	-0.217681646	-0.240557164	-0.294350356
				
-0.571350515	0.046420932	-0.214725971	-0.236437261	-0.290977269
				
-0.570143461	0.044921041	-0.216652662	-0.236885667	-0.292689294
				
-0.569898307	0.040284097	-0.220813751	-0.240196377	-0.296950608
				
-0.570783317	0.038708076	-0.225262552	-0.245051593	-0.302458704
				
-0.572334528	0.040691167	-0.226448536	-0.247274131	-0.304648697
				
-0.574332595	0.041889429	-0.216564208	-0.238761693	-0.296394765
				
-0.572605133	0.035714	-0.204976857	-0.227173626	-0.281004727
				
-0.571107626	0.034511417	-0.198854983	-0.219225675	-0.271656483
				
-0.569208741	0.03198415	-0.19340241	-0.21178019	-0.264226049
				
-0.569483697	0.018969297	-0.196983039	-0.21247831	-0.268547565
				
-0.563990176	0.004328102	-0.20963487	-0.225471824	-0.287941545
				
-0.562532067	0.003256172	-0.219973922	-0.23792851	-0.302331865
				
-0.560074925	0.001615524	-0.229760557	-0.25129047	-0.316020459
				
-0.558051527	0.006052643	-0.237079769	-0.262145102	-0.326807529
				
-0.557784617	0.012616962	-0.237640411	-0.268515319	-0.332763076
				
-0.560383201	0.005156159	-0.240165561	-0.275137544	-0.338719398
				
-0.564469934	-0.004274487	-0.248274326	-0.286161512	-0.348130882
				
-0.570489705	-0.021812826	-0.26880604	-0.309704095	-0.366874963
				
-0.574225307	-0.036691427	-0.287151277	-0.330703288	-0.383084834
				
-0.574031115	-0.045881271	-0.292419046	-0.337385803	-0.386701137
				
-0.57134372	-0.056273311	-0.28449443	-0.329281747	-0.378926456
				
-0.568931699	-0.053577363	-0.280533165	-0.323231995	-0.374527872
				
-0.567206621	-0.052971005	-0.281068534	-0.321554005	-0.372354001
				
-0.567105174	-0.054089457	-0.280347079	-0.3199839	-0.370658726
				
-0.567026556	-0.054275751	-0.283391595	-0.32282716	-0.373711288
				
-0.562569976	-0.063147515	-0.288390666	-0.328951031	-0.382257313
				
-0.560634136	-0.064371407	-0.284781158	-0.326739818	-0.377630293
				
-0.563432217	-0.062844604	-0.280690521	-0.322682887	-0.371260762
				
-0.56589669	-0.062748045	-0.279092789	-0.320957631	-0.368945926
				
-0.566830933	-0.067222267	-0.275554985	-0.318236947	-0.366466731
				
-0.557631552	-0.091183543	-0.264660507	-0.306751341	-0.360630244
				
-0.548900127	-0.110741705	-0.256011963	-0.302460164	-0.362974614
				
-0.538567841	-0.106648907	-0.244511545	-0.296077818	-0.363436401
				
-0.530688167	-0.103680074	-0.233456761	-0.287750959	-0.35594511
				
-0.525834739	-0.105928212	-0.222932428	-0.27846697	-0.343476236
				
-0.526788652	-0.110057369	-0.220672637	-0.276931524	-0.336990923
				
-0.530626357	-0.115586385	-0.221613914	-0.278375	-0.333358675
				
-0.536320686	-0.124971166	-0.220866352	-0.275767535	-0.326486617
				
-0.543201208	-0.138520464	-0.219098002	-0.271620899	-0.31983909
				
-0.555357039	-0.14682363	-0.221417248	-0.270353019	-0.3177495
				
-0.567624331	-0.135841951	-0.224546432	-0.269992739	-0.317202896
				
-0.579050064	-0.095397875	-0.230494827	-0.273282528	-0.321615845
				
-0.586342931	-0.053902358	-0.233192831	-0.2738491	-0.323200732
				
-0.589625478	-0.024054527	-0.232862294	-0.270280689	-0.322172076
				
-0.590374589	0.006281346	-0.230304837	-0.264482617	-0.32016477
				
-0.590054572	0.020772964	-0.228713691	-0.261721224	-0.318069547
				
-0.587958872	0.014636993	-0.224639773	-0.256488115	-0.311504483
				
-0.587357938	0.008803636	-0.229758859	-0.261755675	-0.315627664
				
-0.589213312	0.009275258	-0.222177267	-0.25667125	-0.307057977
				
-0.593540847	0.012955368	-0.215085328	-0.252484858	-0.298261881
				
-0.599361777	0.018456548	-0.212381721	-0.254436284	-0.297325492
				
-0.601698101	0.034361884	-0.204709083	-0.25270614	-0.290690988
				
-0.603296101	0.040575296	-0.196078897	-0.249802202	-0.282649428
				
-0.605746508	0.004478365	-0.199112624	-0.256876737	-0.289422989
				
-0.606871843	-0.050281286	-0.208509952	-0.267647415	-0.301615328
				
-0.601005793	-0.101010174	-0.245421618	-0.330880076	-0.352409989
				
-0.597339213	-0.139834166	-0.271503001	-0.363695592	-0.383039743
				
-0.593264103	-0.161376074	-0.280444175	-0.37153092	-0.391815126
				
-0.590527058	-0.174222574	-0.285241365	-0.374298722	-0.396716475
				
-0.592937946	-0.180405721	-0.285302728	-0.37280038	-0.397433579
				
-0.595123053	-0.181088358	-0.279085249	-0.364447683	-0.390454292
				
-0.594456613	-0.182860315	-0.276022047	-0.361666024	-0.3879641
				
-0.593200028	-0.185419619	-0.27426526	-0.360738397	-0.3869012
				
-0.593353093	-0.189166918	-0.272093207	-0.359984219	-0.38572517
				
-0.592388809	-0.19278492	-0.273744792	-0.363696635	-0.388252318
				
-0.593574882	-0.192719683	-0.274614483	-0.366325021	-0.389671504
				
-0.593829334	-0.188219056	-0.277252316	-0.369580716	-0.391564429
				
-0.595602393	-0.183310896	-0.27767688	-0.37067008	-0.391214043
				
-0.595902741	-0.182108253	-0.282868922	-0.375599027	-0.39429754
				
-0.59738183	-0.17715688	-0.283209831	-0.375387549	-0.392307609
				
-0.600515902	-0.169487596	-0.279637367	-0.368912786	-0.38522622
				
-0.603905857	-0.165094584	-0.27678293	-0.364266694	-0.380332291
				
-0.605821252	-0.163651049	-0.2741476	-0.360538095	-0.376740426
				
-0.607088685	-0.164965898	-0.272466451	-0.358505875	-0.374812484
				
-0.607955694	-0.165756181	-0.270826161	-0.356474102	-0.372999996
				
-0.608278155	-0.167930648	-0.270348042	-0.356666803	-0.373298705
				
-0.608552337	-0.171759397	-0.27193892	-0.359359801	-0.37582767
				
-0.608490527	-0.176463351	-0.277298778	-0.366040558	-0.38229847
				
-0.606761932	-0.179196075	-0.282101661	-0.372551173	-0.388587117
				
-0.6040591	-0.177702308	-0.285150856	-0.375901431	-0.392320633
				
-0.601120651	-0.172906756	-0.284666926	-0.374891669	-0.391370147
				
-0.599093258	-0.165647268	-0.280912638	-0.369657427	-0.385889024
				
-0.596761227	-0.158319637	-0.274865031	-0.361196816	-0.377575517
				
-0.595338464	-0.152286708	-0.268076926	-0.351992607	-0.368319809
				
-0.595018566	-0.151313245	-0.264785498	-0.347528011	-0.363908917
				
-0.595382273	-0.152255043	-0.264077276	-0.346820056	-0.363484085
				
-0.595898926	-0.152558848	-0.263298035	-0.345818907	-0.362906277
				
-0.597471952	-0.155500561	-0.265248448	-0.348340273	-0.36544013
				
-0.599753618	-0.1599814	-0.269507676	-0.35351029	-0.370672405
