-0.604149461	-0.334443063	-0.384973615	-0.483619958	-0.453215241
				
-0.574051857	-0.267697334	-0.465843618	-0.555968344	-0.538082421
				
-0.570827007	-0.333227783	-0.485954106	-0.577064991	-0.561309516
				
-0.570978165	-0.351699024	-0.469819069	-0.558033705	-0.547333837
				
-0.571859062	-0.332072824	-0.442512393	-0.529312134	-0.525605738
				
-0.561775386	-0.309746414	-0.409902394	-0.498952597	-0.500542283
				
-0.552365899	-0.289286613	-0.401617587	-0.499815464	-0.501268506
				
-0.550733089	-0.369059741	-0.418023527	-0.528944731	-0.523402035
				
-0.547246575	-0.404055595	-0.439314187	-0.555724502	-0.54556191
				
-0.56377852	-0.461264074	-0.478634506	-0.581102848	-0.572777927
				
-0.579552472	-0.476378113	-0.501760423	-0.599373221	-0.593626738
				
-0.592285991	-0.474659383	-0.511655331	-0.607778609	-0.606781363
				
-0.602126598	-0.464297295	-0.511732161	-0.605574727	-0.607662559
				
-0.6038481	-0.449801445	-0.506100297	-0.599402666	-0.606626213
				
-0.603199959	-0.44423449	-0.496745944	-0.590848386	-0.603161216
				
-0.60035944	-0.463871896	-0.494218171	-0.582128525	-0.598697364
				
-0.603829503	-0.48022306	-0.504435539	-0.595337629	-0.607419133
				
-0.605088234	-0.499032587	-0.524602652	-0.618782043	-0.624376416
				
-0.607810259	-0.51169163	-0.552100718	-0.643149137	-0.643611789
				
-0.611398697	-0.509855866	-0.564598322	-0.655069113	-0.654562354
				
-0.614556015	-0.49429971	-0.565123498	-0.65621382	-0.65571785
				
-0.614765763	-0.471875995	-0.553494692	-0.647885323	-0.649421573
				
-0.612972975	-0.46843949	-0.548364878	-0.64294076	-0.647926867
				
-0.606946528	-0.473589063	-0.538736284	-0.63342762	-0.644383192
				
-0.598097444	-0.49326238	-0.53142345	-0.625967622	-0.642460346
				
-0.603987098	-0.453891397	-0.475821376	-0.579789996	-0.600548565
				
-0.608109951	-0.431288362	-0.447186291	-0.553825021	-0.572193027
				
-0.607624352	-0.398105204	-0.400873899	-0.500929415	-0.525681496
				
-0.582121134	-0.342691898	-0.339186698	-0.444809139	-0.474923551
				
-0.567078173	-0.381011307	-0.299515784	-0.413661003	-0.440915644
				
-0.559939623	-0.505789101	-0.280245513	-0.397774994	-0.419752151
				
-0.556213737	-0.652762711	-0.260962784	-0.381556392	-0.400363892
				
-0.554626167	-0.923894644	-0.238896906	-0.354873031	-0.37422058
				
-0.554297686	-0.98399049	-0.229133174	-0.339243293	-0.361121565
				
-0.556420803	-0.988235652	-0.232388198	-0.339104384	-0.360576332
				
-0.560099661	-0.988609552	-0.258378267	-0.364374757	-0.382047862
				
-0.565541923	-0.989132524	-0.282629907	-0.389906317	-0.404642314
				
-0.568168104	-0.979460657	-0.287412643	-0.397827864	-0.410419285
				
-0.570607722	-0.920178533	-0.287585288	-0.401894867	-0.410160452
				
-0.572225928	-0.857940495	-0.298131168	-0.417847991	-0.419811845
				
-0.573243558	-0.439700961	-0.306112498	-0.428810626	-0.428863943
				
-0.573680937	-0.306281298	-0.325618207	-0.449133217	-0.446367711
				
-0.589531362	-0.282459259	-0.363525271	-0.484050214	-0.478105575
				
-0.599467635	-0.289501607	-0.394305795	-0.512759507	-0.506327212
				
-0.608393192	-0.318467617	-0.423123717	-0.539780378	-0.534694791
				
-0.608613014	-0.317230225	-0.432700515	-0.549819529	-0.549592853
				
-0.609289289	-0.308530271	-0.429660738	-0.548702598	-0.552258253
				
-0.605969787	-0.278890312	-0.412923157	-0.532988906	-0.541538477
				
-0.604470253	-0.2703439	-0.398077995	-0.518050194	-0.529443026
				
-0.602722406	-0.275242805	-0.384230912	-0.504084349	-0.517021358
				
-0.601082563	-0.27248916	-0.364973485	-0.484244823	-0.498807132
				
-0.600474834	-0.280514896	-0.354488999	-0.474500895	-0.488701582
				
-0.601058304	-0.267749429	-0.339185804	-0.4569965	-0.47184816
				
-0.601613045	-0.266504705	-0.329185724	-0.445691586	-0.461203665
				
-0.602402449	-0.272362649	-0.323424757	-0.440572798	-0.455025524
				
-0.603797853	-0.273652077	-0.318512917	-0.434764832	-0.448783934
				
-0.60626179	-0.285821199	-0.319877297	-0.435950041	-0.447881222
				
-0.607178807	-0.290365517	-0.326610267	-0.443769664	-0.452194035
				
-0.607487261	-0.285435289	-0.33160305	-0.450869292	-0.455792904
				
-0.607071936	-0.283226669	-0.339686215	-0.460773587	-0.462588012
				
-0.605230331	-0.280113608	-0.346871257	-0.468354106	-0.46849677
				
-0.604199767	-0.285237163	-0.353880882	-0.476209849	-0.474582046
				
-0.603470623	-0.285111666	-0.354815125	-0.476806521	-0.474920809
				
-0.603625178	-0.293930203	-0.359657526	-0.482225209	-0.479913831
				
-0.60423255	-0.301602781	-0.364951938	-0.487229586	-0.48498407
				
-0.603402138	-0.305143118	-0.369647205	-0.493460745	-0.490324825
				
-0.60330236	-0.302828252	-0.372195482	-0.496994972	-0.493470192
				
-0.60120821	-0.30021733	-0.374161184	-0.49874723	-0.495908618
				
-0.598774791	-0.296020746	-0.369737267	-0.493634939	-0.492878377
				
-0.601625443	-0.306559533	-0.375483543	-0.497410178	-0.495836079
				
-0.60371995	-0.31251359	-0.380731076	-0.502762616	-0.500437975
				
-0.603749275	-0.313717306	-0.381329119	-0.502860665	-0.501058638
				
-0.6035254	-0.316239536	-0.382004499	-0.503419518	-0.501674771
				
-0.603377998	-0.318027973	-0.382908016	-0.504203975	-0.502861261
				
-0.602895617	-0.320431948	-0.384831816	-0.506636143	-0.50554812
				
-0.602282643	-0.322353244	-0.386133492	-0.50845325	-0.507780731
				
-0.599459112	-0.304576635	-0.373420417	-0.494587898	-0.495777369
				
-0.597479999	-0.298144102	-0.362445116	-0.482915729	-0.485974789
				
-0.596297145	-0.288610399	-0.350397646	-0.469187319	-0.473014742
				
-0.596389353	-0.290541291	-0.344514728	-0.461048961	-0.465889126
				
-0.597347617	-0.2901057	-0.336628139	-0.449044764	-0.456717759
				
-0.585907519	-0.283386111	-0.32057029	-0.434668362	-0.443189442
				
-0.579760313	-0.286022484	-0.313066065	-0.428145826	-0.43650046
				
-0.591601312	-0.299648404	-0.327196419	-0.439880818	-0.445946872
				
-0.600376546	-0.306188405	-0.342513621	-0.457075655	-0.460107714
				
-0.605538249	-0.307753086	-0.356497645	-0.474302471	-0.474966764
				
-0.608396769	-0.312851787	-0.371638417	-0.493838608	-0.491676688
				
-0.609113872	-0.315651864	-0.38587144	-0.513587594	-0.508515358
				
-0.608820617	-0.31812197	-0.395398915	-0.526587844	-0.520571768
				
-0.608437896	-0.322822452	-0.401893079	-0.535199404	-0.52819252
				
-0.607927799	-0.33234185	-0.409024	-0.543037534	-0.53587836
				
-0.607380152	-0.343426377	-0.416577876	-0.549664497	-0.542040706
				
-0.603254676	-0.327793241	-0.408019215	-0.529966116	-0.528840661
				
-0.596365511	-0.317543745	-0.412640244	-0.516463399	-0.525708914
				
-0.583662748	-0.314819098	-0.410475135	-0.49655214	-0.514621854
				
-0.576664865	-0.292093873	-0.395465016	-0.469668031	-0.493693084
				
-0.575189769	-0.307605982	-0.380735397	-0.449189276	-0.476658076
				
-0.576890588	-0.284529805	-0.374459088	-0.441660583	-0.470143259
				
-0.579191804	-0.258435279	-0.369604111	-0.437135935	-0.466649711
				
-0.577600479	-0.310489535	-0.36173141	-0.425892353	-0.457646221
				
-0.574754715	-0.963116586	-0.356339246	-0.416275471	-0.449643493
				
-0.572843313	-0.968804777	-0.347714245	-0.404826105	-0.437943906
				
-0.57384181	-0.990350246	-0.347113788	-0.403222442	-0.435952067
				
-0.576777875	-0.96683538	-0.348121881	-0.405098259	-0.436687768
				
-0.584297657	-0.665587246	-0.357388228	-0.420554072	-0.449351728
				
-0.591323793	-0.467009813	-0.368163586	-0.436977506	-0.462577015
				
-0.596909821	-0.513693333	-0.399667203	-0.477851093	-0.498044163
				
-0.600493073	-0.386738986	-0.423221707	-0.506257772	-0.520608425
				
-0.599998474	-0.315990984	-0.435712159	-0.522245646	-0.533894181
				
-0.597580552	-0.274098277	-0.443374932	-0.532687187	-0.543609262
				
-0.595055163	-0.253340304	-0.445214033	-0.537073374	-0.548410892
				
-0.592670321	-0.254059672	-0.44408679	-0.537861049	-0.550503969
				
-0.591099024	-0.263040483	-0.441938758	-0.536152899	-0.550132692
				
-0.590275407	-0.279046327	-0.441324234	-0.535999656	-0.550017715
				
-0.59103024	-0.293415666	-0.441878617	-0.536161363	-0.55019629
				
-0.592277646	-0.30082047	-0.439295113	-0.532501042	-0.546952248
				
-0.592932105	-0.299852341	-0.434525132	-0.525539279	-0.540871859
				
-0.594209254	-0.299057245	-0.433030576	-0.520766854	-0.536680877
				
-0.596747756	-0.318500578	-0.445799589	-0.528936446	-0.542804241
				
-0.601612091	-0.333204389	-0.423169672	-0.489444077	-0.509389877
				
-0.607505023	-0.334139347	-0.413641781	-0.467265666	-0.489222258
				
-0.609699011	-0.340384185	-0.439339936	-0.49777773	-0.511084795
				
-0.607710123	-0.298336953	-0.427770376	-0.492419243	-0.503698885
				
-0.608083904	-0.27628535	-0.423200488	-0.493755996	-0.503487825
				
-0.608146489	-0.268343836	-0.420999706	-0.496202826	-0.505224466
				
-0.608412743	-0.274010092	-0.42052564	-0.49861455	-0.506894946
				
-0.609027028	-0.280492395	-0.420309961	-0.500258029	-0.508286178
				
-0.609347522	-0.283424973	-0.420020342	-0.501192033	-0.509250462
				
-0.610106587	-0.28616327	-0.419106454	-0.501259267	-0.509009838
				
-0.611810744	-0.291776717	-0.422397524	-0.505260766	-0.512639046
				
-0.613828957	-0.295102686	-0.423733354	-0.506405592	-0.513737917
				
-0.61721462	-0.302230895	-0.432701588	-0.514921248	-0.521596432
				
-0.61750114	-0.314130843	-0.441165566	-0.522530496	-0.529613376
				
-0.618855298	-0.324960291	-0.453517437	-0.534068048	-0.540625572
				
-0.617316842	-0.324133605	-0.464683205	-0.54487735	-0.55064261
				
-0.613611579	-0.310396671	-0.46767211	-0.547033191	-0.553835869
				
-0.611881971	-0.29405129	-0.451563448	-0.527282536	-0.535807312
				
-0.610192716	-0.290998727	-0.440401196	-0.515127659	-0.524423361
				
-0.608754396	-0.302497596	-0.434397846	-0.508491993	-0.517377615
				
-0.607210875	-0.310213327	-0.430030465	-0.504696488	-0.512819111
				
-0.60014689	-0.307397306	-0.416052908	-0.491931319	-0.497572005
				
-0.592633426	-0.306525767	-0.406546414	-0.484179556	-0.486743033
				
-0.58787024	-0.306034446	-0.400427878	-0.478475839	-0.478482664
				
-0.586371839	-0.300981581	-0.40158549	-0.480209708	-0.477516949
				
-0.585495114	-0.295087814	-0.403427005	-0.481905401	-0.477352649
				
-0.585268676	-0.287794262	-0.408007115	-0.487262487	-0.480917275
				
-0.585030317	-0.282381952	-0.409212559	-0.488532603	-0.481692851
				
-0.58489573	-0.278067678	-0.410224557	-0.489519656	-0.482980132
				
-0.584692597	-0.277059078	-0.410339773	-0.489306808	-0.483775765
				
-0.584891677	-0.277966559	-0.411962986	-0.491231501	-0.486307383
				
-0.585406303	-0.281114399	-0.414255559	-0.494068027	-0.489090502
				
-0.586389005	-0.288475245	-0.418599069	-0.499545783	-0.493205249
				
-0.586198688	-0.299471825	-0.423833966	-0.506854296	-0.498813212
				
-0.586620152	-0.302365124	-0.42110604	-0.505782127	-0.495793998
				
-0.586591363	-0.281927139	-0.40812549	-0.493635476	-0.484704226
				
-0.590873957	-0.276718915	-0.407211572	-0.49431631	-0.485373974
				
-0.597536981	-0.281092793	-0.412610233	-0.499448717	-0.491220772
				
-0.600189328	-0.295680881	-0.425227582	-0.510823846	-0.505522966
				
-0.600053787	-0.319983363	-0.443199158	-0.527555943	-0.523798048
				
-0.600776672	-0.352634072	-0.462557614	-0.54647398	-0.542998075
				
-0.601735711	-0.374402821	-0.476344705	-0.560796797	-0.558333218
				
-0.607803345	-0.386544913	-0.480995595	-0.572426379	-0.572830439
				
-0.615822494	-0.386552185	-0.479422748	-0.575982571	-0.578706264
				
-0.623362422	-0.389377177	-0.479273736	-0.581108809	-0.583839297
				
-0.625051618	-0.388384819	-0.477415442	-0.587482154	-0.589189708
				
-0.626088202	-0.383112907	-0.474214077	-0.590250075	-0.590282142
				
-0.626522183	-0.373962343	-0.464496821	-0.584235311	-0.583571911
				
-0.627898216	-0.381688714	-0.461589456	-0.583255172	-0.580366194
				
-0.628369153	-0.433668256	-0.475859374	-0.59585619	-0.594115674
				
-0.630651236	-0.515938342	-0.553030014	-0.662682772	-0.654462576
				
-0.635270119	-0.602541089	-0.613624334	-0.71340996	-0.69620502
				
-0.617464125	-0.664573848	-0.63079977	-0.725454271	-0.703889132
				
-0.603634536	-0.710048199	-0.629350662	-0.723859131	-0.699618876
				
-0.592692196	-0.699141324	-0.586014986	-0.691710472	-0.665933847
				
-0.58567065	-0.676417708	-0.536706448	-0.650706172	-0.627443135
				
-0.583161473	-0.637979507	-0.514665246	-0.631993532	-0.60664624
				
-0.584202588	-0.603065491	-0.509909034	-0.628157139	-0.599936604
				
-0.586792111	-0.569453478	-0.512543619	-0.631100714	-0.600094557
				
-0.588868141	-0.540199518	-0.505069971	-0.623057365	-0.593721807
				
-0.592036366	-0.520302236	-0.49999553	-0.620624244	-0.592254162
				
-0.593759894	-0.510540724	-0.49435845	-0.61828047	-0.590907097
				
-0.595601559	-0.511152387	-0.4866575	-0.612084866	-0.585484743
				
-0.594920635	-0.520331264	-0.477329016	-0.602258444	-0.576710284
				
-0.592597246	-0.539002776	-0.476455927	-0.602475405	-0.573698401
				
-0.590595841	-0.546875894	-0.474701405	-0.602340519	-0.568558395
				
-0.588848829	-0.609758139	-0.500554681	-0.629064679	-0.591174066
				
-0.588149071	-0.643828571	-0.528725624	-0.656247735	-0.613997579
				
-0.584826469	-0.65766871	-0.544614673	-0.67700386	-0.629162371
				
-0.580199361	-0.661169767	-0.555533707	-0.68931371	-0.641559601
				
-0.60616374	-0.641877115	-0.589766264	-0.719121158	-0.670578003
				
-0.624797821	-0.616019607	-0.605041146	-0.73317641	-0.686849654
				
-0.628246903	-0.586094201	-0.617797315	-0.739346921	-0.700819612
				
-0.633436084	-0.579660952	-0.629995584	-0.745621443	-0.703553855
				
-0.627375841	-0.565267086	-0.64448911	-0.759842277	-0.721116662
				
-0.626009226	-0.574531376	-0.656872034	-0.770124793	-0.726341963
				
-0.626149952	-0.578826368	-0.660782993	-0.774255633	-0.726623118
				
-0.625241756	-0.585028291	-0.662785053	-0.774785757	-0.72394675
				
-0.624574542	-0.584613383	-0.648623228	-0.761903822	-0.71107924
				
-0.625065744	-0.576913357	-0.641239405	-0.756477892	-0.70430994
				
-0.625016272	-0.57200253	-0.637386441	-0.753451884	-0.699495673
				
-0.625027299	-0.567881942	-0.63502872	-0.751276076	-0.696427822
				
-0.625576258	-0.560923874	-0.634808838	-0.751011372	-0.695681691
				
-0.625573039	-0.558796704	-0.635843694	-0.751526356	-0.697305262
				
-0.625918031	-0.558643758	-0.638086319	-0.753043592	-0.700217009
				
-0.62649709	-0.559173822	-0.639055192	-0.753579736	-0.703113914
				
-0.626690209	-0.561732292	-0.640673399	-0.753867328	-0.70603168
				
-0.626796126	-0.563273132	-0.643856406	-0.754666746	-0.708614707
				
-0.626967907	-0.564859211	-0.649400711	-0.757573545	-0.711408913
				
-0.62674737	-0.563817143	-0.649983764	-0.757487416	-0.711512685
				
-0.626504302	-0.559249759	-0.649966657	-0.758302331	-0.711324215
				
-0.627409697	-0.559457004	-0.656604886	-0.766005278	-0.716805637
				
-0.627974153	-0.552092433	-0.648791492	-0.763036013	-0.713288784
				
-0.627726614	-0.550468445	-0.646497548	-0.763817549	-0.712548137
				
-0.627530992	-0.547731221	-0.645168424	-0.763898432	-0.711971521
				
-0.628236413	-0.54492867	-0.642077863	-0.76154232	-0.709460258
				
-0.626828432	-0.544937313	-0.634938955	-0.755509317	-0.704754889
				
-0.624794006	-0.544769287	-0.629667878	-0.75134176	-0.700829625
				
-0.622738242	-0.539253235	-0.627341032	-0.748431087	-0.701348841
				
-0.619295597	-0.527418137	-0.628433466	-0.746780455	-0.702531934
				
-0.618913114	-0.51830864	-0.629903555	-0.743994832	-0.703244805
				
-0.620773792	-0.515543103	-0.63326031	-0.744311452	-0.705531478
				
-0.622595727	-0.515761316	-0.639048338	-0.748297334	-0.710739553
				
-0.622567058	-0.515069425	-0.632668197	-0.74356544	-0.707340539
				
-0.622096181	-0.521204829	-0.627034545	-0.737749457	-0.702812672
				
-0.62033987	-0.52670157	-0.618088841	-0.72932446	-0.694154859
				
-0.619636714	-0.527477264	-0.605707884	-0.717047334	-0.682382107
				
-0.619927704	-0.522198141	-0.592628062	-0.705297291	-0.670497537
				
-0.619901717	-0.515122831	-0.578830361	-0.693549454	-0.65971911
				
-0.619662523	-0.506597281	-0.565093279	-0.682122886	-0.650161505
				
-0.618229985	-0.491847098	-0.540635169	-0.656961679	-0.629091918
				
-0.617269874	-0.476091653	-0.519195199	-0.631928384	-0.609126806
				
-0.616846681	-0.45535621	-0.502352178	-0.612095296	-0.593771338
				
-0.616434813	-0.432988644	-0.488829941	-0.59629631	-0.580970049
				
-0.614737988	-0.409745038	-0.47695601	-0.584017575	-0.571883559
				
-0.60985899	-0.384620607	-0.456604332	-0.563893497	-0.556175828
				
-0.603291333	-0.373081863	-0.440027118	-0.543418825	-0.542589664
				
-0.596439958	-0.374537766	-0.429259479	-0.529326141	-0.536114275
				
-0.588031769	-0.379097939	-0.415507078	-0.511774361	-0.526233554
				
-0.581129849	-0.388621211	-0.396544158	-0.489189118	-0.509585977
				
-0.575581491	-0.405787647	-0.387177348	-0.477066875	-0.501150787
				
-0.572419763	-0.412602305	-0.376418293	-0.463760644	-0.490376204
				
-0.57145834	-0.419159412	-0.372664988	-0.457728088	-0.486692935
				
-0.571214259	-0.430321753	-0.373436928	-0.457820058	-0.48688814
				
-0.571956038	-0.441080928	-0.377154708	-0.46028468	-0.487807304
				
-0.573816538	-0.449736416	-0.380226374	-0.461151391	-0.488307536
				
-0.57262516	-0.473843813	-0.379435897	-0.45535478	-0.483557194
				
-0.567163408	-0.442350417	-0.350507081	-0.416006476	-0.45462504
				
-0.564487875	-0.402987838	-0.322849929	-0.379368812	-0.42543146
				
-0.564617574	-0.39095068	-0.307425499	-0.358302772	-0.407972664
				
-0.562040508	-0.387845427	-0.313127726	-0.359269768	-0.408388287
				
-0.563973725	-0.38263759	-0.319883883	-0.364894241	-0.41273585
				
-0.566198289	-0.397417843	-0.323214918	-0.368080616	-0.4128474
				
-0.566326916	-0.432774067	-0.341387898	-0.388496071	-0.425609887
				
-0.569478095	-0.467288196	-0.353816837	-0.402339101	-0.435065269
				
-0.572415471	-0.492718995	-0.363443196	-0.414184332	-0.443419665
				
-0.575099409	-0.500189424	-0.369156837	-0.422352076	-0.450215429
				
-0.577958286	-0.500433564	-0.370322317	-0.426461846	-0.453132689
				
-0.574607134	-0.54109031	-0.387172937	-0.443197668	-0.467163026
				
-0.57660073	-0.544304073	-0.384860933	-0.440148085	-0.464171857
				
-0.578716874	-0.508248687	-0.378239989	-0.432165027	-0.45459038
				
-0.579984307	-0.524545014	-0.374997258	-0.423263758	-0.444967091
				
-0.581362069	-0.581196606	-0.384358466	-0.424595296	-0.445681065
				
-0.580603838	-0.633040011	-0.387010217	-0.421899021	-0.443631291
				
-0.575629652	-0.701542258	-0.387515932	-0.420452863	-0.443343848
				
-0.577054799	-0.743332624	-0.384080976	-0.417460233	-0.441684157
				
-0.580679893	-0.724945843	-0.388538599	-0.422489733	-0.446539491
				
-0.585503817	-0.637165248	-0.393063188	-0.427402645	-0.450694323
				
-0.589338541	-0.479127169	-0.39742744	-0.432366014	-0.454483688
				
-0.58681488	-0.380389452	-0.40053308	-0.438637376	-0.45994252
				
-0.583003342	-0.305646539	-0.395321995	-0.438484728	-0.459946722
				
-0.592727363	-0.328009605	-0.385797262	-0.43053925	-0.451399982
				
-0.603797317	-0.334402561	-0.383971006	-0.432040989	-0.451581985
				
-0.611818314	-0.331661969	-0.387180805	-0.435218573	-0.455046982
				
-0.600520492	-0.289238393	-0.371060789	-0.420561403	-0.444062144
				
-0.592475235	-0.256823272	-0.36579442	-0.416382611	-0.441741288
				
-0.588059604	-0.239760369	-0.362874538	-0.416233689	-0.441839844
				
-0.586910844	-0.244086534	-0.364313155	-0.419446975	-0.443957895
				
-0.590549231	-0.251732111	-0.370706141	-0.427988023	-0.449709117
				
-0.595285237	-0.256277919	-0.376480907	-0.436744243	-0.456423879
				
-0.5984056	-0.258835971	-0.377244234	-0.440260053	-0.459639251
				
-0.602858663	-0.273528934	-0.40925175	-0.483423322	-0.495999962
				
-0.60528326	-0.289654195	-0.433744848	-0.516357839	-0.524910748
				
-0.606288671	-0.313414693	-0.458327711	-0.547153175	-0.550528049
				
-0.606341302	-0.339212358	-0.482318193	-0.573947668	-0.573164999
				
-0.602897227	-0.343883991	-0.493227571	-0.587622106	-0.586351573
				
-0.600843906	-0.342198461	-0.497160077	-0.593560338	-0.59171921
				
-0.597714067	-0.323347867	-0.486807227	-0.585233927	-0.585220635
				
-0.597303569	-0.308812082	-0.47617358	-0.575515389	-0.576215744
				
-0.596957326	-0.304861903	-0.470437407	-0.568384886	-0.570096076
				
-0.597377062	-0.304789543	-0.464160472	-0.561188459	-0.563899875
				
-0.59894681	-0.306713223	-0.463558495	-0.55938983	-0.561817348
				
-0.60016799	-0.311659813	-0.462721527	-0.557105243	-0.559411347
				
-0.602137923	-0.312871367	-0.459239304	-0.553120732	-0.555719256
				
-0.601659596	-0.31654802	-0.455279529	-0.548356771	-0.551781952
				
-0.604875803	-0.324200988	-0.455640256	-0.548927307	-0.552382052
				
-0.605042636	-0.328379393	-0.455851376	-0.551089048	-0.555457234
				
-0.607186556	-0.328135639	-0.454685092	-0.552320302	-0.556602359
				
-0.606935263	-0.321724534	-0.452260375	-0.550053358	-0.555574596
				
-0.605950296	-0.310427338	-0.44143188	-0.539084554	-0.547134757
				
-0.607762218	-0.318517506	-0.444017828	-0.54183954	-0.549926519
				
-0.608614147	-0.320407122	-0.444035918	-0.541244984	-0.549661458
				
-0.608093143	-0.316563308	-0.437043488	-0.533388913	-0.543599844
				
-0.606177926	-0.319398791	-0.426101774	-0.523186862	-0.535438716
				
-0.608749747	-0.341620326	-0.419443727	-0.513753891	-0.527702093
				
-0.609038174	-0.358779013	-0.420908064	-0.519654632	-0.532315016
				
-0.608857751	-0.370215714	-0.422843099	-0.525080681	-0.536353052
				
-0.608238339	-0.380552948	-0.426994503	-0.531087637	-0.540918887
				
-0.607690573	-0.385358512	-0.430236399	-0.534635603	-0.543346405
				
-0.607609451	-0.390291244	-0.433542788	-0.537138999	-0.545066416
				
-0.608016431	-0.393392861	-0.436967134	-0.540031314	-0.547168374
				
-0.607995272	-0.394654632	-0.439274907	-0.541641116	-0.548284411
				
-0.607797444	-0.396374941	-0.440956771	-0.542483389	-0.548662901
				
-0.607188582	-0.39791435	-0.443214476	-0.543697655	-0.549297094
				
-0.605215073	-0.398060918	-0.442093492	-0.541330159	-0.547126949
				
-0.60595274	-0.395446301	-0.445912033	-0.545111775	-0.550817132
				
-0.6079247	-0.403633654	-0.458087385	-0.55964452	-0.564832628
				
-0.609328389	-0.414303303	-0.474570751	-0.578447998	-0.581926346
				
-0.609806299	-0.426847577	-0.49555248	-0.59606427	-0.599393129
				
-0.608347297	-0.43986696	-0.500417233	-0.598344803	-0.602000117
				
-0.607869625	-0.450154662	-0.508162022	-0.603913963	-0.606385112
				
-0.607787967	-0.456884742	-0.515327871	-0.609975994	-0.6102193
				
-0.608763218	-0.459704727	-0.522704959	-0.61656183	-0.614692926
				
-0.609720945	-0.456167281	-0.524390101	-0.6179564	-0.61437571
				
-0.610573173	-0.450391471	-0.523026645	-0.616525769	-0.612311661
				
-0.611527741	-0.445821702	-0.522048354	-0.615923345	-0.611317933
				
-0.612767696	-0.443037391	-0.523852468	-0.618722081	-0.613393664
				
-0.612101436	-0.434918106	-0.523531079	-0.619255006	-0.613797367
				
-0.610617161	-0.426639259	-0.521690845	-0.616734624	-0.611490726
				
-0.608913302	-0.420654178	-0.51917702	-0.613256395	-0.608572543
				
-0.607879996	-0.415335774	-0.516833365	-0.609788775	-0.605315626
				
-0.607014954	-0.411277771	-0.513364494	-0.605407119	-0.601709604
				
-0.606297612	-0.410370409	-0.51135999	-0.602795541	-0.599421561
				
-0.606209874	-0.410691142	-0.509461641	-0.600757539	-0.597831249
				
-0.605926514	-0.413685232	-0.50913769	-0.600201607	-0.597442091
				
-0.605684042	-0.417277068	-0.510184228	-0.601263523	-0.598526835
				
-0.605058968	-0.416603923	-0.511684954	-0.602342129	-0.599004209
				
-0.604339778	-0.402354121	-0.501589239	-0.590618372	-0.590081573
				
-0.603408694	-0.370459825	-0.479647338	-0.567335606	-0.572428346
				
-0.602146149	-0.341028452	-0.464098573	-0.551196635	-0.560634136
				
-0.597475648	-0.3073982	-0.44309175	-0.526136518	-0.540935576
				
-0.589343131	-0.277837396	-0.427433938	-0.503108025	-0.522879064
				
-0.580707908	-0.255662709	-0.414057016	-0.482069373	-0.505251706
				
-0.570942938	-0.24299106	-0.405940711	-0.464679658	-0.489622205
				
-0.56028074	-0.216497153	-0.372691333	-0.422198832	-0.455524087
				
-0.556736529	-0.185840756	-0.334509611	-0.377012491	-0.415890396
				
-0.556486547	-0.221379846	-0.313179344	-0.34997502	-0.39077878
				
-0.560307145	-0.297798812	-0.309821129	-0.343746156	-0.382943451
				
-0.566123486	-0.385381728	-0.319211334	-0.352377445	-0.388654083
				
-0.571458519	-0.457006514	-0.3387703	-0.372806042	-0.405860662
				
-0.57390523	-0.504140794	-0.368535221	-0.407360137	-0.434794337
				
-0.579532623	-0.468751431	-0.39686814	-0.443929911	-0.467890948
				
-0.583470047	-0.384343624	-0.40350017	-0.45842284	-0.480200619
				
-0.589398623	-0.34281379	-0.416429937	-0.479540586	-0.498323202
				
-0.601442158	-0.323189616	-0.414848208	-0.481584609	-0.502711177
				
-0.611714721	-0.307617933	-0.413325638	-0.481606841	-0.504579842
				
-0.600697637	-0.259027302	-0.41483143	-0.485914379	-0.508466363
				
-0.607783377	-0.272068173	-0.413982064	-0.485467136	-0.510029852
				
-0.596572816	-0.257196486	-0.416019619	-0.488992393	-0.511651158
