-0.346524656	-0.991500974	0.551244318	0.484649479	0.64030236
				
-0.580814958	-0.566335201	-0.133050412	-0.418724716	-0.44416669
				
-0.63134408	-0.281013429	-0.42353797	-0.773852825	-0.619940579
				
-0.598566294	-0.349994451	-0.435509086	-0.777799785	-0.577258706
				
-0.578256547	-0.352970302	-0.458438486	-0.666033626	-0.536773324
				
-0.56650883	-0.389402688	-0.47094661	-0.623311996	-0.530627191
				
-0.563245893	-0.408779681	-0.476414651	-0.613954365	-0.526502848
				
-0.567067266	-0.38824755	-0.495541036	-0.617060959	-0.554917634
				
-0.574450791	-0.383316368	-0.518568754	-0.636629343	-0.580069244
				
-0.573963046	-0.349974006	-0.480381787	-0.56892097	-0.513220608
				
-0.582260489	-0.328097373	-0.479479015	-0.582297266	-0.522820354
				
-0.588718653	-0.311579674	-0.492978781	-0.594277859	-0.51902765
				
-0.593130648	-0.311926752	-0.520545602	-0.627281308	-0.53974545
				
-0.596210241	-0.31345585	-0.528551459	-0.634680152	-0.540301502
				
-0.599826217	-0.312324256	-0.530924559	-0.642327905	-0.543282747
				
-0.600856245	-0.334331751	-0.548294127	-0.66193676	-0.562983394
				
-0.605645001	-0.327646613	-0.558863163	-0.67727232	-0.576016366
				
-0.603539407	-0.326860994	-0.560594976	-0.677083671	-0.57625246
				
-0.599594414	-0.330413193	-0.549346089	-0.661362588	-0.558000922
				
-0.593780339	-0.338836342	-0.532096028	-0.627195835	-0.519367695
				
-0.590384841	-0.349086285	-0.518071055	-0.594687521	-0.487935364
				
-0.588995755	-0.355501801	-0.509721875	-0.573419273	-0.469222009
				
-0.587538242	-0.355662704	-0.505162299	-0.5634619	-0.462603211
				
-0.586757123	-0.345341593	-0.497779548	-0.557310224	-0.463380456
				
-0.586969495	-0.350547373	-0.506091833	-0.565882146	-0.473670423
				
-0.589749515	-0.349957168	-0.513463497	-0.570168555	-0.475528836
				
-0.594437361	-0.324721843	-0.51951921	-0.600310564	-0.510009468
				
-0.592247903	-0.30562079	-0.503558218	-0.588410139	-0.501399636
				
-0.590782166	-0.325966388	-0.486569107	-0.561968327	-0.468944341
				
-0.588157058	-0.334242076	-0.467067957	-0.52495575	-0.433125347
				
-0.587129772	-0.340326697	-0.460709333	-0.503487825	-0.416271836
				
-0.587494373	-0.353793174	-0.485873193	-0.524831653	-0.437815815
				
-0.585940897	-0.356098026	-0.496047169	-0.537604332	-0.45062995
				
-0.584381223	-0.351851761	-0.498429596	-0.546592414	-0.459096164
				
-0.584011137	-0.359239817	-0.507662892	-0.562013268	-0.470074087
				
-0.585950971	-0.369731873	-0.489925146	-0.545675874	-0.448526531
				
-0.586227357	-0.338665545	-0.451657325	-0.519037724	-0.418585092
				
-0.58686465	-0.307418615	-0.415148497	-0.48528114	-0.401556432
				
-0.586156547	-0.293917894	-0.412061542	-0.483529896	-0.416311204
				
-0.58856082	-0.31937027	-0.457194388	-0.515064061	-0.46882531
				
-0.596951604	-0.329268485	-0.493772358	-0.563834071	-0.500210404
				
-0.599059403	-0.338130116	-0.523452938	-0.602378964	-0.527086496
				
-0.599572539	-0.343562901	-0.54175508	-0.628231823	-0.545493662
				
-0.598499537	-0.344419032	-0.547212958	-0.638267756	-0.550606847
				
-0.597292066	-0.343254894	-0.539657295	-0.632654488	-0.543488085
				
-0.595691562	-0.341064721	-0.530929387	-0.622369826	-0.534103155
				
-0.595743716	-0.33091867	-0.5143556	-0.603521764	-0.518228054
				
-0.594809949	-0.333322525	-0.51198405	-0.597557962	-0.515801191
				
-0.593559384	-0.344317555	-0.520665646	-0.605135322	-0.52365309
				
-0.590261102	-0.348947138	-0.513022602	-0.596494019	-0.515084267
				
-0.591567993	-0.352136344	-0.510660708	-0.592561781	-0.509747028
				
-0.591161132	-0.356669158	-0.516729295	-0.598283052	-0.512602985
				
-0.592490792	-0.366450787	-0.524097443	-0.600799203	-0.512146354
				
-0.594213128	-0.375850916	-0.537074685	-0.607934058	-0.512695313
				
-0.593185544	-0.381532907	-0.544850528	-0.610478342	-0.50911963
				
-0.591154039	-0.372332305	-0.532927334	-0.598152697	-0.492390096
				
-0.591133118	-0.361600429	-0.522682846	-0.585782409	-0.480133593
				
-0.588407159	-0.344511271	-0.510429144	-0.572786689	-0.470514476
				
-0.585804045	-0.327695489	-0.481645614	-0.5474298	-0.449286252
				
-0.583321452	-0.31188646	-0.458278328	-0.524478376	-0.43469125
				
-0.581544161	-0.301828086	-0.443594277	-0.506375849	-0.424158722
				
-0.580650926	-0.294689715	-0.43540889	-0.493756473	-0.415905237
				
-0.580756903	-0.291831344	-0.430497497	-0.487012923	-0.412683308
				
-0.582809448	-0.309365302	-0.431766838	-0.482388079	-0.41311866
				
-0.583613813	-0.318221301	-0.459285349	-0.499506533	-0.426973253
				
-0.587405562	-0.347772151	-0.48550275	-0.523423433	-0.447696626
				
-0.590538502	-0.349695027	-0.50369066	-0.54845494	-0.465001762
				
-0.589022994	-0.332655996	-0.50283879	-0.56073916	-0.476967454
				
-0.586134672	-0.322489023	-0.509529054	-0.584546745	-0.508044004
				
-0.58859098	-0.301548064	-0.489572972	-0.575166941	-0.499518692
				
-0.58869338	-0.299410641	-0.486958981	-0.581999183	-0.508241236
				
-0.589445412	-0.309680045	-0.491197884	-0.589841425	-0.519221544
				
-0.589664876	-0.302403271	-0.475542188	-0.57297498	-0.504994333
				
-0.587695718	-0.292373478	-0.452783108	-0.546818852	-0.480224907
				
-0.586320877	-0.286569953	-0.436181635	-0.521241665	-0.460311472
				
-0.586704373	-0.291795462	-0.439955354	-0.518572807	-0.459751129
				
-0.597700179	-0.314430475	-0.493004382	-0.581168115	-0.527122974
				
-0.597408295	-0.297917992	-0.477288246	-0.563351154	-0.503971577
				
-0.593652844	-0.282223463	-0.46422717	-0.544522583	-0.487121731
				
-0.599646211	-0.297721773	-0.504121065	-0.599271238	-0.543377578
				
-0.594091117	-0.295881063	-0.497447133	-0.59095782	-0.5295946
				
-0.589148998	-0.296276093	-0.490789175	-0.581983924	-0.519351423
				
-0.586628556	-0.296448976	-0.485136837	-0.575463653	-0.512104273
				
-0.587614894	-0.303299725	-0.488668144	-0.580157757	-0.515896857
				
-0.588732898	-0.310167849	-0.491161853	-0.584510386	-0.519510388
				
-0.59089601	-0.319004595	-0.498236656	-0.591757655	-0.52279526
				
-0.592009366	-0.325964719	-0.505153179	-0.598930478	-0.526696265
				
-0.592582226	-0.333182096	-0.51388377	-0.609371245	-0.534092486
				
-0.591916621	-0.333194464	-0.515028417	-0.611938119	-0.535153627
				
-0.591365218	-0.326289594	-0.511322379	-0.609465659	-0.532846987
				
-0.592305183	-0.32055217	-0.505743921	-0.603820384	-0.527563334
				
-0.592452884	-0.31014958	-0.495598376	-0.591497779	-0.516001642
				
-0.591555953	-0.30242908	-0.489939153	-0.581352651	-0.508130908
				
-0.590347946	-0.303556889	-0.506649613	-0.599854708	-0.527935147
				
-0.589690804	-0.315342546	-0.517274737	-0.608862579	-0.54070586
				
-0.589229763	-0.329824269	-0.541505277	-0.634385467	-0.565322042
				
-0.587544918	-0.322494388	-0.562555075	-0.659420907	-0.585856795
				
-0.585906923	-0.315077752	-0.569972813	-0.671573579	-0.592576385
				
-0.586119175	-0.307633668	-0.568154693	-0.672159672	-0.589280128
				
-0.58777529	-0.299759299	-0.563863754	-0.66910547	-0.583949804
				
-0.591517866	-0.302272171	-0.552456021	-0.653793216	-0.569032431
				
-0.594391644	-0.317351043	-0.55414176	-0.652716219	-0.566828907
				
-0.596244037	-0.323394477	-0.56505233	-0.662666619	-0.571005464
				
-0.597563565	-0.339942634	-0.581993341	-0.677534759	-0.581774592
				
-0.598917186	-0.363603652	-0.603949368	-0.697212636	-0.598885059
				
-0.600285053	-0.378791392	-0.628299534	-0.72075361	-0.616913557
				
-0.602263451	-0.388970375	-0.643249869	-0.732397795	-0.625562191
				
-0.603075206	-0.388984412	-0.654594541	-0.741123676	-0.63141644
				
-0.603305399	-0.384778172	-0.654221773	-0.738301039	-0.626817524
				
-0.601514876	-0.389197886	-0.650085807	-0.732046247	-0.61858964
				
-0.597356498	-0.399011672	-0.644579947	-0.724677444	-0.610170245
				
-0.593015432	-0.408974558	-0.637703061	-0.717058539	-0.601463854
				
-0.590738118	-0.414331824	-0.634242594	-0.715569735	-0.599195004
				
-0.589835048	-0.417345732	-0.633154452	-0.717814326	-0.602111876
				
-0.589062929	-0.414591253	-0.632729888	-0.719142497	-0.603269875
				
-0.590498626	-0.420508862	-0.635527134	-0.720895112	-0.605466783
				
-0.591406763	-0.413440764	-0.618440926	-0.704662085	-0.591951132
				
-0.590570092	-0.405762017	-0.60074383	-0.68598026	-0.576090991
				
-0.591452837	-0.391156226	-0.587070823	-0.666864872	-0.560939431
				
-0.59173733	-0.378855795	-0.578761518	-0.654284835	-0.552360654
				
-0.593616366	-0.366276175	-0.576884091	-0.650295734	-0.550747752
				
-0.589719057	-0.359085351	-0.596852958	-0.684122086	-0.579418182
				
-0.588661075	-0.334067822	-0.596286356	-0.693160415	-0.597931564
				
-0.584414244	-0.32088545	-0.58215332	-0.67773056	-0.588858545
				
-0.580981255	-0.314127982	-0.558949709	-0.650940061	-0.56812489
				
-0.581467986	-0.310386479	-0.538410068	-0.626946092	-0.553664684
				
-0.585300922	-0.303391814	-0.526730061	-0.615015507	-0.551256299
				
-0.587975383	-0.289959937	-0.509447932	-0.598742843	-0.545469642
				
-0.589449823	-0.272843689	-0.48912698	-0.581477642	-0.537949622
				
-0.588168383	-0.258009255	-0.461641908	-0.555456042	-0.519057989
				
-0.587841928	-0.248936296	-0.439751506	-0.533789933	-0.50218749
				
-0.58851403	-0.249733359	-0.436514527	-0.529873967	-0.49735862
				
-0.589382887	-0.248672605	-0.437742174	-0.529801786	-0.495538473
				
-0.589202046	-0.244178981	-0.432042122	-0.524018824	-0.491340578
				
-0.589411676	-0.241473451	-0.432668328	-0.524206817	-0.49364382
				
-0.59093082	-0.206711903	-0.486375242	-0.58578825	-0.559558749
				
-0.592168808	-0.170505062	-0.521771133	-0.62741977	-0.601359129
				
-0.591191649	-0.178473592	-0.497674823	-0.608250976	-0.585324526
				
-0.589036107	-0.184575826	-0.46344924	-0.570286214	-0.549096465
				
-0.589447558	-0.197665945	-0.447558641	-0.545392215	-0.514047503
				
-0.59074682	-0.210293442	-0.447288394	-0.541778266	-0.499187768
				
-0.589863062	-0.225651771	-0.447327018	-0.539838612	-0.493120611
				
-0.590349555	-0.238379031	-0.448697627	-0.53984195	-0.490615904
				
-0.587654829	-0.245276257	-0.450873524	-0.542262852	-0.49393183
				
-0.586702466	-0.254089087	-0.459643841	-0.553940833	-0.503930151
				
-0.58803612	-0.261246681	-0.469560742	-0.566986918	-0.514904618
				
-0.589527309	-0.264848828	-0.469932616	-0.568015456	-0.516816735
				
-0.588380754	-0.264916092	-0.468337893	-0.569310606	-0.523371935
				
-0.58716923	-0.260968089	-0.459300011	-0.560855031	-0.518954873
				
-0.584871173	-0.256337851	-0.446946114	-0.546854138	-0.508837759
				
-0.583811998	-0.254478753	-0.444726199	-0.542275012	-0.507467151
				
-0.582835793	-0.247728243	-0.443082809	-0.539394617	-0.507117569
				
-0.58247	-0.249569297	-0.452022433	-0.546481371	-0.512822509
				
-0.581510305	-0.253085315	-0.458431065	-0.550766945	-0.512523174
				
-0.580947161	-0.2630198	-0.469410151	-0.55918771	-0.515108824
				
-0.579564095	-0.271033168	-0.484762102	-0.573262274	-0.526327968
				
-0.58028847	-0.268957496	-0.499262094	-0.586181402	-0.535858214
				
-0.583355188	-0.25154686	-0.496171325	-0.577384949	-0.5209952
				
-0.583169639	-0.274695009	-0.489428103	-0.571727872	-0.509589791
				
-0.589962482	-0.326506793	-0.489840597	-0.56869334	-0.495653331
				
-0.599302232	-0.393890142	-0.524020493	-0.630025744	-0.559528708
				
-0.606586754	-0.428839922	-0.545076191	-0.649738133	-0.579592764
				
-0.610179305	-0.474979788	-0.574534416	-0.668152034	-0.592658579
				
-0.611164987	-0.530980051	-0.614050567	-0.700106382	-0.610658884
				
-0.621622384	-0.596708	-0.676621377	-0.745753407	-0.645768464
				
-0.623141408	-0.596264303	-0.669722795	-0.755866468	-0.66232115
				
-0.63140142	-0.544091344	-0.660634458	-0.762670934	-0.673799455
				
-0.636696279	-0.498699337	-0.642956555	-0.754544973	-0.673882961
				
-0.638843298	-0.473066092	-0.630342007	-0.74609834	-0.674968541
				
-0.63970989	-0.462665737	-0.621494591	-0.74074769	-0.676223397
				
-0.63888973	-0.463404417	-0.612919748	-0.733403504	-0.673396587
				
-0.637048721	-0.469140172	-0.605835557	-0.727083147	-0.669313848
				
-0.628882051	-0.485425472	-0.597384512	-0.716606736	-0.663168848
				
-0.626298308	-0.495137513	-0.592528105	-0.712494373	-0.656123936
				
-0.622352958	-0.506284833	-0.588632882	-0.706166565	-0.645531476
				
-0.614979923	-0.535243154	-0.581139624	-0.695334911	-0.628326833
				
-0.605730653	-0.581725419	-0.576995492	-0.675540328	-0.600888669
				
-0.597514272	-0.637561738	-0.600344658	-0.673581183	-0.585958481
				
-0.589478016	-0.689429581	-0.624828637	-0.68091476	-0.573416114
				
-0.591182828	-0.774664164	-0.665661097	-0.747441411	-0.633260787
				
-0.58278358	-0.869095504	-0.701821268	-0.784594655	-0.690294743
				
-0.579201639	-0.923629642	-0.740515828	-0.815874636	-0.732814133
				
-0.576545954	-0.957743108	-0.771192312	-0.833566308	-0.753988981
				
-0.574179351	-0.973100603	-0.777537465	-0.839355886	-0.759356976
				
-0.575587511	-0.971559584	-0.780926526	-0.847873986	-0.765138209
				
-0.576569915	-0.965173721	-0.783764005	-0.846999228	-0.765132666
				
-0.579153657	-0.943505466	-0.737741172	-0.840483665	-0.769243181
				
-0.581151545	-0.928237677	-0.700564742	-0.835950971	-0.771869659
				
-0.582655907	-0.912655532	-0.679360271	-0.832071126	-0.773604035
				
-0.582972527	-0.906638265	-0.662987649	-0.830062509	-0.773862243
				
-0.582426131	-0.90830934	-0.66464746	-0.824766994	-0.770208955
				
-0.583848119	-0.911497474	-0.69323051	-0.83636713	-0.776155114
				
-0.585363865	-0.917488694	-0.699836612	-0.840538621	-0.777647376
				
-0.58904016	-0.932261407	-0.723203182	-0.850879312	-0.78319633
				
-0.587664485	-0.950127959	-0.719454706	-0.844584823	-0.776982307
				
-0.586355865	-0.963372886	-0.721897125	-0.839742303	-0.773452044
				
-0.584775805	-0.972429574	-0.72244525	-0.83419466	-0.770120025
				
-0.584673584	-0.964641571	-0.726313591	-0.829945803	-0.768147588
				
-0.586479068	-0.928990424	-0.715194583	-0.83464545	-0.77163887
				
-0.586653113	-0.916097045	-0.71418035	-0.830071926	-0.761095524
				
-0.585359752	-0.935103595	-0.731361449	-0.824681461	-0.753327191
				
-0.583585382	-0.93731761	-0.705221176	-0.8145293	-0.746239305
				
-0.582215548	-0.943323493	-0.699584723	-0.814532042	-0.745312333
				
-0.580880165	-0.940839589	-0.676004887	-0.818716526	-0.751319885
				
-0.578848302	-0.933502972	-0.645570576	-0.817141414	-0.750652194
				
-0.577284276	-0.923991203	-0.631078482	-0.819268048	-0.753883481
				
-0.577242672	-0.907960117	-0.63555634	-0.818199635	-0.7551893
				
-0.577068925	-0.898080349	-0.651259422	-0.811640739	-0.752348423
				
-0.576539159	-0.882750869	-0.661921442	-0.801393747	-0.745450854
				
-0.575974107	-0.865122676	-0.664223194	-0.786878109	-0.734275997
				
-0.578587711	-0.838527858	-0.660654128	-0.77491498	-0.723813713
				
-0.581938922	-0.806476235	-0.65662986	-0.766967356	-0.71644479
				
-0.585322022	-0.773110747	-0.652142525	-0.764876902	-0.715108037
				
-0.584414482	-0.684490085	-0.630163074	-0.741312683	-0.697570205
				
-0.572843611	-0.578300476	-0.620100558	-0.753920019	-0.7137869
				
-0.574659348	-0.550620735	-0.621060073	-0.747439682	-0.691967368
				
-0.576259375	-0.569825411	-0.622384071	-0.746271491	-0.670744598
				
-0.578449965	-0.603454709	-0.621449113	-0.744097888	-0.654063165
				
-0.580154419	-0.627641678	-0.614941061	-0.736155629	-0.637668014
				
-0.574961662	-0.595675945	-0.608927727	-0.749928355	-0.680266976
				
-0.571905136	-0.578754306	-0.603490591	-0.761188686	-0.705461979
				
-0.582091033	-0.589639127	-0.612195075	-0.749549985	-0.693282962
				
-0.590521097	-0.637024522	-0.620343387	-0.759021103	-0.703105986
				
-0.586646795	-0.689381599	-0.625533581	-0.765355468	-0.710156202
				
-0.582480907	-0.741489232	-0.62829864	-0.770979106	-0.713534534
				
-0.579307437	-0.779853761	-0.627286673	-0.777176917	-0.71771431
				
-0.578377128	-0.799721956	-0.630117655	-0.783816159	-0.722323179
				
-0.578534424	-0.805725813	-0.630596519	-0.786400557	-0.724938035
				
-0.579620719	-0.799732924	-0.63194102	-0.788895249	-0.727886796
				
-0.579579711	-0.784025311	-0.627441466	-0.78630203	-0.726694465
				
-0.57837975	-0.772322237	-0.62911284	-0.782013237	-0.722553968
				
-0.577628672	-0.760748088	-0.635684192	-0.777506351	-0.717646956
				
-0.575614214	-0.759020805	-0.63874352	-0.774781764	-0.714449584
				
-0.573925018	-0.760050952	-0.634721816	-0.769817114	-0.709483325
				
-0.571104109	-0.770310163	-0.634957433	-0.767054439	-0.706212044
				
-0.569992125	-0.774090528	-0.632221282	-0.765368581	-0.703212619
				
-0.570782781	-0.76414597	-0.623382211	-0.76698786	-0.704490185
				
-0.575480282	-0.745436907	-0.617397845	-0.772798538	-0.708347917
				
-0.579231918	-0.64406544	-0.617206812	-0.752290845	-0.702560127
				
-0.588714957	-0.538186848	-0.607293665	-0.731226206	-0.665929973
				
-0.589542925	-0.368611306	-0.564810157	-0.681873083	-0.595619678
				
-0.587187231	-0.307858616	-0.51534301	-0.63781029	-0.544970989
				
-0.592399299	-0.300609499	-0.466849029	-0.600094736	-0.522019446
				
-0.593246579	-0.323396027	-0.500430346	-0.637240529	-0.549540102
				
-0.595939875	-0.378645658	-0.533866763	-0.669517219	-0.597768426
				
-0.599217951	-0.396789879	-0.550320387	-0.687957823	-0.625954747
				
-0.606187344	-0.394317359	-0.583045483	-0.724296868	-0.632502198
				
-0.608144164	-0.391967386	-0.621356666	-0.743844748	-0.633747697
				
-0.605438411	-0.384866983	-0.639994144	-0.752004862	-0.633605003
				
-0.60134691	-0.381775647	-0.644929647	-0.753448009	-0.631721497
				
-0.598987639	-0.381338477	-0.63824594	-0.745914042	-0.621429324
				
-0.596534073	-0.36537385	-0.623804867	-0.727796614	-0.602987766
				
-0.594056189	-0.354852557	-0.614997327	-0.713921666	-0.592216074
				
-0.592787862	-0.351568222	-0.592990518	-0.684292614	-0.569008052
				
-0.591002822	-0.33048889	-0.578129888	-0.664330184	-0.553206265
				
-0.588791907	-0.323644668	-0.579348326	-0.662465036	-0.555732369
				
-0.586125255	-0.318396688	-0.58460629	-0.668978333	-0.565440536
				
-0.583016396	-0.318184853	-0.589669704	-0.677305639	-0.573887408
				
-0.579537094	-0.328501344	-0.595461786	-0.687713802	-0.584959209
				
-0.579540253	-0.32944569	-0.598941624	-0.698020458	-0.596453667
				
-0.581315219	-0.334349483	-0.599092662	-0.701210499	-0.596588254
				
-0.585832238	-0.336696982	-0.594208717	-0.695913434	-0.588748276
				
-0.589303136	-0.353690445	-0.602798045	-0.703930616	-0.592921197
				
-0.591490507	-0.366226971	-0.611316085	-0.714366078	-0.600338519
				
-0.592143297	-0.367167562	-0.614552617	-0.717698753	-0.601715326
				
-0.591379941	-0.363719761	-0.615922451	-0.717617691	-0.600055635
				
-0.592030466	-0.357449234	-0.615282059	-0.71706593	-0.598959446
				
-0.592414081	-0.358763903	-0.617278099	-0.717254698	-0.596976757
				
-0.592933834	-0.36022836	-0.620498776	-0.720352709	-0.600494802
				
-0.589835644	-0.369079173	-0.629671931	-0.731357694	-0.614275098
				
-0.588030934	-0.367481887	-0.629667044	-0.732190847	-0.618952274
				
-0.585555255	-0.370684952	-0.620639682	-0.720341325	-0.614964426
				
-0.584253848	-0.366904616	-0.621604204	-0.721205056	-0.621232569
				
-0.581408739	-0.365947217	-0.619119465	-0.718369901	-0.622241616
				
-0.579119682	-0.363279551	-0.614975631	-0.713542879	-0.619814992
				
-0.578371406	-0.358640343	-0.611977994	-0.710401237	-0.619622767
				
-0.576922834	-0.354134679	-0.608636975	-0.707092285	-0.619909525
				
-0.575403273	-0.361080766	-0.605903804	-0.701929748	-0.61531657
				
-0.574048758	-0.366904616	-0.602807403	-0.697297156	-0.611828446
				
-0.5743891	-0.366370201	-0.595799506	-0.689536929	-0.60478884
				
-0.575481057	-0.366873771	-0.602312326	-0.695549011	-0.609729886
				
-0.578509927	-0.343221903	-0.604918301	-0.696949899	-0.60596323
				
-0.58346653	-0.316217303	-0.576605022	-0.664275706	-0.569389045
				
-0.58451432	-0.289908469	-0.550118208	-0.63579607	-0.542297959
				
-0.585500777	-0.269875586	-0.535870194	-0.624441445	-0.535045862
				
-0.587231576	-0.261835754	-0.535085618	-0.626206458	-0.536900103
				
-0.586782515	-0.263411999	-0.539978445	-0.634486854	-0.545969844
				
-0.585823596	-0.280131876	-0.549943328	-0.645470798	-0.556147158
				
-0.585938454	-0.286712945	-0.556960464	-0.653546035	-0.565728962
				
-0.585138798	-0.284411848	-0.555682898	-0.65197593	-0.562133372
				
-0.583155572	-0.287988722	-0.553792834	-0.649453342	-0.559323788
				
-0.58298403	-0.285696387	-0.555692732	-0.651025891	-0.559113026
				
-0.582284629	-0.283394963	-0.555647254	-0.651961505	-0.559600115
				
-0.581662059	-0.280991197	-0.556493044	-0.653769255	-0.561141431
				
-0.581526816	-0.28327781	-0.559885979	-0.658173263	-0.564732909
				
-0.582518339	-0.288689315	-0.562898397	-0.661186695	-0.565736651
				
-0.583241522	-0.298707575	-0.570038676	-0.667694509	-0.570392907
				
-0.583932459	-0.302441716	-0.574443102	-0.672991693	-0.57631743
				
-0.583100975	-0.321387798	-0.578462362	-0.67602843	-0.582419336
				
-0.587832272	-0.271306664	-0.60569793	-0.706844807	-0.633866012
				
-0.590371788	-0.268232137	-0.593251407	-0.697697818	-0.634248197
				
-0.592703998	-0.269703299	-0.580457091	-0.686441481	-0.6296103
				
-0.594722211	-0.238675565	-0.601151407	-0.705615938	-0.662328005
				
-0.596539795	-0.206513524	-0.617374539	-0.721651495	-0.684100807
				
-0.600130677	-0.18565084	-0.625908673	-0.730759382	-0.695577323
				
-0.603877902	-0.178424418	-0.633571804	-0.739044905	-0.707119286
				
-0.606896758	-0.181660548	-0.642237723	-0.746724844	-0.71635586
				
-0.607679784	-0.19787772	-0.64565438	-0.746853113	-0.714439511
				
-0.608182132	-0.205966413	-0.640209794	-0.737466455	-0.702453613
				
-0.607321382	-0.214767724	-0.62480849	-0.71968472	-0.678460062
				
-0.607736945	-0.217749715	-0.60643965	-0.697565377	-0.655277431
				
-0.606637836	-0.224434853	-0.589831471	-0.676699817	-0.635290682
				
-0.605349183	-0.230419129	-0.576945186	-0.659694791	-0.622317195
				
-0.603569031	-0.234426022	-0.568005204	-0.648040652	-0.616040111
				
-0.602654934	-0.234860271	-0.559645295	-0.637744308	-0.609346628
				
-0.603084564	-0.231350869	-0.559702814	-0.637643278	-0.611416578
				
-0.603586555	-0.228656918	-0.56857419	-0.648857296	-0.623933136
				
-0.603585482	-0.220184773	-0.575426459	-0.657319784	-0.634926677
				
-0.602649808	-0.228194624	-0.576194465	-0.659024775	-0.639965057
				
-0.601141691	-0.234117478	-0.57908982	-0.66356951	-0.648221493
				
-0.59908092	-0.232494846	-0.575283527	-0.661514461	-0.648809671
				
-0.598520458	-0.243542016	-0.580567539	-0.668899655	-0.656507492
				
-0.596964538	-0.238662064	-0.572353184	-0.66223073	-0.647252619
				
-0.597191036	-0.23306042	-0.568450451	-0.659739614	-0.644131243
				
-0.598412275	-0.241566777	-0.574936271	-0.668188334	-0.64931947
				
-0.599000275	-0.246091157	-0.575027466	-0.669163227	-0.648617744
				
-0.598067284	-0.250260562	-0.571399748	-0.665922165	-0.643490911
				
-0.597968638	-0.25443247	-0.567587554	-0.661592245	-0.639343917
				
-0.598503768	-0.257150948	-0.564243019	-0.657858908	-0.636780322
				
-0.598886609	-0.258825421	-0.561147153	-0.654758871	-0.636521459
				
-0.603329301	-0.256010324	-0.534424484	-0.624588966	-0.608271182
				
-0.604352236	-0.252147704	-0.515952289	-0.604592919	-0.592441082
				
-0.604044318	-0.251652837	-0.491700143	-0.577802539	-0.569656134
				
-0.60398376	-0.255328089	-0.471223444	-0.555996835	-0.552951455
				
-0.602502346	-0.25817579	-0.457336903	-0.541668415	-0.543678164
				
-0.602272034	-0.262594104	-0.446819156	-0.529120803	-0.532079041
				
-0.603674412	-0.268278062	-0.450888515	-0.532351732	-0.536118984
				
-0.605424941	-0.281971902	-0.458359897	-0.539967775	-0.539517462
				
-0.606272519	-0.295903504	-0.462128699	-0.542975187	-0.539728045
				
-0.605470181	-0.31516555	-0.442815304	-0.529723346	-0.526770771
				
-0.606812119	-0.323862076	-0.42493549	-0.507420599	-0.50976491
				
-0.607747376	-0.331311643	-0.41408062	-0.489069223	-0.497058213
				
-0.609178543	-0.329911441	-0.433888167	-0.51799643	-0.520287752
				
-0.609444857	-0.331301183	-0.423462749	-0.508333683	-0.51154685
				
-0.610090792	-0.332818747	-0.41846621	-0.496634692	-0.503683746
				
-0.610175788	-0.335671902	-0.416435212	-0.489162803	-0.497959077
				
-0.609817922	-0.337441713	-0.419689655	-0.487533957	-0.495469511
				
-0.609809041	-0.336071193	-0.42561096	-0.490412533	-0.497336864
				
-0.610408425	-0.33351627	-0.431657672	-0.495072246	-0.501227617
				
-0.612230897	-0.331711173	-0.443707168	-0.505986631	-0.50956285
				
-0.613389492	-0.326490313	-0.459062457	-0.522061348	-0.521476507
				
-0.615662098	-0.327315152	-0.479540855	-0.543340147	-0.536388755
				
-0.61654222	-0.322581321	-0.492821962	-0.555455685	-0.544144869
				
-0.616310954	-0.325509071	-0.505831361	-0.567303896	-0.55341661
				
-0.61471504	-0.340993434	-0.524493992	-0.585670054	-0.566246212
				
-0.61280942	-0.3546426	-0.546312153	-0.607659817	-0.581939399
				
-0.611374557	-0.366702735	-0.566040516	-0.627175331	-0.595711589
				
-0.609927535	-0.370592415	-0.575805962	-0.63580209	-0.59983027
				
-0.609149039	-0.368682593	-0.5791471	-0.637516975	-0.600334525
				
-0.608239651	-0.363781363	-0.574681103	-0.63160032	-0.595010042
				
-0.608078241	-0.350381136	-0.576570809	-0.629491568	-0.595320284
				
-0.608476281	-0.338778734	-0.579082906	-0.628719926	-0.595845282
				
-0.608721793	-0.331173986	-0.583114386	-0.631274045	-0.599579155
				
-0.608455181	-0.323200256	-0.581024885	-0.628466189	-0.597438335
				
-0.607674122	-0.32095021	-0.584195256	-0.632006764	-0.60055536
				
-0.607541621	-0.323681206	-0.590651512	-0.639888644	-0.607306063
				
-0.607861817	-0.330284506	-0.600038409	-0.652150273	-0.61809516
				
-0.607332587	-0.337683827	-0.608792067	-0.663281918	-0.626386344
				
-0.607877612	-0.349672467	-0.620004058	-0.677972794	-0.637636721
				
-0.609647632	-0.356814951	-0.630248725	-0.690553844	-0.646108985
				
-0.610777378	-0.367306441	-0.635024905	-0.697804809	-0.65093112
				
-0.611070752	-0.372213244	-0.635702312	-0.700281262	-0.651704907
				
-0.611289144	-0.377872705	-0.638854504	-0.705011308	-0.65576005
				
-0.611045957	-0.382588685	-0.64282155	-0.710956573	-0.659980237
				
-0.610550463	-0.382210493	-0.642968953	-0.712995648	-0.661166012
				
-0.609932959	-0.383786887	-0.643057287	-0.714675963	-0.663352311
				
-0.608875334	-0.385357141	-0.643792629	-0.716375113	-0.665982485
				
-0.608172536	-0.382669747	-0.643914938	-0.716900349	-0.667465448
				
-0.607709229	-0.381041795	-0.645728528	-0.719445586	-0.670979202
				
-0.607091427	-0.377230734	-0.646622658	-0.720809817	-0.673287213
				
-0.606427312	-0.371022135	-0.645647764	-0.720097184	-0.673406899
				
-0.6052863	-0.364905894	-0.650296569	-0.724674284	-0.676597714
				
-0.605410933	-0.365414023	-0.657744408	-0.732367218	-0.682341576
				
-0.606675744	-0.365201235	-0.667923927	-0.742799819	-0.689014018
				
-0.608061731	-0.375758797	-0.672559142	-0.748362541	-0.692928851
				
-0.60914731	-0.388274848	-0.679988205	-0.755750537	-0.698504388
				
-0.60968256	-0.394940317	-0.686707139	-0.762944043	-0.704193711
				
-0.610683382	-0.399646968	-0.692084551	-0.769197047	-0.709729016
				
-0.611528754	-0.399439603	-0.694045603	-0.772443175	-0.712360799
				
-0.612039983	-0.392884701	-0.691975474	-0.771190822	-0.710796118
				
-0.611951172	-0.386384964	-0.689073026	-0.768844664	-0.708058238
				
-0.611889541	-0.378616035	-0.683825493	-0.763811052	-0.702886045
				
-0.612199545	-0.373153657	-0.681108177	-0.760630965	-0.699744999
				
-0.612589478	-0.366445035	-0.679500222	-0.758298934	-0.69687885
				
-0.613611579	-0.362729669	-0.680309534	-0.758313358	-0.695287168
				
-0.613911569	-0.360913664	-0.680598199	-0.757407069	-0.691648543
				
-0.614425898	-0.361639768	-0.675868034	-0.752566159	-0.685255587
				
-0.625089824	-0.3884691	-0.66801542	-0.741922319	-0.66775775
				
-0.630478323	-0.396873981	-0.656273782	-0.728040576	-0.65208149
				
-0.632394612	-0.402206779	-0.653558612	-0.724080384	-0.651184916
				
-0.632168531	-0.406900406	-0.645295382	-0.717364311	-0.647027373
				
-0.630102992	-0.405245006	-0.630895615	-0.709119558	-0.641917944
				
-0.628848135	-0.418162256	-0.644429803	-0.727536082	-0.661024928
				
-0.627815425	-0.415788621	-0.651538253	-0.738992691	-0.674109101
				
-0.627770543	-0.401402652	-0.651318073	-0.742381096	-0.677008212
				
-0.626491666	-0.39371413	-0.658550262	-0.748513818	-0.680539012
				
-0.62468034	-0.40257588	-0.670148671	-0.756188154	-0.683953881
				
-0.622969389	-0.413539052	-0.679270864	-0.76159966	-0.685845375
				
-0.621556044	-0.425623864	-0.68687427	-0.766590893	-0.686950326
				
-0.620517373	-0.439650446	-0.684468627	-0.760696709	-0.678619504
				
-0.621723533	-0.43893078	-0.679698408	-0.756351471	-0.670372009
				
-0.6220752	-0.435019523	-0.673277974	-0.750258446	-0.661821604
				
-0.625957012	-0.420783967	-0.65969938	-0.73556906	-0.645228624
				
-0.625602365	-0.41045785	-0.646824718	-0.722769499	-0.633330107
				
-0.624648094	-0.409218132	-0.639210463	-0.714214146	-0.625575244
				
-0.624221563	-0.400233686	-0.630299687	-0.705322444	-0.617624521
				
-0.623809874	-0.393471539	-0.61891067	-0.698228121	-0.613840461
				
-0.622252643	-0.395077795	-0.610041142	-0.694139779	-0.615626812
				
-0.622154891	-0.401885271	-0.612606585	-0.6986835	-0.628955305
				
-0.623032331	-0.409000278	-0.61418426	-0.700800717	-0.641699791
				
-0.622849226	-0.419086993	-0.61730206	-0.705173016	-0.654564917
				
-0.622190773	-0.423439503	-0.616381884	-0.705653608	-0.658924818
				
-0.621493876	-0.425554693	-0.616093934	-0.706480563	-0.664327264
				
-0.620809495	-0.423443615	-0.614159882	-0.707380474	-0.670820951
				
-0.622951925	-0.425216407	-0.598272085	-0.691302419	-0.662552595
				
-0.623498321	-0.431279182	-0.595794857	-0.683287144	-0.660782039
				
-0.623005331	-0.435718447	-0.605389178	-0.690031409	-0.668412805
				
-0.623381257	-0.442073792	-0.612693667	-0.699301481	-0.673944294
				
-0.623674452	-0.448352754	-0.619186223	-0.707337856	-0.676066101
				
-0.623803496	-0.45386824	-0.620904744	-0.71237433	-0.676395118
				
-0.623859763	-0.459783435	-0.625035286	-0.717474699	-0.677799881
				
-0.623735785	-0.463499218	-0.626937687	-0.71996969	-0.677627802
				
-0.623694718	-0.47031486	-0.633528233	-0.725364089	-0.680983424
				
-0.623868644	-0.474669456	-0.638096392	-0.729531288	-0.683003902
				
-0.624567926	-0.47614786	-0.642960489	-0.733100474	-0.684899926
				
-0.626188636	-0.480847657	-0.643211722	-0.729403734	-0.68171984
				
-0.627593875	-0.488137364	-0.63946712	-0.724711537	-0.67912221
				
-0.628017783	-0.491593063	-0.626892447	-0.714054108	-0.671093285
				
-0.626857102	-0.491084844	-0.623497605	-0.714371383	-0.672823012
				
-0.625565886	-0.493890643	-0.623794079	-0.719268262	-0.676464796
				
-0.625781715	-0.497158587	-0.618218005	-0.716447711	-0.672978401
				
-0.626049042	-0.495377719	-0.622327149	-0.722400606	-0.677592933
				
-0.626260579	-0.495984733	-0.616398692	-0.719064832	-0.673568964
				
-0.626470804	-0.495663553	-0.628971756	-0.728825033	-0.681996047
				
-0.626221061	-0.49933812	-0.644139767	-0.741460085	-0.691989839
				
-0.626064539	-0.500524044	-0.655291021	-0.751408815	-0.698491096
				
-0.62592113	-0.50585407	-0.666333973	-0.761005759	-0.704877377
				
-0.625797272	-0.508364439	-0.671495497	-0.766722977	-0.707995951
				
-0.625461161	-0.512778819	-0.677221715	-0.771685362	-0.711405516
				
-0.625626743	-0.511818886	-0.680818558	-0.774014652	-0.713416278
				
-0.62554127	-0.511325598	-0.685897529	-0.777824581	-0.716612399
				
-0.626359284	-0.506080389	-0.688685358	-0.778586805	-0.716800749
				
-0.627496302	-0.498927265	-0.689205766	-0.778169274	-0.715639174
				
-0.627202153	-0.494937956	-0.690218389	-0.780706823	-0.717232287
				
-0.62694788	-0.496011674	-0.693957686	-0.786709249	-0.722081184
				
-0.625194311	-0.494625062	-0.705552876	-0.79526943	-0.730044603
				
-0.624229193	-0.49176836	-0.71633482	-0.804117501	-0.736943901
				
-0.623603225	-0.488859504	-0.726298511	-0.812377751	-0.743016422
				
-0.62357533	-0.484020829	-0.733033299	-0.816361547	-0.745164394
				
-0.623897433	-0.487374425	-0.7408126	-0.821757317	-0.749253809
				
-0.624485016	-0.494780928	-0.746026397	-0.825358748	-0.752000928
				
-0.613059521	-0.44048661	-0.727294803	-0.8219648	-0.741463304
				
-0.617877126	-0.449252248	-0.715517163	-0.813078821	-0.733300865
				
-0.624416947	-0.45112142	-0.709078968	-0.804058492	-0.729016066
				
-0.628127813	-0.451759607	-0.706075609	-0.799901724	-0.728119969
				
-0.630497932	-0.452180505	-0.699775517	-0.792553484	-0.721943736
				
-0.631165504	-0.453317672	-0.687712252	-0.781422913	-0.710533321
				
-0.631454587	-0.464384407	-0.685308099	-0.77429837	-0.70160985
				
-0.633211076	-0.454077393	-0.66836834	-0.759027898	-0.686741173
				
-0.633133769	-0.441282123	-0.6541785	-0.745668173	-0.669876873
				
-0.633759141	-0.449189156	-0.64493072	-0.731597424	-0.650494814
				
-0.634527326	-0.429177284	-0.62251544	-0.719197214	-0.636934698
				
-0.634162903	-0.40805918	-0.606411874	-0.704357862	-0.625090778
				
-0.633613706	-0.391293943	-0.605882049	-0.70078814	-0.622644126
				
-0.632691145	-0.38670069	-0.614098787	-0.703786671	-0.623132706
				
-0.632280529	-0.387092769	-0.624765992	-0.709338546	-0.625808954
				
-0.631726503	-0.399399549	-0.643331051	-0.724750042	-0.637061119
				
-0.629969656	-0.421851754	-0.66421628	-0.74268049	-0.650235474
				
-0.629145741	-0.449271083	-0.688631177	-0.766155541	-0.670474887
				
-0.628017724	-0.467481464	-0.704496324	-0.782494307	-0.685976505
				
-0.626860976	-0.48078531	-0.716803014	-0.79595089	-0.699944854
				
-0.626220584	-0.485598475	-0.722910285	-0.804139793	-0.709094107
				
-0.626429439	-0.492795289	-0.733005881	-0.816581726	-0.722392797
				
-0.626663804	-0.494582534	-0.738242328	-0.823859572	-0.730524063
				
-0.626734495	-0.490407139	-0.738735318	-0.826246023	-0.734082758
				
-0.627115607	-0.483048677	-0.735797822	-0.824929416	-0.734660983
				
-0.628141701	-0.483311683	-0.731075048	-0.818873346	-0.729684651
				
-0.629890442	-0.473228097	-0.730028033	-0.818369806	-0.730380476
				
-0.630424082	-0.472056329	-0.732803166	-0.821805537	-0.73407656
				
-0.63029927	-0.473290026	-0.734297037	-0.823203921	-0.735433698
				
-0.630052149	-0.47369498	-0.733181179	-0.821707547	-0.733744264
				
-0.629624307	-0.475795597	-0.732072949	-0.819860578	-0.730829239
				
-0.629620433	-0.473563671	-0.728879511	-0.8161726	-0.726346552
				
-0.629610538	-0.472907305	-0.723447442	-0.811398804	-0.720895052
				
-0.62975347	-0.46868822	-0.714057267	-0.80333662	-0.711900771
				
-0.629905879	-0.462072819	-0.702575684	-0.79261297	-0.700497746
				
-0.628585696	-0.453547597	-0.68689537	-0.776823461	-0.683644116
				
-0.629052281	-0.425067186	-0.651549339	-0.746363938	-0.654206514
				
-0.630068302	-0.409956247	-0.629335046	-0.720637619	-0.636750221
				
-0.625311971	-0.404050022	-0.598354578	-0.693478346	-0.621881902
				
-0.623759806	-0.423375368	-0.582455873	-0.67287308	-0.624061763
				
-0.622553408	-0.4192442	-0.546825945	-0.646650612	-0.614425898
				
-0.621365786	-0.430594772	-0.507016063	-0.632975757	-0.611291289
				
-0.62252295	-0.454831213	-0.488855183	-0.63342011	-0.611728966
				
-0.622709394	-0.466630965	-0.47073853	-0.635690987	-0.611722171
				
-0.621058106	-0.482684314	-0.470559061	-0.634276986	-0.612142086
				
-0.619672656	-0.481457174	-0.479379624	-0.647235751	-0.617513418
				
-0.616562903	-0.479767412	-0.483986378	-0.654076874	-0.61880362
				
-0.615843058	-0.469852686	-0.49490127	-0.670878172	-0.621562898
				
-0.614261508	-0.466012836	-0.504989386	-0.687099993	-0.622668982
				
-0.612290204	-0.467206359	-0.516994536	-0.698840857	-0.620714664
				
-0.611139417	-0.475302696	-0.542177856	-0.708004713	-0.62231493
				
-0.610250115	-0.481853753	-0.568251252	-0.717143238	-0.62655282
				
-0.610328436	-0.486257851	-0.591273904	-0.723179579	-0.630148292
				
-0.610075653	-0.484334081	-0.606972039	-0.724018037	-0.631806195
				
-0.609779298	-0.47720471	-0.616162241	-0.724853814	-0.632747591
				
-0.610784769	-0.465233773	-0.621785641	-0.725248337	-0.635133386
				
-0.611159146	-0.454856336	-0.631656945	-0.730621934	-0.643339992
				
-0.6116153	-0.442881763	-0.637298942	-0.735377669	-0.650049865
				
-0.611496329	-0.435976923	-0.643937647	-0.743873	-0.659421623
				
-0.610925913	-0.428003311	-0.641408861	-0.746688664	-0.66166842
				
-0.610939264	-0.424349219	-0.634726286	-0.744774818	-0.658407092
				
-0.611723125	-0.42528826	-0.61382395	-0.748491585	-0.651616454
				
-0.613081217	-0.432384461	-0.593690157	-0.741507888	-0.646232784
				
-0.613438666	-0.434133202	-0.572215438	-0.739133477	-0.641946495
				
-0.612282872	-0.434544533	-0.568742752	-0.739617288	-0.645528734
				
-0.612455487	-0.423838437	-0.564272344	-0.741479993	-0.65325433
				
-0.620158017	-0.412578613	-0.579478443	-0.75063318	-0.675214291
				
-0.623013198	-0.402354538	-0.598712087	-0.762036443	-0.691336632
				
-0.629072428	-0.457583725	-0.604134381	-0.767880797	-0.671653271
				
-0.629113019	-0.496192664	-0.594716907	-0.757657349	-0.642515779
				
-0.624960721	-0.522153199	-0.589245141	-0.741974354	-0.629649699
				
-0.618542135	-0.537883878	-0.588050544	-0.734077871	-0.622788906
				
-0.611146688	-0.549921036	-0.588168263	-0.729218185	-0.618217051
				
-0.604977131	-0.563538909	-0.591928244	-0.729523063	-0.619255543
				
-0.598240614	-0.581658602	-0.592113793	-0.722102702	-0.624161601
				
-0.59648788	-0.583865166	-0.596940219	-0.725728929	-0.630141616
				
-0.592753172	-0.594072878	-0.606910408	-0.737985194	-0.630521536
				
-0.592540026	-0.601187527	-0.601630867	-0.742664576	-0.628535569
				
-0.591742516	-0.609519541	-0.597103655	-0.737892151	-0.622928858
				
-0.58873409	-0.626881182	-0.588555574	-0.726466656	-0.60996151
				
-0.584685683	-0.64267993	-0.588595927	-0.716091692	-0.606052279
				
-0.580418944	-0.652774692	-0.590071738	-0.706472754	-0.596246064
				
-0.578041375	-0.658972561	-0.595032334	-0.69885242	-0.588784873
				
-0.575484991	-0.662629485	-0.605066299	-0.695829868	-0.580364585
				
-0.573862314	-0.664441586	-0.61654675	-0.68925339	-0.570087194
				
-0.572060466	-0.666203856	-0.63165313	-0.684927762	-0.561314583
				
-0.570214689	-0.667733073	-0.639709175	-0.676406741	-0.549803019
				
-0.567679286	-0.667866707	-0.644317746	-0.66998297	-0.54092133
				
-0.568372607	-0.655605078	-0.643353045	-0.666291535	-0.537305593
				
-0.56915015	-0.6327191	-0.644871116	-0.667745888	-0.538302779
				
-0.572169185	-0.60053736	-0.639998555	-0.66697675	-0.536600113
				
-0.5740242	-0.573776484	-0.650811553	-0.669160366	-0.536379278
				
-0.575223744	-0.546544492	-0.656839848	-0.695340335	-0.55033046
				
-0.573689699	-0.529753089	-0.661527157	-0.726989627	-0.557500362
				
-0.578865826	-0.505837798	-0.67831403	-0.775384665	-0.640184164
				
-0.578285933	-0.508032918	-0.70108974	-0.774205625	-0.685555339
				
-0.573564291	-0.576798677	-0.71524775	-0.768261433	-0.699060678
				
-0.569118261	-0.677188396	-0.724045813	-0.763841391	-0.704975247
				
-0.565814257	-0.773795843	-0.729542315	-0.761133969	-0.70719862
				
-0.564569831	-0.835491776	-0.732571602	-0.763599396	-0.709949732
				
-0.565647066	-0.853233933	-0.73450011	-0.768492222	-0.713292897
				
-0.567368507	-0.858512163	-0.735620499	-0.77444768	-0.717111349
				
-0.582323313	-0.823194742	-0.731773853	-0.784694791	-0.722559452
				
-0.592091918	-0.80421567	-0.727419138	-0.790188551	-0.72594136
				
-0.598486364	-0.789690197	-0.725523949	-0.794824243	-0.731025577
				
-0.603108883	-0.773009658	-0.725600958	-0.799540102	-0.735435963
				
-0.605398774	-0.759376645	-0.726003349	-0.801720142	-0.737825513
				
-0.596350849	-0.774525762	-0.731695056	-0.796584964	-0.738826513
				
-0.600073099	-0.779845476	-0.727256477	-0.79867816	-0.737454176
				
-0.600539207	-0.770162821	-0.725770473	-0.798763037	-0.73573947
				
-0.598702908	-0.761681676	-0.726878762	-0.797699928	-0.732332349
				
-0.596123576	-0.748857379	-0.723142385	-0.797609687	-0.728653669
