0.430220723	-0.956596613	0.532861531	0.625776947	0.622678757
				
-0.531118035	-0.480595589	0.323961854	-0.148155987	-0.302843511
				
-0.47683391	-0.841711998	-0.049621582	-0.361112505	0.303500473
				
-0.4681243	-0.977613091	-0.225822747	-0.307702899	0.393648565
				
-0.442601949	-0.91956234	-0.017193764	-0.26080516	0.557527721
				
-0.401444882	-0.623152077	0.461434126	-0.055813193	0.574416518
				
-0.416042924	-0.538989127	0.580711067	0.332570463	0.600898147
				
-0.424984425	-0.521796644	0.565287888	0.455900013	0.577462852
				
-0.448435158	-0.511922598	0.5184412	0.556479931	0.528920054
				
-0.463039577	-0.494307101	0.494614333	0.602531433	0.487659276
				
-0.478233695	-0.471563011	0.489388555	0.622778356	0.433633327
				
-0.491366506	-0.498402774	0.493243098	0.617911637	0.36887297
				
-0.50978595	-0.49747926	0.465642273	0.609854877	0.282563239
				
-0.519658506	-0.532791793	0.438721538	0.561440825	0.156557888
				
-0.546342134	-0.556167662	0.351725101	0.596402407	0.136956692
				
-0.539533079	-0.619807541	0.253444642	0.622687817	0.223625094
				
-0.543016493	-0.62167263	0.15521574	0.656723619	0.275275022
				
-0.544972479	-0.585949183	0.062102258	0.649789095	0.300184041
				
-0.533380151	-0.598994136	-0.052166224	0.60846597	0.279620051
				
-0.513288558	-0.775107026	-0.181345195	0.433986902	0.255691946
				
-0.513652325	-0.889613211	-0.433178902	0.27784276	0.238468498
				
-0.509075522	-0.963926435	-0.555616498	0.247391075	0.234552622
				
-0.50585562	-0.996124268	-0.548111916	0.242729187	0.232455939
				
-0.487426341	-0.995407104	-0.489007026	0.234410107	0.215613633
				
-0.465494931	-0.995919108	-0.415178239	0.185471922	0.124645829
				
-0.453619629	-0.99326694	-0.293113142	0.167034179	0.080364734
				
-0.456774443	-0.968888164	-0.256802291	0.152466893	0.052499741
				
-0.460416794	-0.965113878	-0.330029696	0.166640729	0.041267663
				
-0.473818868	-0.933326066	-0.146267682	0.147078305	0.018582195
				
-0.482181758	-0.883371949	-0.03479442	0.132497549	0.005873919
				
-0.480048686	-0.904545426	0.006143868	0.1369932	-0.013525218
				
-0.474880785	-0.892535925	-0.006495833	0.130269706	-0.012102395
				
-0.479360223	-0.903473854	-0.061785907	0.129306644	-0.027675241
				
-0.474252254	-0.785623789	-0.060866922	0.132158995	-0.00065583
				
-0.472678691	-0.808322549	-0.151012987	0.121792614	-0.017267853
				
-0.470692486	-0.750135422	-0.148906171	0.114047348	-0.006122142
				
-0.471345037	-0.694944501	-0.228965774	0.125234216	0.022658199
				
-0.473377079	-0.738541126	-0.249779135	0.142958194	0.057356596
				
-0.491336495	-0.84266448	-0.274462819	0.1612387	0.106936872
				
-0.495663345	-0.845705152	-0.278611004	0.179889739	0.133093566
				
-0.490605623	-0.853430688	-0.288338244	0.197035819	0.158274144
				
-0.487848163	-0.941512644	-0.281350136	0.226121366	0.200791329
				
-0.495864511	-0.988265753	-0.292801887	0.253806621	0.234160125
				
-0.508291423	-0.994618893	-0.323231667	0.265313119	0.24732551
				
-0.516938567	-0.924368262	-0.34861517	0.276801378	0.27158758
				
-0.525330067	-0.787789524	-0.35037899	0.323732734	0.313391358
				
-0.534464657	-0.823677659	-0.328155637	0.367223322	0.362855226
				
-0.547033131	-0.821792543	-0.312727541	0.410657942	0.402400225
				
-0.564985871	-0.819610834	-0.350679874	0.447173774	0.41207999
				
-0.579534411	-0.799815536	-0.373079419	0.451588273	0.393119127
				
-0.59711647	-0.909955025	-0.386466414	0.477405578	0.400060862
				
-0.618309319	-0.973632097	-0.437686831	0.500405908	0.393701434
				
-0.63365829	-0.998345971	-0.418144524	0.531515658	0.391499549
				
-0.647991121	-0.997907043	-0.43349129	0.55600059	0.382651359
				
-0.662840843	-0.979163527	-0.417176843	0.573710561	0.377671361
				
-0.67527312	-0.963401794	-0.408682942	0.586418569	0.369300961
				
-0.688489914	-0.967788339	-0.416263878	0.600602865	0.368847489
				
-0.699873805	-0.962736845	-0.38527739	0.60193789	0.357285351
				
-0.701890469	-0.978486359	-0.243955851	0.614711583	0.370554984
				
-0.700808704	-0.93549037	-0.192497626	0.605958998	0.374816269
				
-0.696132898	-0.67192179	-0.200416818	0.566149414	0.364903927
				
-0.683076382	-0.281582236	-0.186051637	0.539071262	0.35666436
				
-0.666921973	-0.298541605	-0.180517435	0.509965301	0.346833974
				
-0.64446491	-0.315605879	-0.210168704	0.425939947	0.305697203
				
-0.620449662	-0.31594649	-0.189944327	0.375308782	0.279334366
				
-0.601237357	-0.31768769	-0.111659199	0.354601324	0.27465862
				
-0.575747788	-0.309380025	-0.107403696	0.317332447	0.262277007
				
-0.528105199	-0.247931495	-0.024829969	0.289490134	0.259675264
				
-0.469016075	-0.159027085	0.631177247	0.250455052	0.216907173
				
-0.437030792	-0.160463855	0.617789507	0.245673627	0.199834242
				
-0.398516148	-0.118270352	0.407378674	0.265138268	0.210531354
				
-0.373500079	-0.186754256	0.486886501	0.292681307	0.223772317
				
-0.33861208	-0.191124365	-0.949143231	0.274102896	0.195648059
				
-0.3460446	-0.256725818	-0.790352881	0.274565101	0.176922411
				
-0.391272247	-0.285990298	-0.768451691	0.255587488	0.139159843
				
-0.482868016	-0.309540927	-0.457676679	0.067616671	0.035924301
				
-0.558059633	-0.25537923	-0.377721012	0.201868311	0.117070235
				
-0.207878888	-0.223776549	-0.419412524	0.839493334	0.494772673
				
-0.599530399	0.229753286	0.242857769	0.445239782	0.45147863
				
-0.363233089	-0.627137601	0.561837792	0.518256366	0.446312666
				
-0.325974613	-0.9937886	0.526943445	0.491532385	0.433903843
				
-0.337161094	-0.728741109	0.527243733	0.494929433	0.424828798
				
-0.354611844	-0.616492271	0.54091692	0.501769185	0.420439422
				
-0.369312912	-0.62748456	0.536268234	0.505109727	0.421172619
				
-0.362340033	-0.654512107	0.535283566	0.511400163	0.429337323
				
-0.35280332	-0.663713694	0.535964608	0.514880717	0.434695244
				
-0.341868877	-0.6758461	0.535660505	0.519844413	0.440882623
				
-0.337842703	-0.68278712	0.532856286	0.520069659	0.445019305
				
-0.336695105	-0.691915989	0.529655933	0.521124482	0.451259136
				
-0.339453042	-0.691172361	0.528391361	0.519331932	0.451989114
				
-0.340969503	-0.694242418	0.525689006	0.518302143	0.455251813
				
-0.342538029	-0.698260665	0.525400996	0.517333388	0.456317157
				
-0.340121448	-0.707488656	0.52682966	0.517221391	0.459070951
				
-0.335205764	-0.714152515	0.531357706	0.517382383	0.458974898
				
-0.332209736	-0.718242109	0.534502029	0.517673433	0.456698
				
-0.330438703	-0.720291197	0.537208915	0.518163204	0.453675032
				
-0.330822647	-0.720470667	0.540933549	0.519810677	0.451797307
				
-0.331491351	-0.720139742	0.543346643	0.521674991	0.45015201
				
-0.332033128	-0.719254255	0.544712901	0.523378909	0.449739635
				
-0.33210361	-0.717384696	0.544767022	0.524829686	0.449464977
				
-0.332827896	-0.715781987	0.54536581	0.526006639	0.449718773
				
-0.335087866	-0.714907885	0.544972479	0.526406705	0.450811863
				
-0.337189108	-0.71310997	0.545813203	0.526948214	0.451694191
				
-0.339812189	-0.711203814	0.545942664	0.526792109	0.452408016
				
-0.342030525	-0.709187567	0.545017719	0.526203692	0.452640533
				
-0.343941957	-0.70558846	0.545136273	0.525601268	0.452841043
				
-0.344886839	-0.701497734	0.544533193	0.52439034	0.452372134
				
-0.345959306	-0.698556423	0.543602705	0.523177862	0.451527953
				
-0.347315341	-0.697574854	0.54021579	0.51842916	0.449673772
				
-0.34818387	-0.697120905	0.538165569	0.514703512	0.447795153
				
-0.34838286	-0.695427239	0.536865115	0.511549592	0.444513619
				
-0.349190295	-0.692657948	0.535114408	0.508393645	0.440849125
				
-0.350401372	-0.691717863	0.534935951	0.507530212	0.439285308
				
-0.350530177	-0.692338645	0.534140944	0.507342935	0.437720239
				
-0.350408196	-0.694418728	0.533812582	0.507219672	0.437269866
				
-0.349473804	-0.700475931	0.533736706	0.507610023	0.437383831
				
-0.35198307	-0.707126558	0.531517386	0.505469263	0.437024504
				
-0.363906264	-0.70183754	0.527480841	0.501032114	0.434878528
				
-0.361833662	-0.696103454	0.529978931	0.501662135	0.428728759
				
-0.366351992	-0.688738942	0.523759961	0.49644047	0.427081943
				
-0.365234435	-0.686581075	0.524499357	0.499173552	0.424731195
				
-0.373374522	-0.679994345	0.517570972	0.494726866	0.424244463
				
-0.37183398	-0.674058199	0.521517813	0.49730587	0.423034549
				
-0.373183042	-0.653923035	0.515730917	0.491571844	0.421932757
				
-0.366180152	-0.651443422	0.519321084	0.491828144	0.421567321
				
-0.367561728	-0.628599644	0.518347442	0.48836267	0.420434177
				
-0.368906975	-0.618579626	0.51905477	0.488783419	0.419228852
				
-0.367899805	-0.606030345	0.520988822	0.490763485	0.421212077
				
-0.368422389	-0.596814275	0.518436253	0.490344703	0.422014356
				
-0.364169985	-0.592298388	0.520460248	0.491467595	0.423113763
				
-0.368646979	-0.583541393	0.513607264	0.488834977	0.422508955
				
-0.367651165	-0.587002039	0.508050084	0.486560106	0.422341615
				
-0.369038582	-0.582827747	0.501008153	0.482378751	0.419484735
				
-0.372701496	-0.576431572	0.494215727	0.476684988	0.415682137
				
-0.372812152	-0.570870042	0.488185585	0.471646786	0.409385413
				
-0.358776301	-0.540516198	0.517024577	0.482673585	0.389390171
				
-0.339478761	-0.523247242	0.54119879	0.494151175	0.377152085
				
-0.330898583	-0.513045192	0.553225815	0.49907732	0.375285178
				
-0.327651501	-0.506948292	0.561602056	0.501525402	0.386934191
				
-0.321712583	-0.502338886	0.56711936	0.503393233	0.398461252
				
-0.317756921	-0.492546976	0.569121897	0.502551138	0.411806822
				
-0.317314804	-0.48123914	0.569376767	0.499064565	0.420592964
				
-0.317094058	-0.477928162	0.568054795	0.494676799	0.417827517
				
-0.31542325	-0.47728312	0.565936685	0.491502136	0.409704983
				
-0.317524672	-0.477278352	0.560322464	0.485906392	0.398083687
				
-0.315374583	-0.47166732	0.553617537	0.479139507	0.367112279
				
-0.31952101	-0.4633075	0.548785686	0.478522182	0.353406608
				
-0.320459396	-0.461177409	0.547344804	0.47755152	0.358924955
				
-0.320632041	-0.461975932	0.544396222	0.478465021	0.359708697
				
-0.321449578	-0.436173677	0.539328814	0.482628405	0.356604695
				
-0.322178453	-0.408524573	0.533069909	0.481677234	0.356743366
				
-0.309875906	-0.375195146	0.51253283	0.465092897	0.343904108
				
-0.298118472	-0.316762835	0.490624845	0.448189944	0.315170407
				
-0.286619097	-0.294738591	0.47143209	0.433217049	0.299763203
				
-0.280025214	-0.269826174	0.457004994	0.421026468	0.289243281
				
-0.267596811	-0.254344523	0.447401583	0.411904752	0.280805528
				
-0.261147529	-0.251953453	0.4437446	0.407378256	0.279056668
				
-0.257470489	-0.23999694	0.44530654	0.407124519	0.285146892
				
-0.259779483	-0.232075259	0.445085198	0.405613631	0.295214772
				
-0.263950914	-0.285100639	0.450325549	0.407052338	0.312467158
				
-0.270832926	-0.285369635	0.452527732	0.407043695	0.322407097
				
-0.275738537	-0.268657863	0.455126792	0.40699324	0.330246329
				
-0.283815801	-0.297042102	0.460957676	0.408948779	0.339025199
				
-0.292884946	-0.330550522	0.458435833	0.40499106	0.345812261
				
-0.296061665	-0.35029608	0.462540776	0.406146586	0.346221447
				
-0.296635807	-0.362077981	0.465600133	0.408050239	0.347042084
				
-0.296206176	-0.361565232	0.465106189	0.409458905	0.346997619
				
-0.291857362	-0.365073204	0.467204928	0.411984116	0.348227739
				
-0.28830716	-0.371382594	0.472521871	0.41523394	0.351662904
				
-0.282985985	-0.375615776	0.477262259	0.417362213	0.354538471
				
-0.280924886	-0.376873016	0.477748573	0.417834938	0.35496527
				
-0.281042129	-0.378258169	0.478222251	0.418429941	0.356088877
				
-0.278893828	-0.383372605	0.4831146	0.421293914	0.359307259
				
-0.276677758	-0.379648387	0.485079885	0.422549069	0.359321356
				
-0.278199345	-0.376421899	0.486286789	0.423355579	0.358309358
				
-0.28408888	-0.376970589	0.484461963	0.422056198	0.357613325
				
-0.283614188	-0.377839714	0.487451881	0.423254609	0.359361231
				
-0.283139735	-0.378949374	0.488325566	0.423108131	0.3587448
				
-0.290308237	-0.380258024	0.485112518	0.421200216	0.357352436
				
-0.28925994	-0.383836925	0.486553729	0.421455264	0.359784365
				
-0.291170686	-0.37735039	0.484955251	0.418804586	0.355369747
				
-0.294302374	-0.372459888	0.481717139	0.415076345	0.354718924
				
-0.293414205	-0.366298258	0.480340064	0.412107706	0.351220489
				
-0.294201463	-0.360701472	0.482081562	0.41008544	0.351547301
				
-0.297428221	-0.353086799	0.479651928	0.406580329	0.350873053
				
-0.29981178	-0.353941977	0.480976462	0.40688163	0.351086199
				
-0.301470995	-0.361853361	0.485061824	0.408777952	0.355426371
				
-0.303771138	-0.3688398	0.489326417	0.410375416	0.358318776
				
-0.308104426	-0.390563786	0.514204264	0.422101796	0.383308709
				
-0.3130382	-0.407269418	0.537975609	0.435611546	0.40913716
				
-0.31308201	-0.427295387	0.561502635	0.451864213	0.428831577
				
-0.312416643	-0.441218197	0.580082417	0.465340018	0.442031443
				
-0.315043688	-0.472117543	0.559702337	0.462288201	0.431485593
				
-0.32296887	-0.495933592	0.539251685	0.455337405	0.422104061
				
-0.331501007	-0.512503028	0.524134278	0.454054087	0.413600206
				
-0.347021371	-0.529938936	0.512412667	0.454879284	0.409362108
				
-0.360752672	-0.541474044	0.501065254	0.452094316	0.405130148
				
-0.368663549	-0.546013832	0.490884721	0.44933933	0.402535915
				
-0.36902675	-0.553525627	0.486010611	0.450877607	0.404315054
				
-0.370271683	-0.557323456	0.481634915	0.447541773	0.406051278
				
-0.364247918	-0.560434222	0.482345939	0.449365795	0.41078347
				
-0.357295245	-0.565672517	0.480963886	0.450772464	0.413416982
				
-0.34804669	-0.567412138	0.480774194	0.451204181	0.414621085
				
-0.340568662	-0.56716001	0.481920898	0.453367352	0.414217234
				
-0.336455077	-0.567876101	0.481836259	0.455483437	0.409835339
				
-0.337810218	-0.56251359	0.47688818	0.451959193	0.402811587
				
-0.34255746	-0.553703785	0.472761631	0.452274889	0.393374026
				
-0.34958905	-0.544414878	0.467544317	0.452737212	0.384772271
				
-0.358053505	-0.530331194	0.460858226	0.449064463	0.375644863
				
-0.365521789	-0.5111745	0.459546894	0.448451251	0.368311048
				
-0.372705489	-0.491372496	0.459759057	0.44836688	0.363500416
				
-0.375284493	-0.479002923	0.459928334	0.447383821	0.36135751
				
-0.375041068	-0.48038131	0.458592892	0.445303321	0.360900223
				
-0.374695152	-0.479816616	0.455999166	0.441070378	0.360208452
				
-0.375331521	-0.47640875	0.455360651	0.437826872	0.359744012
				
-0.377225339	-0.480625957	0.454058945	0.435040951	0.359179735
				
-0.378413469	-0.486176193	0.452800393	0.432692587	0.358370841
				
-0.377870411	-0.49077338	0.453923136	0.432443321	0.358131111
				
-0.38137868	-0.507164896	0.457091689	0.430158198	0.35722208
				
-0.382879734	-0.516646802	0.459479511	0.427378356	0.356283069
				
-0.382930815	-0.526611507	0.460736275	0.425401151	0.353525907
				
-0.381887764	-0.523856997	0.461342633	0.423309028	0.350355417
				
-0.385955751	-0.520593643	0.463976324	0.423865259	0.350495398
				
-0.380269617	-0.508930743	0.463041186	0.425315857	0.349081665
				
-0.376878798	-0.490039676	0.462127745	0.426424205	0.350908369
				
-0.379950672	-0.484023333	0.457800776	0.42512387	0.354714692
				
-0.369595587	-0.4760575	0.46563223	0.439791769	0.367536455
				
-0.35568893	-0.485935926	0.464150757	0.43791908	0.37371099
				
-0.341386855	-0.49196431	0.463396907	0.437572032	0.376270056
				
-0.340092957	-0.497783303	0.467988729	0.443436623	0.383574367
				
-0.328917027	-0.515271604	0.470828921	0.445496082	0.388169736
				
-0.3270711	-0.531691313	0.476491004	0.446898401	0.393019497
				
-0.328365713	-0.545343161	0.48376134	0.45582056	0.401965588
				
-0.327638417	-0.558555722	0.488284379	0.458287567	0.407155931
				
-0.328869581	-0.55571568	0.531739235	0.477303356	0.43464011
				
-0.334698141	-0.532605767	0.564529419	0.494228274	0.449544787
				
-0.333382696	-0.519854724	0.580836356	0.500898719	0.460211575
				
-0.326190352	-0.500287175	0.593394756	0.506262779	0.466006339
				
-0.327547699	-0.478765696	0.594007373	0.503255486	0.465976119
				
-0.32338956	-0.465100586	0.590421319	0.498374224	0.46026054
				
-0.314962357	-0.446961641	0.587979674	0.497572392	0.460022569
				
-0.314993918	-0.430305898	0.573836565	0.486894488	0.44982338
				
-0.308684558	-0.419849515	0.567215919	0.484162837	0.442632675
				
-0.308157146	-0.418187439	0.561589837	0.483952194	0.44161588
				
-0.307209015	-0.414972812	0.554817259	0.481581569	0.43794772
				
-0.302775651	-0.408748358	0.551322281	0.479958117	0.432555526
				
-0.298818648	-0.401278228	0.530625165	0.459364593	0.408318996
				
-0.291382968	-0.392299831	0.509603679	0.441877842	0.382596672
				
-0.287255198	-0.384535432	0.495064914	0.429429352	0.364059746
				
-0.284675092	-0.383839309	0.485942215	0.420226693	0.350447357
				
-0.278060764	-0.385641992	0.481603652	0.414562583	0.340051502
				
-0.269522697	-0.38885963	0.480615437	0.413700461	0.333784759
				
-0.257131577	-0.362001836	0.479061872	0.414458454	0.328032255
				
-0.249957651	-0.331094384	0.476909637	0.414693773	0.323928207
				
-0.246141136	-0.291693985	0.475150883	0.415498108	0.323085248
				
-0.249902457	-0.31683901	0.476328313	0.41684708	0.326926351
				
-0.255181938	-0.343348861	0.478100449	0.417648196	0.331697583
				
-0.261904389	-0.362192839	0.47979182	0.417841434	0.335423827
				
-0.2649692	-0.377670527	0.480527103	0.416902125	0.33632797
				
-0.26388222	-0.390322685	0.483625084	0.416446328	0.336222261
				
-0.261295468	-0.399142861	0.486276627	0.416089922	0.335696757
				
-0.259043336	-0.404689908	0.489076793	0.416392505	0.335383117
				
-0.258800894	-0.406581163	0.489874661	0.416600317	0.335303187
				
-0.264000922	-0.403551698	0.490346849	0.417559147	0.339090466
				
-0.261918426	-0.401574314	0.49445051	0.421384215	0.347705126
				
-0.258209497	-0.399354517	0.497304738	0.423884749	0.349213183
				
-0.257198334	-0.399134219	0.495510876	0.424340904	0.347506344
				
-0.269819528	-0.396899939	0.495053262	0.423697889	0.352373064
				
-0.270822853	-0.394075155	0.498969108	0.425901443	0.358635753
				
-0.274386078	-0.395801574	0.500609279	0.425735116	0.357715249
				
-0.282571703	-0.397574276	0.506661594	0.428876162	0.367641628
				
-0.283145338	-0.393226504	0.508257389	0.429021358	0.367007613
				
-0.28938666	-0.396111339	0.511803627	0.428528219	0.370010495
				
-0.293702066	-0.389538169	0.513522446	0.428998768	0.372754484
				
-0.303501904	-0.413896739	0.538242579	0.445775568	0.398732364
				
-0.312881351	-0.423179269	0.554586411	0.460071802	0.420217574
				
-0.310816854	-0.431986809	0.569200277	0.477979898	0.437375128
				
-0.314118743	-0.443682998	0.583311319	0.491854072	0.450197935
				
-0.316031128	-0.443560153	0.585772097	0.49280116	0.455504179
				
-0.314045668	-0.442980587	0.587839782	0.49651432	0.458468258
				
-0.313708186	-0.447946995	0.594174325	0.501925588	0.462719738
				
-0.31678164	-0.450429678	0.595101893	0.499728084	0.462016612
				
-0.319018245	-0.443042874	0.58814168	0.491262794	0.457155168
				
-0.320290357	-0.437075913	0.587065279	0.488122523	0.453096807
				
-0.322038889	-0.444488704	0.58865428	0.487258285	0.452067465
				
-0.32799682	-0.446718395	0.586764395	0.482567579	0.449102044
				
-0.332375139	-0.445022762	0.587462366	0.479412973	0.445470423
				
-0.33375591	-0.465582341	0.561744452	0.464941144	0.433689862
				
-0.348139048	-0.499684453	0.523453593	0.451052904	0.419474959
				
-0.350061208	-0.529539883	0.499176741	0.444150388	0.415025115
				
-0.343647093	-0.540799618	0.47878477	0.439034224	0.409022719
				
-0.337823033	-0.549227476	0.474002868	0.443526864	0.408494115
				
-0.340154886	-0.563757718	0.468218714	0.444125593	0.407123268
				
-0.334198803	-0.571319222	0.461479127	0.442757785	0.403717339
				
-0.325355053	-0.577981353	0.464794815	0.450587332	0.405116171
				
-0.323629916	-0.590373099	0.468516111	0.453225523	0.403274804
				
-0.321638495	-0.597504735	0.46238631	0.446843386	0.395838946
				
-0.314407229	-0.586994886	0.462916672	0.446187705	0.392966658
				
-0.313296854	-0.564538002	0.468483567	0.44786495	0.394589335
				
-0.321881801	-0.555392921	0.465768158	0.443142831	0.392431855
				
-0.32451725	-0.550865769	0.467003763	0.442700267	0.395970881
				
-0.320773691	-0.543557286	0.469814003	0.44274056	0.397873193
				
-0.327386141	-0.556892276	0.470558047	0.443208694	0.396511257
				
-0.334299743	-0.561772466	0.466263831	0.436783582	0.385336757
				
-0.334889203	-0.540762603	0.458980978	0.428562641	0.377499878
				
-0.346590281	-0.520252287	0.508012295	0.446381807	0.359707534
				
-0.361500889	-0.467591703	0.53783834	0.460924983	0.34219265
				
-0.380491823	-0.478714377	0.560748219	0.46988678	0.335973263
				
-0.396752089	-0.495413601	0.576394558	0.476939142	0.331085384
				
-0.407055378	-0.491847217	0.591710091	0.481425852	0.325875044
				
-0.418069124	-0.493808329	0.610070825	0.485924721	0.328993082
				
-0.423958212	-0.52452749	0.620716214	0.489252925	0.329398811
				
-0.41976282	-0.511372924	0.569823205	0.471917331	0.339221656
				
-0.407499254	-0.509204865	0.529770732	0.458848298	0.34860146
				
-0.40545401	-0.527924836	0.501850009	0.451824844	0.36257726
				
-0.407435924	-0.544467449	0.48039031	0.444626719	0.373849809
				
-0.407764614	-0.564816177	0.466759175	0.4439224	0.381736279
				
-0.405024797	-0.581422269	0.460370868	0.444984674	0.38593787
				
-0.402171791	-0.58871448	0.458028436	0.446797192	0.386983663
				
-0.394732803	-0.600595832	0.457728565	0.447533786	0.385797322
				
-0.38748154	-0.61748898	0.462554157	0.447820067	0.384626627
				
-0.383747756	-0.629606485	0.469258189	0.451213062	0.382246971
				
-0.376771778	-0.64113152	0.475278616	0.452203423	0.378657818
				
-0.369500011	-0.65568316	0.48314482	0.453980565	0.376774371
				
-0.366564691	-0.670278788	0.490757465	0.453226507	0.372178853
				
-0.364620864	-0.681725383	0.499372989	0.454434842	0.370916456
				
-0.363549829	-0.685277343	0.506169081	0.455040634	0.370566279
				
-0.366951317	-0.679788232	0.513661087	0.459132373	0.372698784
				
-0.369261771	-0.670105219	0.517586648	0.461198717	0.372186869
				
-0.368173122	-0.656938553	0.517283916	0.461972058	0.371704102
				
-0.36689201	-0.647030413	0.515930057	0.462308794	0.370718598
				
-0.366663843	-0.632167339	0.513398051	0.463760197	0.374436975
				
-0.361433446	-0.619183242	0.513453841	0.465552628	0.378068924
				
-0.354459733	-0.607625365	0.510726094	0.465134203	0.381850749
				
-0.351157963	-0.597078323	0.509493232	0.467240751	0.387450218
				
-0.346315265	-0.586354554	0.510644495	0.471521676	0.39453119
				
-0.339804411	-0.581750631	0.51175797	0.472983539	0.398282468
				
-0.334314346	-0.58055222	0.51446712	0.476910055	0.404042989
				
-0.330008149	-0.577074885	0.516853988	0.482211679	0.410554826
				
-0.327030629	-0.56886214	0.518099427	0.485548496	0.415765852
				
-0.321187884	-0.560956836	0.517845154	0.486119092	0.417664528
				
-0.317257315	-0.554443121	0.516494155	0.485006899	0.417886823
				
-0.31401661	-0.548496306	0.515092373	0.484883487	0.418120563
				
-0.312574804	-0.543928981	0.514438748	0.485590458	0.419547677
				
-0.310472399	-0.53552103	0.510859847	0.485781759	0.419735312
				
-0.311504424	-0.525540233	0.505586267	0.486647397	0.419888377
				
-0.312164247	-0.513242841	0.497834682	0.482969224	0.416890204
				
-0.311774164	-0.503465891	0.494525135	0.481714308	0.416190863
				
-0.310833693	-0.49843058	0.495075941	0.48378104	0.415743738
				
-0.313339263	-0.499460191	0.497438192	0.487400532	0.416958421
				
-0.312747449	-0.50085479	0.501908422	0.492194712	0.419424236
				
-0.308818132	-0.5002321	0.503585339	0.494825423	0.419399351
				
-0.305298746	-0.505228758	0.503353059	0.496205002	0.4187105
				
-0.302971035	-0.508598685	0.503580213	0.497724593	0.41917789
				
-0.29800725	-0.513473928	0.501638889	0.497859001	0.418753922
				
-0.2934075	-0.519318819	0.498244107	0.496424735	0.417488694
				
-0.288398564	-0.525429726	0.496574283	0.495847106	0.417918026
				
-0.281308919	-0.525064945	0.492269814	0.492147207	0.414635956
				
-0.278901577	-0.525688887	0.491969883	0.491675019	0.414452612
				
-0.27541998	-0.525966287	0.490988731	0.490431011	0.414499819
				
-0.273159564	-0.528462887	0.489899188	0.489975184	0.41533637
				
-0.272339344	-0.531477094	0.489777684	0.488965869	0.415503025
				
-0.271150976	-0.531733453	0.488076746	0.487690449	0.415301204
				
-0.271378577	-0.5258407	0.485270858	0.484621853	0.413581133
				
-0.273590595	-0.528468728	0.483695447	0.483536631	0.413846612
				
-0.273994088	-0.523474395	0.479512811	0.479692996	0.411744893
				
-0.274074316	-0.524349928	0.475743771	0.477580488	0.411205113
				
-0.276259899	-0.523127079	0.470368624	0.474146068	0.410682917
				
-0.275987327	-0.523139417	0.467634678	0.472008795	0.409516633
				
-0.272992432	-0.527319133	0.467006773	0.472798824	0.411910474
				
-0.272521347	-0.526719511	0.463156462	0.471800148	0.412951618
				
-0.251924306	-0.510514855	0.477541566	0.472164035	0.401930928
				
-0.240018934	-0.489675343	0.487705767	0.473671496	0.397124052
				
-0.226768538	-0.472332656	0.497011274	0.474910647	0.393995345
				
-0.222065538	-0.459294528	0.501704276	0.474686205	0.391003668
				
-0.215125337	-0.499064445	0.525248826	0.492158562	0.408940107
				
-0.21449855	-0.517914712	0.54450047	0.500962436	0.421427727
				
-0.219783872	-0.531403601	0.557336986	0.507607222	0.431709945
				
-0.226801306	-0.542633295	0.566747069	0.513176322	0.441155255
				
-0.232540056	-0.550367355	0.571546197	0.5160653	0.448203444
				
-0.237336993	-0.553552628	0.573910475	0.517870307	0.454654157
				
-0.241670445	-0.556745887	0.574188352	0.519498229	0.459913701
				
-0.248882994	-0.563018858	0.575427294	0.522900224	0.463154584
				
-0.247649357	-0.561697543	0.575011373	0.524652839	0.465042651
				
-0.243528411	-0.551217675	0.573040128	0.524611712	0.465974033
				
-0.234018385	-0.547023833	0.572085559	0.523638427	0.464465201
				
-0.234520271	-0.546439409	0.571740329	0.524752319	0.464009583
				
-0.235860258	-0.549432993	0.574384093	0.528135955	0.465596497
				
-0.238139123	-0.539552808	0.575458169	0.53037107	0.465985447
				
-0.246480778	-0.529830575	0.577468216	0.532896936	0.468876481
				
-0.262938887	-0.533746004	0.580261052	0.535103559	0.471434891
				
-0.27406323	-0.529614985	0.584441662	0.53974539	0.477287173
				
-0.276098877	-0.521129489	0.591477156	0.542907774	0.483889341
				
-0.290897131	-0.520080745	0.557336569	0.51933229	0.467426658
				
-0.305003405	-0.521253467	0.567940354	0.52449578	0.473520666
				
-0.302750796	-0.519966006	0.579369307	0.528393149	0.479350746
				
-0.310100377	-0.520132244	0.557270467	0.510909259	0.46661973
				
-0.325673223	-0.521679103	0.536748171	0.494497597	0.452688634
				
-0.327120632	-0.519672275	0.524221539	0.482415915	0.440139562
				
-0.325084299	-0.518401623	0.512097299	0.472936928	0.429279089
				
-0.337848634	-0.518183708	0.502386093	0.465189874	0.420468032
				
-0.340060562	-0.514683187	0.500175536	0.461920857	0.415802658
				
-0.33932668	-0.508629441	0.491007149	0.451156855	0.40350771
				
-0.352727234	-0.507372677	0.487478614	0.449142575	0.400837958
				
-0.356810033	-0.501551807	0.481047899	0.444336176	0.39740473
				
-0.364662588	-0.504910946	0.478337407	0.441393495	0.394968569
				
-0.376420498	-0.507318437	0.474055648	0.443779349	0.392199963
				
-0.382435411	-0.51424408	0.472991824	0.446316481	0.389410913
				
-0.384783477	-0.521378338	0.472828776	0.449512869	0.387545586
				
-0.391750246	-0.542463779	0.476975352	0.453572601	0.394150972
				
-0.389987558	-0.560658336	0.480544508	0.456960678	0.398466289
				
-0.382885784	-0.579722166	0.485701799	0.459957659	0.400674284
				
-0.372796983	-0.595860183	0.489397198	0.462887347	0.398538291
				
-0.364682406	-0.636449456	0.495039254	0.473268747	0.398871452
				
-0.357144445	-0.653768897	0.491559058	0.470795572	0.398947895
				
-0.356039733	-0.664244652	0.492480814	0.473248601	0.398491204
				
-0.359158695	-0.660762191	0.49196589	0.473255455	0.398412019
				
-0.364444911	-0.637012124	0.488800168	0.471113443	0.39631927
				
-0.369224727	-0.623756647	0.489098817	0.470709264	0.394220054
				
-0.374611765	-0.625964463	0.490370601	0.470173717	0.393366933
				
-0.378394246	-0.608421803	0.488710821	0.467698723	0.390678078
				
-0.381625265	-0.593430638	0.491880059	0.467437983	0.389903843
				
-0.383006006	-0.597608209	0.496159077	0.470129758	0.391622305
				
-0.378902286	-0.595635176	0.499833256	0.471208811	0.392168999
				
-0.378135741	-0.604979038	0.503894269	0.474364281	0.393815666
				
-0.377873003	-0.615719378	0.501963139	0.47249645	0.390841424
				
-0.3788535	-0.625692785	0.502369404	0.473540664	0.390828848
				
-0.379950106	-0.632224262	0.497774273	0.468616903	0.387822777
				
-0.382390738	-0.622091413	0.491269112	0.464191556	0.383828163
				
-0.383433729	-0.613906324	0.484675646	0.457731545	0.37901336
				
-0.385392487	-0.618551075	0.479364902	0.453937948	0.375933737
				
-0.380622894	-0.639614463	0.471889853	0.446199894	0.369208872
				
-0.381077707	-0.650073469	0.472235501	0.445284843	0.368828654
				
-0.383046627	-0.637489021	0.473731399	0.444725811	0.368451536
				
-0.381907672	-0.617814124	0.474980444	0.444481403	0.368009299
				
-0.382290006	-0.606426656	0.477586031	0.445563972	0.368377298
				
-0.380334973	-0.59793222	0.477597505	0.444320917	0.367977917
				
-0.380066305	-0.594446063	0.477075934	0.442463905	0.366613567
				
-0.38085413	-0.590266705	0.475108683	0.437526911	0.362252951
				
-0.381295353	-0.579539061	0.473379731	0.430432141	0.356439412
				
-0.382491142	-0.571966231	0.472944081	0.42493993	0.352871358
				
-0.382254183	-0.573423803	0.477382064	0.421529084	0.354459643
				
-0.381566137	-0.591253042	0.4816342	0.420922995	0.356767416
				
-0.380428493	-0.620072186	0.484612048	0.422875106	0.357997805
				
-0.379150599	-0.651962638	0.488586068	0.425616533	0.359322071
				
-0.37637338	-0.678946555	0.491932988	0.427878976	0.360404789
				
-0.372534841	-0.700208187	0.494831055	0.428777307	0.362157762
				
-0.369671255	-0.713751793	0.494838536	0.428317428	0.360400528
				
-0.365210235	-0.720282912	0.49516961	0.4289307	0.35926652
				
-0.360819638	-0.720625162	0.497104883	0.43270582	0.360636503
				
-0.359212369	-0.716616392	0.499801666	0.436849475	0.362669379
				
-0.358665675	-0.710947633	0.50140965	0.441645205	0.364781171
				
-0.359473854	-0.703496814	0.503513992	0.44738847	0.36723721
				
-0.359240621	-0.692138255	0.505541682	0.452770412	0.369480997
				
-0.357215971	-0.681726694	0.508912206	0.459585637	0.373792827
				
-0.357828498	-0.67095387	0.507041812	0.461603761	0.374001741
				
-0.361060977	-0.662749112	0.50721544	0.465078026	0.374426961
				
-0.360515475	-0.654951572	0.509253025	0.469802201	0.376956791
				
-0.363177985	-0.649542212	0.510746598	0.473216414	0.379179537
				
-0.36362806	-0.645973027	0.510562301	0.474629074	0.379173696
				
-0.366561592	-0.645982385	0.507859409	0.472941399	0.377838552
				
-0.370176762	-0.648234248	0.507886529	0.475607425	0.37989074
				
-0.369668603	-0.652371287	0.503812909	0.474384487	0.378501594
				
-0.370180756	-0.652825177	0.501924038	0.475278437	0.378503174
				
-0.368278652	-0.651485026	0.504570425	0.479622304	0.381363332
				
-0.363959819	-0.648697317	0.502949893	0.479641616	0.380257607
				
-0.357753336	-0.648241997	0.504359484	0.482244402	0.381811976
				
-0.357410014	-0.653663516	0.50494355	0.483851284	0.383657068
				
-0.355949849	-0.660294771	0.500814915	0.481573284	0.38375181
				
-0.357076049	-0.666897416	0.498654068	0.478925556	0.383660614
				
-0.362312555	-0.671533883	0.499404073	0.479442179	0.386502802
				
-0.366179347	-0.672291398	0.497132182	0.478980005	0.388195157
				
-0.366521895	-0.668387413	0.494487822	0.477701664	0.387978613
				
-0.36283192	-0.664711773	0.49484098	0.478092492	0.389037728
				
-0.359566182	-0.664457083	0.495689154	0.477174044	0.389114082
				
-0.358130783	-0.668592811	0.49805817	0.477934778	0.391644478
				
-0.36297968	-0.673026502	0.499666303	0.479846567	0.39692536
				
-0.366994977	-0.67526114	0.500619173	0.482330561	0.401267886
				
-0.364320427	-0.673511267	0.501070499	0.484152794	0.40273428
				
-0.354654193	-0.668663979	0.502479732	0.485597134	0.404063582
				
-0.349058777	-0.667932808	0.506463528	0.486716568	0.406280816
				
-0.351811022	-0.668314576	0.510769606	0.487476468	0.407476962
				
-0.362630665	-0.666003585	0.50885427	0.483942568	0.406714976
				
-0.365852982	-0.661696374	0.503410339	0.479751706	0.403028011
				
-0.372671187	-0.658852756	0.50353694	0.477744967	0.399628162
				
-0.380793512	-0.639965296	0.489272654	0.467322677	0.390049547
				
-0.381360143	-0.637552261	0.48666662	0.466346353	0.386651814
				
-0.38417089	-0.631508172	0.486016393	0.469046652	0.388473302
				
-0.37669158	-0.633256793	0.485426366	0.46890527	0.38714397
				
-0.369340122	-0.63099122	0.490437359	0.472710311	0.387396544
				
-0.364565909	-0.634685576	0.493051052	0.47606355	0.389182627
				
-0.347738683	-0.636894882	0.497850269	0.478985906	0.390134037
				
-0.337787867	-0.635690212	0.503955543	0.483250201	0.39285326
				
-0.327770621	-0.638564348	0.503690839	0.48360467	0.39457947
				
-0.313432455	-0.634224057	0.498114258	0.472308517	0.389122188
				
-0.315348387	-0.632846832	0.497008204	0.472269893	0.391507924
				
-0.316307455	-0.63128531	0.497248948	0.472585112	0.395098507
				
-0.312268138	-0.626732826	0.495944023	0.470476985	0.394946426
				
-0.317773849	-0.619280219	0.495209694	0.469945669	0.397364527
				
-0.324672133	-0.606047034	0.494400799	0.471015334	0.40011844
				
-0.327638477	-0.602255464	0.494365036	0.470796347	0.403821588
				
-0.33213526	-0.597032428	0.49406448	0.471327841	0.405781955
				
-0.336435229	-0.588795602	0.49316591	0.470662951	0.405942142
				
-0.338907272	-0.583896875	0.492589474	0.471040964	0.405568987
				
-0.339814037	-0.584989488	0.493200958	0.471365184	0.405749798
				
-0.342532754	-0.58651495	0.491310775	0.46945858	0.404718697
				
-0.345941097	-0.587592959	0.489530444	0.467402518	0.40366888
				
-0.351677477	-0.586116195	0.486923814	0.464113206	0.402827978
				
-0.3557899	-0.583775699	0.487218589	0.463685572	0.403034329
				
-0.36370486	-0.579208553	0.489100873	0.464574695	0.403589845
				
-0.371540278	-0.574364781	0.49240768	0.467125177	0.40609616
				
-0.378313601	-0.57115078	0.496318758	0.470714927	0.410123587
				
-0.381103337	-0.572735667	0.495271772	0.470399648	0.410556138
				
-0.381464005	-0.577560663	0.497217119	0.472457111	0.411933154
				
-0.382915288	-0.588083029	0.496651381	0.473795354	0.412516981
				
-0.374561906	-0.600456297	0.501517057	0.479202002	0.413356245
				
-0.364771664	-0.615769506	0.504174113	0.483418018	0.413941562
				
-0.361455709	-0.632900774	0.507343113	0.489157081	0.414010167
				
-0.352007866	-0.647894979	0.508161902	0.492045045	0.410758018
				
-0.348208398	-0.659596384	0.507674277	0.493148327	0.409490526
				
-0.347103119	-0.671176136	0.504609585	0.490099728	0.407373726
				
-0.345290452	-0.682988942	0.504618287	0.49074924	0.40710786
				
-0.346974909	-0.694415569	0.500554919	0.489701331	0.406031847
				
-0.347573519	-0.703819871	0.500892103	0.491944581	0.407385349
				
-0.349843055	-0.712322652	0.498541236	0.490920186	0.407382488
				
-0.354554653	-0.712210119	0.499213517	0.490727186	0.406592429
				
-0.352765143	-0.713621438	0.501795113	0.489389449	0.407214552
				
-0.35424605	-0.710901201	0.502723515	0.488017321	0.406861007
				
-0.358207524	-0.701983213	0.502144217	0.485064775	0.403445959
				
-0.360263288	-0.690781355	0.503718019	0.484607399	0.400524735
				
-0.359753132	-0.686344981	0.506681979	0.486076653	0.400152266
				
-0.359142184	-0.681979954	0.510996103	0.489552796	0.4017331
				
-0.35656625	-0.669850588	0.512953639	0.490668058	0.402527183
				
-0.354580075	-0.656118631	0.51168108	0.48707068	0.402365625
				
-0.353141159	-0.645022273	0.510445595	0.482905805	0.400656462
				
-0.353176594	-0.637994826	0.509228528	0.478087604	0.396219045
				
-0.355756551	-0.62747705	0.507277608	0.473771393	0.392969459
				
-0.359372854	-0.625887275	0.505004406	0.470291555	0.388968408
				
-0.375281334	-0.613647163	0.489773929	0.45456171	0.375011861
				
-0.378921688	-0.613659024	0.490134507	0.455442607	0.374678969
				
-0.377539694	-0.613751829	0.485086709	0.448054641	0.367963254
				
-0.381268173	-0.630858898	0.489430904	0.453958064	0.372100174
				
-0.381016523	-0.647636354	0.493730903	0.457659662	0.374723047
				
-0.378909528	-0.662111402	0.495781362	0.458464265	0.374989569
				
-0.37904945	-0.673339784	0.4984231	0.459496915	0.376181126
				
-0.37827298	-0.683004141	0.499249935	0.460049152	0.37677449
				
-0.37702781	-0.690649748	0.501356483	0.462900579	0.378375351
				
-0.374086976	-0.69066602	0.501348317	0.464438975	0.37806952
				
-0.373598635	-0.691292644	0.500532329	0.466382921	0.378034174
				
-0.372281522	-0.689214945	0.499872833	0.467917144	0.377606392
				
-0.370634258	-0.685836792	0.500436544	0.469641656	0.378041208
				
-0.369090557	-0.685638845	0.50028789	0.471118182	0.378452718
				
-0.367809474	-0.683967113	0.50061208	0.4728809	0.379799187
				
-0.367641181	-0.676792026	0.50131321	0.47530213	0.383330405
				
-0.366354644	-0.662383735	0.501320601	0.476307929	0.386823386
				
-0.368706852	-0.645509362	0.499251306	0.475699663	0.387779951
				
-0.367897987	-0.628865838	0.501455486	0.476521283	0.390122175
				
-0.368494451	-0.625613868	0.505916119	0.480009615	0.391594291
				
-0.37114048	-0.622336388	0.500606418	0.470622718	0.386835217
				
-0.370724499	-0.613877952	0.499623597	0.46652925	0.38185221
				
-0.37392652	-0.610699654	0.499834955	0.464357555	0.377206206
				
-0.379699975	-0.623679757	0.497399658	0.462861985	0.372796714
				
-0.382000089	-0.638673782	0.497859418	0.46420449	0.373118639
				
-0.388847768	-0.646312833	0.493215561	0.462510586	0.372443199
				
-0.390729189	-0.65115124	0.494310439	0.464930952	0.374410927
				
-0.388732135	-0.653987765	0.492414862	0.46579957	0.376180768
				
-0.387885839	-0.657677233	0.495293587	0.471321911	0.381928563
				
-0.382681072	-0.66162169	0.494219661	0.473707438	0.385407567
				
-0.375788391	-0.660264015	0.498393297	0.478770852	0.391242504
				
-0.37108624	-0.660036087	0.495804757	0.47940433	0.393341243
				
-0.370553792	-0.656263769	0.496925831	0.480436623	0.396253765
				
-0.367065221	-0.652225435	0.49453482	0.478652149	0.396234274
				
-0.367294908	-0.650509119	0.495902658	0.479404271	0.398406744
				
-0.360759974	-0.64210999	0.495844841	0.47953701	0.399933517
				
-0.354626089	-0.630699992	0.497707278	0.481861174	0.403541267
				
-0.34879145	-0.622632742	0.499127418	0.482147545	0.406233639
				
-0.344892412	-0.614539027	0.499559104	0.479464263	0.406608313
				
-0.344377935	-0.608170927	0.49946028	0.476770937	0.407625675
				
-0.347212851	-0.600788474	0.498252809	0.477035463	0.412164569
				
-0.349759489	-0.588959038	0.495391548	0.475140333	0.413208187
				
-0.349002004	-0.577786922	0.494584918	0.475621045	0.414521486
				
-0.350254267	-0.571435511	0.494905412	0.475783765	0.417117596
				
-0.351089925	-0.564416468	0.49562183	0.478042185	0.42102164
				
-0.349917948	-0.559068441	0.494303435	0.476984918	0.421786129
				
-0.354858249	-0.552252471	0.492370307	0.475597978	0.422150552
				
-0.358183801	-0.544822395	0.48999989	0.475126565	0.423536479
				
-0.360395223	-0.536711931	0.487024069	0.475409746	0.425049067
				
-0.340757489	-0.514324605	0.51060617	0.487012625	0.417832315
				
-0.335698336	-0.502818704	0.52842766	0.496183068	0.419946611
				
-0.328187615	-0.498999	0.542146206	0.503579021	0.425851047
				
-0.321519732	-0.496526122	0.553258061	0.507378936	0.432038844
				
-0.317462057	-0.497406602	0.561100602	0.510939181	0.438464403
				
-0.31608215	-0.496963948	0.567436337	0.51379621	0.444213867
				
-0.3155469	-0.497102857	0.572714627	0.51649648	0.449125886
				
-0.320237219	-0.492615819	0.568764567	0.514884055	0.447588921
				
-0.324886799	-0.493458033	0.567000508	0.515148938	0.447765797
				
-0.328977197	-0.49430865	0.563571453	0.512903214	0.447681159
				
-0.334386408	-0.493882179	0.559747994	0.50954318	0.445816725
				
-0.338224828	-0.490370184	0.558318973	0.506490827	0.44642055
				
-0.340291888	-0.488617003	0.563368142	0.508749783	0.452986032
				
-0.33834675	-0.487756729	0.567949414	0.508861959	0.458927959
				
-0.335769504	-0.485248566	0.570390463	0.50801003	0.462219805
				
-0.333424389	-0.485253811	0.575836718	0.509942353	0.46653229
				
-0.330804884	-0.484794438	0.582445204	0.510849595	0.470952213
				
-0.328371316	-0.48358199	0.584872127	0.509681046	0.469375849
				
-0.326308906	-0.482022852	0.588200033	0.506034076	0.464807063
				
-0.324546516	-0.481086433	0.591133058	0.502996206	0.462062448
				
-0.323317826	-0.480505347	0.595102549	0.500039577	0.458723485
				
-0.324628085	-0.4785088	0.59563899	0.496366858	0.455416739
				
-0.325381726	-0.479117811	0.599670529	0.49427408	0.456369132
				
-0.327077806	-0.501116753	0.573902607	0.478873879	0.432639152
				
-0.329649299	-0.519727349	0.551190555	0.466251016	0.417677104
				
-0.333879739	-0.540056467	0.535560071	0.464917511	0.412740886
				
-0.345838964	-0.553000033	0.522321939	0.461390108	0.406102747
				
-0.35757494	-0.565754712	0.512762427	0.45924294	0.402564168
				
-0.372177005	-0.571168542	0.50522095	0.457387745	0.401124179
				
-0.38438186	-0.579694748	0.503506839	0.461821944	0.405813634
				
-0.389583051	-0.588880777	0.503305256	0.467740119	0.412573695
				
-0.394355863	-0.591936052	0.503169596	0.46834904	0.414729595
				
-0.397682428	-0.601098537	0.503571749	0.47076866	0.419005394
				
-0.400370121	-0.608481109	0.499165714	0.472391784	0.418273866
				
-0.398334503	-0.622168243	0.501678944	0.475338161	0.4223364
				
-0.397213459	-0.63846314	0.497799844	0.472872615	0.422937214
				
-0.389379948	-0.65512085	0.50077641	0.473974407	0.42620042
				
-0.386382014	-0.671004415	0.493758023	0.467550099	0.42519635
				
-0.38187781	-0.686475635	0.493661284	0.468968928	0.427234471
				
-0.38241446	-0.696560621	0.485695243	0.462950706	0.421311915
				
-0.388121516	-0.701444566	0.478980929	0.45852071	0.416842788
				
-0.390335947	-0.705118716	0.476207852	0.457163036	0.41336441
				
-0.391188473	-0.704136372	0.472577929	0.452234566	0.405595869
				
-0.39385429	-0.694396853	0.47124964	0.449025691	0.398056448
				
-0.3985717	-0.681985795	0.468525022	0.44368118	0.388227642
				
-0.403802335	-0.670074582	0.468485594	0.44099474	0.380395293
				
-0.407478809	-0.660514832	0.470088303	0.440678477	0.373343885
				
-0.408786565	-0.656942368	0.472623646	0.441932023	0.368942499
				
-0.406051099	-0.657277107	0.477642238	0.446009427	0.367442131
				
-0.403106689	-0.665088415	0.482454002	0.45061326	0.36550799
				
-0.400352836	-0.673842967	0.487821162	0.455923378	0.366027772
				
-0.398348927	-0.676377952	0.491280496	0.460049808	0.367615104
				
-0.398583233	-0.675363064	0.487671971	0.459830821	0.36748156
				
-0.397645414	-0.671733379	0.487267017	0.461550772	0.368587196
				
-0.399364501	-0.663802862	0.487006932	0.46327132	0.369054139
				
-0.396996856	-0.65532589	0.48533842	0.463613451	0.370267808
				
-0.392575085	-0.649111331	0.484068722	0.464744657	0.372340918
				
-0.391522884	-0.639703989	0.48348698	0.464969575	0.373221189
				
-0.390434712	-0.631733656	0.481955469	0.464383215	0.374241769
				
-0.387458742	-0.622769237	0.480550706	0.463239372	0.374584258
				
-0.384618342	-0.612761378	0.478544533	0.462426841	0.376826286
				
-0.382911742	-0.604908466	0.475216448	0.461364806	0.377968371
				
-0.377337337	-0.601578772	0.476403415	0.463680983	0.381243527
				
-0.371396452	-0.596120417	0.474884033	0.462569773	0.381443262
				
-0.36815089	-0.598270893	0.476909548	0.465911508	0.385815144
				
-0.360272914	-0.597609401	0.479961991	0.46868062	0.388797462
				
-0.354820848	-0.599673033	0.484789938	0.470688343	0.391824603
				
-0.347801685	-0.602049112	0.489613116	0.474219322	0.397187471
				
-0.343366206	-0.601180017	0.49151665	0.474717677	0.400283813
				
-0.342108846	-0.598766387	0.495920539	0.477178961	0.405816376
				
-0.33883974	-0.595139861	0.495819807	0.476560146	0.408834279
				
-0.338393271	-0.594767869	0.497801632	0.478345454	0.412800282
				
-0.339621872	-0.594208419	0.497205198	0.478530884	0.415556908
				
-0.340838581	-0.593088567	0.497943938	0.480625331	0.418922991
				
-0.34255147	-0.5929088	0.497289777	0.481368423	0.421904027
				
-0.330509871	-0.592270672	0.501772285	0.487585574	0.427911699
				
-0.329337269	-0.587241769	0.502500653	0.486471087	0.425925374
				
-0.331260681	-0.585520566	0.502021849	0.485459656	0.425323427
				
-0.334335983	-0.5874874	0.50254339	0.485504597	0.427105486
				
-0.335027665	-0.583279312	0.500456631	0.484905124	0.426795483
				
-0.338316053	-0.576355696	0.498136878	0.483392894	0.424864352
				
-0.342822582	-0.568157792	0.497052073	0.481814593	0.422825515
				
-0.348796427	-0.565691829	0.496146858	0.480335653	0.422284245
				
-0.355108857	-0.569243789	0.496234387	0.478947341	0.424320817
				
-0.360268235	-0.573479295	0.495737582	0.4783611	0.427689224
				
-0.357961744	-0.582623363	0.497555882	0.480114698	0.433241546
				
-0.357781321	-0.589450181	0.499697328	0.481236696	0.438988507
				
-0.358393669	-0.592645228	0.500283599	0.481687516	0.44147101
				
-0.359596878	-0.599507213	0.502385736	0.481814921	0.444682956
				
-0.354759216	-0.593844473	0.504731894	0.482117832	0.443055004
				
-0.34697324	-0.586806774	0.507309258	0.480969131	0.440263659
				
-0.350621611	-0.575186372	0.505527616	0.473989904	0.432592303
				
-0.346726328	-0.560318768	0.505118012	0.461288333	0.414032519
				
-0.345975429	-0.54833436	0.501635551	0.452093691	0.405792356
				
-0.345878363	-0.534092844	0.50049454	0.444705367	0.400444448
				
-0.355118215	-0.524358869	0.497875571	0.44076845	0.398880929
				
-0.359809279	-0.53153044	0.495364606	0.440456092	0.397132128
				
-0.357125431	-0.527657628	0.493751407	0.441171557	0.397510946
				
-0.36564371	-0.51191324	0.494713187	0.443538308	0.393392563
				
-0.370517075	-0.52816689	0.48983714	0.444205135	0.394248366
				
-0.370564371	-0.535481572	0.483976185	0.439550281	0.390474826
				
-0.377992332	-0.552135706	0.47712931	0.435225248	0.384618104
				
-0.372113913	-0.57599014	0.46617341	0.42768085	0.379004538
				
-0.387496591	-0.600490451	0.515732288	0.449018359	0.378914773
				
-0.400344282	-0.603577018	0.557358086	0.468543708	0.383911371
				
-0.414430231	-0.599250436	0.587857008	0.484126687	0.390338778
				
-0.43071425	-0.59022516	0.610582173	0.490860015	0.385001302
				
-0.43929413	-0.575113356	0.633620381	0.497126997	0.389511645
				
-0.451247901	-0.573373139	0.644703746	0.499186158	0.379926324
				
-0.459189117	-0.566056967	0.65453589	0.498235643	0.374246955
				
-0.463266701	-0.587683618	0.665430069	0.496919632	0.366377652
				
-0.469210744	-0.603393734	0.659226775	0.493662655	0.360476643
				
-0.472724229	-0.611688495	0.667478085	0.491824567	0.355981618
				
-0.470422119	-0.61261934	0.672397256	0.490947843	0.352070451
				
-0.474039048	-0.616553485	0.671202123	0.488975286	0.349161863
				
-0.479660839	-0.613256931	0.669249058	0.487188488	0.34464395
				
-0.48009342	-0.607958257	0.658490717	0.490540564	0.349570513
				
-0.482414246	-0.604703665	0.631695569	0.492111385	0.35216397
				
-0.487615913	-0.60246563	0.609333038	0.494029582	0.360436797
				
-0.492808223	-0.599720001	0.557627439	0.502934217	0.372704685
				
-0.493814051	-0.595682442	0.505735397	0.516429842	0.390525699
				
-0.499238104	-0.597967029	0.472059667	0.52977407	0.401255667
				
-0.506321788	-0.596517682	0.458290964	0.52807653	0.410824776
				
-0.50727129	-0.628328979	0.443248868	0.527802289	0.422603905
				
-0.513189316	-0.670176744	0.437709272	0.52947706	0.433001965
				
-0.519353449	-0.70702976	0.425309509	0.530263901	0.438791573
				
-0.519235492	-0.74145031	0.406687558	0.526662469	0.43691352
				
-0.524865508	-0.773113489	0.391113847	0.519325912	0.425120056
				
-0.532883763	-0.793194413	0.374460459	0.513059974	0.404216707
				
-0.53633076	-0.806813955	0.368166745	0.507643938	0.390796274
				
-0.535832167	-0.815130293	0.369925052	0.500969648	0.388095826
				
-0.535922229	-0.822179139	0.368056089	0.495641768	0.389817387
				
-0.535301983	-0.827872694	0.373543084	0.48248598	0.391465366
				
-0.53485173	-0.828455329	0.379829794	0.46624878	0.386505216
				
-0.53280437	-0.825678766	0.388085157	0.451856881	0.375545025
				
-0.529475272	-0.818993032	0.395481527	0.439842045	0.361105919
				
-0.525325894	-0.81090796	0.403478086	0.43105042	0.34989053
				
-0.521647453	-0.800435483	0.410518825	0.423860997	0.341141701
				
-0.519205928	-0.788322389	0.419098914	0.418398857	0.335274875
				
-0.516690731	-0.776527345	0.427860588	0.414250851	0.333914816
				
-0.513254762	-0.772714972	0.436793923	0.413451731	0.336580187
				
-0.511772335	-0.775771618	0.445327401	0.414372921	0.338228166
				
-0.511125565	-0.785060108	0.454013526	0.415428996	0.333918422
				
-0.510137737	-0.793436646	0.463172227	0.417384624	0.328300595
				
-0.506051123	-0.804635167	0.474605262	0.419912875	0.321702242
				
-0.499735951	-0.820485592	0.483466983	0.424663544	0.316285729
				
-0.492422879	-0.832462907	0.492234707	0.433247417	0.317851424
				
-0.485630959	-0.83998245	0.499753714	0.440742314	0.32080251
				
-0.480546892	-0.848246694	0.509939253	0.447351605	0.320281386
				
-0.475539595	-0.849972248	0.516577482	0.45159781	0.318285197
				
-0.468301088	-0.849719763	0.51853168	0.455014646	0.315743089
				
-0.464449614	-0.862236857	0.523102641	0.457838833	0.317321569
				
-0.455472857	-0.874545574	0.532160282	0.465656191	0.320600927
				
-0.420252144	-0.864540517	0.518867135	0.474749982	0.341261089
				
-0.391523987	-0.861986339	0.507768214	0.478139728	0.358359277
				
-0.368067265	-0.855310082	0.49998042	0.479223728	0.372181982
				
-0.353848934	-0.845492482	0.488037735	0.473742545	0.381051093
				
-0.347360998	-0.834091187	0.478121728	0.467390418	0.382089913
				
-0.345918804	-0.825105369	0.468290269	0.460623115	0.381481528
				
-0.349580228	-0.815483034	0.469260097	0.461502254	0.381273717
				
-0.358813852	-0.807503164	0.471029222	0.458850205	0.377814353
				
-0.368295491	-0.802358389	0.472057998	0.455578208	0.375788897
				
-0.37442103	-0.79420197	0.477698982	0.457674026	0.374360859
				
-0.377265066	-0.783168793	0.485275984	0.462203771	0.37488091
				
-0.375001609	-0.769442916	0.494599342	0.469486326	0.376593828
				
-0.374552757	-0.755732059	0.499522358	0.472842395	0.376488209
				
-0.373572171	-0.744148314	0.504363537	0.476920426	0.376631796
				
-0.367960513	-0.738585114	0.509732187	0.480564177	0.380925
				
-0.364492148	-0.734152794	0.513235092	0.484204054	0.381812215
				
-0.360115349	-0.731523752	0.51027894	0.485346645	0.380979419
				
-0.357727557	-0.73055166	0.506229401	0.485587358	0.380610287
				
-0.355438352	-0.725018501	0.509703457	0.491374642	0.385313481
				
-0.347997606	-0.721212864	0.511424303	0.496709228	0.388393939
				
-0.346154332	-0.713157535	0.511866271	0.50051856	0.39443934
				
-0.339528143	-0.706789613	0.515651882	0.505481303	0.398563057
				
-0.33605963	-0.703327179	0.516546607	0.506061912	0.405166239
				
-0.327468753	-0.700666547	0.51607132	0.505044937	0.408404857
				
-0.322021902	-0.698177755	0.518558502	0.50615561	0.413167
				
-0.318107337	-0.695202351	0.515791178	0.502292991	0.41500932
				
-0.312085718	-0.687405109	0.511000335	0.492125511	0.415370792
				
-0.311790407	-0.686709642	0.508833706	0.48759973	0.415642321
				
-0.312223136	-0.686632633	0.508109391	0.48417002	0.414901555
				
-0.314425737	-0.684756577	0.507208109	0.479845881	0.415363193
				
-0.317656219	-0.682801306	0.505514503	0.475733757	0.416589737
				
-0.320048749	-0.682361722	0.504814446	0.474715143	0.418169767
				
-0.321696699	-0.682198524	0.505180895	0.474709451	0.41900295
				
-0.324641138	-0.682820201	0.505424261	0.47437042	0.420410097
				
-0.329655319	-0.684930146	0.502440214	0.470672607	0.421171427
				
-0.336675584	-0.686391711	0.500026345	0.467248678	0.421114504
				
-0.346583933	-0.684690416	0.497739196	0.464225173	0.420074403
				
-0.354324341	-0.681296527	0.496433318	0.460743368	0.417867601
				
-0.353129506	-0.676580608	0.492159009	0.45500505	0.413110197
				
-0.356175423	-0.670450032	0.494800687	0.455740154	0.414304793
				
-0.357560486	-0.665362954	0.498478472	0.460482836	0.416800976
				
-0.359430701	-0.661728978	0.504371405	0.469681084	0.422861546
				
-0.358833849	-0.659123838	0.509573579	0.47862649	0.427533269
				
-0.358846366	-0.653503418	0.511556327	0.482488632	0.429712385
				
-0.362829	-0.644366086	0.511086345	0.484859884	0.431425959
				
-0.367247969	-0.638518155	0.509846687	0.483691603	0.432717383
				
-0.367357314	-0.631849349	0.511134267	0.484265387	0.434552848
				
-0.343889207	-0.629183829	0.501850367	0.493569225	0.445001721
				
-0.344412297	-0.617208838	0.493721843	0.488659203	0.438431859
				
-0.349754691	-0.588177681	0.488184601	0.478953898	0.42426157
				
-0.353358656	-0.583335221	0.480116367	0.463078022	0.412367702
				
-0.350884676	-0.586323619	0.469321191	0.450858533	0.405179501
				
-0.357152194	-0.586976647	0.458188683	0.440490693	0.399419069
				
-0.379395336	-0.584931135	0.507007062	0.4568187	0.39819333
				
-0.397978812	-0.575096965	0.55266279	0.472955763	0.396810234
				
-0.411342323	-0.542013288	0.579356432	0.484698206	0.396109402
				
-0.424715132	-0.555104792	0.592507482	0.492587715	0.39112854
				
-0.438667953	-0.577725887	0.60441041	0.495022863	0.38009572
				
-0.446955502	-0.586801827	0.611936152	0.494269788	0.368648529
				
-0.446591496	-0.595083892	0.627049446	0.493063152	0.362649143
				
-0.453837305	-0.606885314	0.629093945	0.489778936	0.357326746
				
-0.459133983	-0.609242916	0.616748154	0.487756431	0.35296905
				
-0.456564486	-0.616878688	0.617089093	0.485966861	0.348163307
				
-0.458379775	-0.631315708	0.615565538	0.482499868	0.341522157
				
-0.462837636	-0.63136363	0.616387725	0.485586584	0.349216729
				
-0.463269323	-0.628025889	0.615456998	0.491530716	0.351534814
				
-0.461254358	-0.63275671	0.594772518	0.487966895	0.345877886
				
-0.463828176	-0.632240295	0.58403337	0.484309256	0.340563715
				
-0.468825787	-0.624779046	0.584020793	0.502732038	0.365953714
				
-0.47347641	-0.624825418	0.586774468	0.517335474	0.380351961
				
-0.472826421	-0.628281653	0.57829684	0.51522845	0.370330632
				
-0.47511068	-0.663671494	0.569401205	0.505015016	0.360110044
				
-0.480834991	-0.700574994	0.563470542	0.505724669	0.368326157
				
-0.487108976	-0.728240669	0.558148384	0.517041981	0.385655761
				
-0.492224276	-0.752587318	0.543314397	0.525783062	0.404028296
				
-0.491963059	-0.77349931	0.540239394	0.516092896	0.419796824
				
-0.487968177	-0.78975898	0.54617101	0.505709291	0.421219766
				
-0.4839046	-0.801509023	0.555946112	0.49432826	0.4120664
				
-0.482898414	-0.807851851	0.561689854	0.482188523	0.397607505
				
-0.484249055	-0.80523926	0.558167458	0.473408639	0.391384929
				
-0.485267252	-0.797016919	0.547276556	0.471709251	0.39450708
				
-0.483989954	-0.785637856	0.521944582	0.477444768	0.402635992
				
-0.481146991	-0.774672031	0.504117191	0.483274221	0.407352507
				
-0.478664219	-0.76806879	0.499084413	0.483924448	0.40361166
				
-0.477378637	-0.765138328	0.506303012	0.480894387	0.391119301
				
-0.477921218	-0.762832224	0.512265563	0.47777003	0.380203396
				
-0.479268432	-0.761412323	0.518705726	0.47532928	0.371220946
				
-0.477767736	-0.761558056	0.523956776	0.471260726	0.358386576
				
-0.47351402	-0.76700902	0.525767744	0.468307823	0.345366061
				
-0.468284577	-0.774496794	0.534752131	0.46600315	0.338745952
				
-0.460643172	-0.794130683	0.539645433	0.463541269	0.332808197
				
-0.449168116	-0.816250265	0.544033706	0.467043936	0.333764195
				
-0.444292575	-0.833348036	0.543043137	0.46551159	0.327402383
				
-0.439378381	-0.845058978	0.539827824	0.465360105	0.323815703
				
-0.431856573	-0.853337526	0.53678	0.465780735	0.319927752
				
-0.397622764	-0.848029137	0.499033093	0.444458365	0.338780463
				
-0.38693738	-0.835360229	0.479135573	0.434708297	0.348581582
				
-0.384779841	-0.820282698	0.470342159	0.433633447	0.355870664
				
-0.382048249	-0.799929023	0.467496097	0.437555313	0.3622334
				
-0.383716583	-0.779877901	0.473195374	0.447790086	0.369252622
				
-0.378661424	-0.767148197	0.482485533	0.458532333	0.375936329
				
-0.374600917	-0.756533027	0.491539657	0.469159752	0.382010102
				
-0.372905374	-0.748760283	0.498546004	0.477303982	0.38581565
				
-0.373956829	-0.733363211	0.502468586	0.482783467	0.388115108
				
-0.376690894	-0.713169038	0.495342791	0.478754878	0.382068098
				
-0.377055526	-0.695180178	0.494386375	0.481342703	0.383605748
				
-0.378857255	-0.681104779	0.495474756	0.484358102	0.386601031
				
-0.37386933	-0.67211926	0.497325391	0.488364011	0.390620172
				
-0.372092277	-0.666819453	0.496358037	0.488741875	0.393048882
				
-0.367425054	-0.66195333	0.499061227	0.4927212	0.396321535
				
-0.363383889	-0.658915639	0.50038588	0.495712221	0.398509383
				
-0.358904928	-0.656153977	0.502941549	0.497190684	0.400815606
				
-0.35446161	-0.651670098	0.504964352	0.498139262	0.402277529
				
-0.349955559	-0.649303198	0.506905496	0.498691916	0.403516233
				
-0.346380323	-0.641733289	0.504219413	0.494304836	0.401715368
				
-0.338950962	-0.632535696	0.498436183	0.484687746	0.396900594
				
-0.337600559	-0.63406682	0.49967733	0.484199226	0.399502963
				
-0.337489486	-0.637928784	0.499139994	0.483614951	0.401212245
				
-0.335616708	-0.636643052	0.499850154	0.481008649	0.401796103
				
-0.334977388	-0.634105086	0.499372423	0.479001164	0.403511941
				
-0.337283969	-0.628062725	0.501309991	0.476510435	0.40417701
				
-0.339929283	-0.621333063	0.500125587	0.475373507	0.404772758
				
-0.341765225	-0.615047097	0.499878854	0.473248631	0.404682428
				
-0.342438191	-0.610325277	0.497757614	0.471656263	0.404128969
				
-0.342590392	-0.610016048	0.498647749	0.472126424	0.405102611
				
-0.344753772	-0.605933249	0.497421622	0.472346187	0.405026317
				
-0.343332082	-0.604427457	0.495052397	0.471862614	0.404784679
				
-0.339542568	-0.603355169	0.497016788	0.473641485	0.40662086
				
-0.337984025	-0.598164201	0.490958035	0.469993472	0.403711647
				
-0.340021849	-0.594989657	0.490871996	0.471953362	0.404944211
				
-0.340699106	-0.594154835	0.490582168	0.47286281	0.404742658
				
-0.340035111	-0.589580297	0.48801586	0.470557243	0.403309852
				
-0.339749545	-0.585748613	0.485036075	0.467916608	0.401962638
				
-0.338074267	-0.584022045	0.483000696	0.467220336	0.402503192
				
-0.336632699	-0.585264981	0.481542379	0.467078239	0.403483868
				
-0.336569637	-0.592358828	0.48607558	0.472221375	0.40844664
				
-0.337882996	-0.593950093	0.490261555	0.476064384	0.411255985
				
-0.33939302	-0.596907139	0.493359894	0.478623331	0.414817065
				
-0.342323899	-0.598802567	0.495837212	0.478904366	0.417160809
				
-0.347632468	-0.590822875	0.490382582	0.473538339	0.414478272
				
-0.348739088	-0.588770747	0.489343137	0.471229434	0.414387614
				
-0.351341993	-0.59036839	0.48991254	0.467933953	0.416872531
				
-0.354184479	-0.588925719	0.488765717	0.464166313	0.417102277
				
-0.358682305	-0.59063375	0.487352669	0.458876908	0.418128073
				
-0.360575944	-0.591169238	0.487601876	0.460030496	0.4196015
				
-0.364014179	-0.594040096	0.486991405	0.457322776	0.421936214
				
-0.363576055	-0.594972253	0.488000691	0.454802752	0.422334135
				
-0.363620102	-0.59378016	0.486842215	0.452223748	0.421880722
				
-0.364554316	-0.599897921	0.49230054	0.457105607	0.424104154
				
-0.368192464	-0.60836792	0.493000865	0.457645714	0.427771926
				
-0.366325349	-0.60958147	0.495593697	0.461581528	0.429151744
				
-0.369106919	-0.610932171	0.496351182	0.468605906	0.433085859
				
-0.36031723	-0.60986495	0.498768836	0.477299929	0.436481386
				
-0.359039545	-0.601794839	0.498204529	0.469954669	0.420358479
				
-0.35615465	-0.590906918	0.49421972	0.462354958	0.408092886
				
-0.359305233	-0.575491428	0.483734429	0.453795016	0.398132205
				
-0.367651463	-0.583709478	0.475558996	0.448370218	0.392151713
				
-0.36203301	-0.600599647	0.467869908	0.441344768	0.387865543
				
-0.377589613	-0.606452823	0.518070638	0.462516755	0.39489764
				
-0.393336236	-0.599813342	0.553959668	0.478358477	0.397078097
				
-0.410185605	-0.592711031	0.575636387	0.492387742	0.403210938
				
-0.425336093	-0.570783615	0.588112354	0.495027423	0.383405209
				
-0.431034297	-0.549973786	0.59384656	0.496021062	0.375396878
				
-0.444205195	-0.572801769	0.601201415	0.497415721	0.366168439
				
-0.454455703	-0.584068656	0.604863048	0.499780357	0.362310916
				
-0.454294145	-0.599168301	0.614232302	0.49759829	0.352797985
				
-0.46037209	-0.614946663	0.617584527	0.497378767	0.34996295
				
-0.462127894	-0.616610706	0.617238045	0.504655361	0.356914908
				
-0.460510433	-0.620472431	0.624420106	0.499724925	0.347533524
				
-0.464336157	-0.629985511	0.628116488	0.496624172	0.343088716
				
-0.46945262	-0.630254209	0.624398649	0.500365734	0.349862963
				
-0.485483885	-0.648345292	0.623678446	0.490821362	0.341829598
				
-0.485932797	-0.651843131	0.616811097	0.48119536	0.338767529
				
-0.484458804	-0.653987706	0.609132051	0.473668277	0.334488511
				
-0.481846243	-0.653184652	0.598889709	0.467366815	0.331482381
				
-0.478833586	-0.676569343	0.586687267	0.463110983	0.329248667
				
-0.474672139	-0.711285114	0.57054019	0.460163802	0.327935517
				
-0.467388183	-0.73526746	0.571427584	0.457838714	0.328291774
				
-0.458677292	-0.755017698	0.566058278	0.458221138	0.330810964
				
-0.449287295	-0.775007665	0.557622492	0.460079491	0.334502459
				
-0.44368425	-0.790756285	0.548570096	0.460804284	0.33451581
				
-0.439035863	-0.804361224	0.537066102	0.461574018	0.331883222
				
-0.429057777	-0.820636988	0.524002552	0.460013986	0.320417702
				
-0.425113201	-0.837609291	0.51525712	0.461207449	0.322338045
				
-0.420033455	-0.856441319	0.508527398	0.463721275	0.324223399
				
-0.415439993	-0.873272836	0.504121244	0.466373354	0.325745583
				
-0.412201166	-0.888525367	0.50184989	0.469072461	0.327171683
				
-0.393863499	-0.880455375	0.483228207	0.47452265	0.348863721
				
-0.377435535	-0.873164594	0.466164112	0.473078072	0.366618454
				
-0.364331454	-0.857833624	0.450567126	0.466239989	0.377209723
				
-0.357128888	-0.830849171	0.439131021	0.456952333	0.382145882
				
-0.374037623	-0.807740688	0.479619086	0.465209574	0.372404575
				
-0.393576622	-0.7921772	0.509458482	0.470370889	0.359611273
				
-0.410167992	-0.784190893	0.528791785	0.474469304	0.349396229
				
-0.422990859	-0.779323876	0.540405154	0.477282763	0.341815561
				
-0.431439459	-0.774706423	0.547981143	0.478720546	0.336433768
				
-0.437585205	-0.76808393	0.55428946	0.477699339	0.330117792
				
-0.441669524	-0.762272	0.557284951	0.476447284	0.32586205
				
-0.444904596	-0.757476568	0.556860387	0.474684626	0.322735459
				
-0.446886837	-0.752133727	0.553057373	0.470897317	0.317628533
				
-0.445925981	-0.749091983	0.548085868	0.468375683	0.316226065
				
-0.44407323	-0.749200702	0.54392755	0.466941357	0.31656158
				
-0.442383647	-0.751701355	0.538852632	0.465894163	0.317540258
				
-0.440833718	-0.756157339	0.534878492	0.465347886	0.318659008
				
-0.438340604	-0.761505663	0.531105399	0.465820491	0.320689082
				
-0.436046332	-0.768255293	0.527930319	0.467807651	0.324616492
				
-0.45059669	-0.767305493	0.519461155	0.466388881	0.324427843
				
-0.448554635	-0.774647832	0.52119565	0.467820287	0.325492442
				
-0.445384294	-0.781372011	0.522433519	0.469645619	0.327319741
				
-0.44128406	-0.787212431	0.52324301	0.471597165	0.329989672
				
-0.437583894	-0.793434858	0.52345711	0.473757863	0.332634985
				
-0.434267372	-0.799989343	0.524402022	0.475732028	0.334723204
				
-0.431488872	-0.806133807	0.527014613	0.477071285	0.335062742
				
-0.428890765	-0.812894583	0.528316438	0.478372782	0.33459264
				
-0.427085489	-0.820329428	0.528805852	0.478847414	0.335096121
				
-0.425912142	-0.828177631	0.529627919	0.480097324	0.33607775
				
-0.424326628	-0.834604502	0.530265212	0.480928302	0.335836947
				
-0.423363507	-0.839609981	0.531627059	0.481323779	0.334838212
				
-0.423027664	-0.842710912	0.532547891	0.480942965	0.333748281
				
-0.422518969	-0.844907522	0.532906413	0.481078863	0.333234996
				
-0.421957284	-0.846556485	0.533450365	0.48115626	0.333083272
				
-0.422028005	-0.845779061	0.533294797	0.480307281	0.333224922
				
-0.422459632	-0.844003439	0.532447398	0.478040755	0.331239104
