-0.417793423	0.592666686	0.640449882	0.553878903	0.557836056
				
-0.469088674	-0.625606596	0.493910789	0.617520928	0.571624994
				
-0.403798401	-0.535423756	0.407131433	0.530253708	0.530976117
				
-0.369968325	-0.483502299	0.379959285	0.514500022	0.498302668
				
-0.39011544	-0.533248544	0.394643873	0.505690634	0.480966091
				
-0.465554655	-0.585780084	0.399094224	0.513165474	0.490447402
				
-0.533735216	-0.650799394	0.41087237	0.536834121	0.516909957
				
-0.588317811	-0.700797379	0.439913124	0.578159809	0.555276752
				
-0.648578644	-0.780571103	0.481953949	0.617564201	0.590547681
				
-0.690805435	-0.778520167	0.507598639	0.639587998	0.610844254
				
-0.700484872	-0.776252031	0.580680609	0.66316855	0.623919964
				
-0.708434045	-0.677874625	0.581729412	0.657826722	0.619547248
				
-0.704445899	-0.60925889	0.530375123	0.643262982	0.605708301
				
-0.696537673	-0.610578895	0.492362261	0.616788507	0.57717669
				
-0.681193531	-0.614399791	0.449823141	0.587868094	0.545986533
				
-0.632665455	-0.635787547	0.426070482	0.563255966	0.520112872
				
-0.563650012	-0.703400612	0.40451473	0.535352826	0.495897353
				
-0.506360054	-0.723963976	0.395120382	0.517919064	0.483506501
				
-0.480869055	-0.735234439	0.40045172	0.511962235	0.481091619
				
-0.489972144	-0.736057758	0.420933545	0.511584103	0.483310819
				
-0.530110896	-0.764776409	0.403111756	0.522843599	0.503008127
				
-0.541215599	-0.807592213	0.386804134	0.532117903	0.523564637
				
-0.594784856	-0.800629735	0.402234495	0.554554224	0.544800103
				
-0.627844512	-0.790675402	0.427091748	0.576443255	0.565102875
				
-0.65684098	-0.793860912	0.455953419	0.602559209	0.588378131
				
-0.675101221	-0.812640786	0.494737804	0.632896543	0.615030348
				
-0.674595654	-0.818589151	0.514613926	0.661961675	0.642075598
				
-0.682698309	-0.820198834	0.540609956	0.685106337	0.662545085
				
-0.68854624	-0.816059589	0.575402439	0.701227844	0.674113154
				
-0.681986153	-0.839235246	0.607767165	0.714579105	0.683909297
				
-0.671886384	-0.876738548	0.638776302	0.728854775	0.695645928
				
-0.661727548	-0.902027249	0.661119521	0.736367524	0.699819863
				
-0.645828843	-0.911613226	0.671170712	0.737792373	0.698784709
				
-0.630353451	-0.896306872	0.67955333	0.737426937	0.693966269
				
-0.603450358	-0.803007841	0.666291237	0.724364221	0.679302156
				
-0.572780073	-0.70820868	0.652491093	0.709767878	0.663171828
				
-0.505618215	-0.496400058	0.631252766	0.675741136	0.62855202
				
-0.484596282	-0.434447318	0.62015456	0.659161866	0.607130051
				
-0.474902511	-0.401491255	0.617475867	0.651842773	0.596942067
				
-0.4671143	-0.39514029	0.628500521	0.655773938	0.599386454
				
-0.463466883	-0.397562832	0.641319394	0.659584522	0.603080809
				
-0.46240294	-0.398487002	0.642575026	0.656704307	0.600313306
				
-0.465618849	-0.398352504	0.634958744	0.649730086	0.593384743
				
-0.466907203	-0.388734668	0.627525449	0.644277394	0.587759316
				
-0.468196005	-0.381420642	0.628754675	0.644511223	0.588162005
				
-0.465581775	-0.371249646	0.630960226	0.645585477	0.590507567
				
-0.46372658	-0.366084158	0.632352054	0.64356339	0.590649545
				
-0.459528387	-0.348869443	0.62380898	0.635397077	0.584768713
				
-0.456528634	-0.335706294	0.609908402	0.624156654	0.57531482
				
-0.454583317	-0.326741815	0.59762758	0.615034044	0.566604733
				
-0.455479413	-0.320648849	0.588401437	0.607826412	0.559293926
				
-0.45670563	-0.317387819	0.580410004	0.60116303	0.552414834
				
-0.456317693	-0.314103425	0.571704507	0.593343258	0.544963419
				
-0.456354797	-0.317073286	0.564556599	0.586529553	0.539157927
				
-0.454226017	-0.322439104	0.558981538	0.581529915	0.535428882
				
-0.450090915	-0.326723486	0.556058526	0.579816937	0.534904182
				
-0.445543468	-0.33051002	0.555354834	0.579905093	0.536444783
				
-0.441886872	-0.332938612	0.556886494	0.582760751	0.540394425
				
-0.439545989	-0.335526228	0.5600757	0.588290215	0.546946526
				
-0.437794685	-0.336970478	0.563139677	0.593035936	0.552615404
				
-0.43696323	-0.334733486	0.568401933	0.597130597	0.55596751
				
-0.435022742	-0.334027767	0.572671413	0.597186327	0.554853797
				
-0.431752354	-0.333350331	0.573800981	0.59366256	0.550682604
				
-0.429402232	-0.339938402	0.572621346	0.590451121	0.546787202
				
-0.432025641	-0.335730016	0.568273962	0.584241331	0.54039681
				
-0.438726723	-0.336677253	0.565173626	0.582075596	0.537026465
				
-0.439868003	-0.331712604	0.565977931	0.581441224	0.53473115
				
-0.438498467	-0.340034127	0.566475034	0.580176055	0.532155216
				
-0.436190695	-0.349032044	0.569184363	0.578185618	0.528085828
				
-0.439460933	-0.344970286	0.569879591	0.572798669	0.520301759
				
-0.448577642	-0.34416908	0.568475842	0.568052828	0.513565779
				
-0.456577361	-0.341950595	0.567788482	0.567089617	0.512044728
				
-0.461821675	-0.340596914	0.566956222	0.567630231	0.513116479
				
-0.462612748	-0.340784997	0.568008602	0.570439577	0.517062485
				
-0.461997688	-0.34531644	0.568335414	0.57313323	0.521265268
				
-0.459920049	-0.351053625	0.568142176	0.57443136	0.523580492
				
-0.457482934	-0.358129323	0.568494737	0.575643539	0.525518298
				
-0.454749554	-0.362994999	0.568201303	0.575469971	0.525703847
				
-0.451777935	-0.366423547	0.568822861	0.575687706	0.52592212
				
-0.449131012	-0.36731261	0.569728613	0.574762166	0.524524927
				
-0.447391152	-0.367873132	0.570619881	0.573768973	0.523058593
				
-0.446470678	-0.367098004	0.57225281	0.573839128	0.522568583
				
-0.446692288	-0.366768241	0.574503481	0.574716091	0.523062408
				
-0.447896659	-0.365735501	0.574824154	0.574375689	0.52282989
				
-0.449407965	-0.365688145	0.573593259	0.573524654	0.522491813
				
-0.450659275	-0.365311563	0.571841359	0.572315693	0.521853566
				
-0.450970441	-0.364519954	0.56985724	0.571122885	0.521414042
				
-0.450425088	-0.363167226	0.569180131	0.571618617	0.522529244
				
-0.450535685	-0.362439811	0.568953574	0.572542429	0.524210513
				
-0.451191425	-0.362615705	0.569015443	0.573914289	0.526218534
				
-0.451813549	-0.36374256	0.569736958	0.575498462	0.528179526
				
-0.452674061	-0.362997353	0.571062088	0.577174544	0.529942393
				
-0.453214258	-0.360642493	0.572946906	0.579617083	0.532120705
				
-0.453668535	-0.357702792	0.575243354	0.582843781	0.534854174
				
-0.454249322	-0.353893161	0.576459289	0.584174275	0.535173893
				
-0.455466032	-0.350227475	0.576492906	0.58301276	0.532743335
				
-0.456634581	-0.348672748	0.576876879	0.581609547	0.530373156
				
-0.458602488	-0.348011196	0.576462209	0.579352617	0.527447164
				
-0.460028112	-0.346945286	0.574661493	0.575832486	0.52349472
				
-0.460591912	-0.345206499	0.572734416	0.572756708	0.520021141
				
-0.46003145	-0.346527219	0.57183826	0.571773708	0.519030452
				
-0.458771706	-0.346862912	0.572012365	0.571651042	0.519005418
				
-0.457109451	-0.346233755	0.574457586	0.574114621	0.521933258
				
-0.45621869	-0.345882922	0.57350421	0.574802935	0.524271607
				
-0.456750751	-0.348845243	0.572390199	0.576007664	0.526807308
				
-0.458023518	-0.353063822	0.570674658	0.577689528	0.529866159
				
-0.458005935	-0.35700798	0.570242047	0.580249965	0.532624185
				
-0.45188421	-0.351938874	0.571392715	0.584579766	0.536151528
				
-0.443485409	-0.339679956	0.57583797	0.592022061	0.544410169
				
-0.437320441	-0.328567654	0.568885446	0.589542031	0.544563353
				
-0.435680956	-0.32311973	0.565425038	0.590578735	0.547030568
				
-0.435723573	-0.314069301	0.572500944	0.596834302	0.554438233
				
-0.439078957	-0.313385725	0.567731619	0.593044043	0.552418709
				
-0.439984202	-0.306714952	0.567353189	0.590994775	0.55204916
				
-0.455320328	-0.303727299	0.537474811	0.58373493	0.551373839
				
-0.467539668	-0.305556685	0.507069826	0.568415523	0.541752815
				
-0.473970562	-0.307319283	0.490733266	0.563332677	0.538888752
				
-0.47878629	-0.309831858	0.486258566	0.568051398	0.544227242
				
-0.482934535	-0.313332677	0.48339355	0.570712864	0.548243403
				
-0.485473633	-0.32140252	0.477732331	0.567137837	0.546224952
				
-0.486179769	-0.329408914	0.477381766	0.567026198	0.545910954
				
-0.487166613	-0.335804731	0.481671244	0.570866823	0.548640132
				
-0.475839794	-0.343622446	0.507651269	0.580452561	0.552457988
				
-0.463239312	-0.348530591	0.532138884	0.588665485	0.556612432
				
-0.467471182	-0.35135749	0.52694571	0.58998543	0.55905515
				
-0.47244221	-0.357625842	0.520002246	0.590255976	0.560268939
				
-0.477611065	-0.364112854	0.51334089	0.589524031	0.560355663
				
-0.482033253	-0.369624913	0.509214044	0.5903216	0.561433136
				
-0.486034334	-0.373760581	0.506089389	0.591254115	0.562720895
				
-0.488827407	-0.374361396	0.503715754	0.591737092	0.563562751
				
-0.477189124	-0.383331358	0.529716492	0.59600991	0.562642753
				
-0.464812875	-0.381721437	0.550830245	0.597175717	0.559393525
				
-0.473280251	-0.378952146	0.53984499	0.594785869	0.558537543
				
-0.478075683	-0.380771935	0.529423654	0.596642256	0.562549353
				
-0.465976715	-0.379582375	0.549998939	0.60295552	0.564317346
				
-0.45301041	-0.37578696	0.568399012	0.604135394	0.563456237
				
-0.445133597	-0.377886862	0.580729425	0.606050313	0.565100849
				
-0.439341605	-0.377888143	0.594960093	0.61120683	0.568708718
				
-0.438436091	-0.37910825	0.602218986	0.608656526	0.565142274
				
-0.441546798	-0.388127655	0.603352964	0.60397166	0.559896529
				
-0.445496976	-0.398441434	0.598199844	0.599158287	0.556082904
				
-0.448436499	-0.403923571	0.59561944	0.598201275	0.555054367
				
-0.450206548	-0.403550684	0.597091019	0.599022508	0.554455101
				
-0.453044921	-0.398078829	0.593703091	0.593898773	0.547991812
				
-0.457380056	-0.398990959	0.586893141	0.585533142	0.538294137
				
-0.459753335	-0.407348573	0.581649244	0.581374586	0.534783185
				
-0.459789634	-0.40852055	0.580945969	0.583345711	0.537195027
				
-0.460434258	-0.401407748	0.579486847	0.584097385	0.537609339
				
-0.462915868	-0.404870629	0.576816261	0.583447695	0.536111474
				
-0.463970572	-0.412859976	0.57691443	0.585174441	0.539651871
				
-0.465167761	-0.411594748	0.576626778	0.590073466	0.546220899
				
-0.465507209	-0.413445473	0.57709831	0.590401769	0.545722902
				
-0.466157466	-0.411926061	0.578607798	0.590733409	0.545309544
				
-0.465187818	-0.404221416	0.582334399	0.591915607	0.54428947
				
-0.463344187	-0.396968096	0.583966434	0.588552535	0.538050711
				
-0.463766038	-0.393001318	0.580790699	0.582229137	0.529750824
				
-0.464928061	-0.388151646	0.580979824	0.581737638	0.528514981
				
-0.462989688	-0.38113147	0.583925724	0.582044065	0.527891219
				
-0.461568981	-0.378300071	0.582453609	0.579398572	0.524124861
				
-0.460847974	-0.379905403	0.580374956	0.578076482	0.522426844
				
-0.457230836	-0.378087103	0.586478531	0.586628139	0.530278444
				
-0.457634926	-0.385311186	0.590246499	0.591994762	0.536462665
				
-0.457283944	-0.388921201	0.591143727	0.593929589	0.539001882
				
-0.456717551	-0.391492486	0.591146111	0.594912887	0.540422499
				
-0.45605427	-0.393769532	0.590837121	0.595676839	0.541679025
				
-0.456054688	-0.397244543	0.589756131	0.596718848	0.543307006
				
-0.457344562	-0.403884351	0.588055909	0.596940339	0.544446588
				
-0.460430741	-0.40921244	0.583022714	0.593739986	0.542280614
				
-0.465091288	-0.413239896	0.577795982	0.589027941	0.537004232
				
-0.469624817	-0.412735403	0.573643267	0.584430337	0.531705439
				
-0.471602619	-0.410575509	0.574470401	0.583226025	0.529937148
				
-0.471103489	-0.412072152	0.580419779	0.587819517	0.534742475
				
-0.47165826	-0.417719066	0.583705485	0.591370881	0.539019585
				
-0.472480029	-0.42501542	0.583942413	0.591144562	0.540015876
				
-0.473636776	-0.4323439	0.581525087	0.589333653	0.539017081
				
-0.474033713	-0.436598599	0.579069138	0.588333249	0.538384259
				
-0.472530633	-0.436771989	0.57914567	0.58887893	0.539133608
				
-0.470277905	-0.434376061	0.582454443	0.591677427	0.541711271
				
-0.470103443	-0.431675524	0.585409701	0.594421148	0.544358015
				
-0.470628977	-0.432213068	0.587011099	0.595903456	0.546314955
				
-0.469865143	-0.435893387	0.587272465	0.595262706	0.547080219
				
-0.46896413	-0.441243172	0.585685849	0.594033957	0.547766745
				
-0.467139691	-0.448867381	0.58580178	0.595935524	0.55061686
				
-0.465695381	-0.455009997	0.586793542	0.598074555	0.552356064
				
-0.465530306	-0.450757682	0.587536514	0.598518968	0.551656902
				
-0.465475529	-0.448662102	0.591144741	0.600938916	0.553712904
				
-0.474415809	-0.454424173	0.533217311	0.575737	0.537027359
				
-0.473151416	-0.461390376	0.542293131	0.582545698	0.541646481
				
-0.47127077	-0.455539286	0.560776353	0.591179729	0.547563374
				
-0.47725305	-0.45772171	0.523142874	0.57254988	0.53366667
				
-0.485718369	-0.459107637	0.494633853	0.560806394	0.524946213
				
-0.491611481	-0.462059915	0.477580547	0.555050075	0.521439731
				
-0.49935621	-0.473843813	0.45976004	0.538911641	0.50884825
				
-0.504377961	-0.487903655	0.449531645	0.530711651	0.502994478
				
-0.505374968	-0.495388806	0.446406484	0.527777374	0.501675844
				
-0.507721901	-0.49738133	0.442476094	0.523453057	0.499652565
				
-0.506233096	-0.504885972	0.442984045	0.521907628	0.500281334
				
-0.503592491	-0.505259812	0.448534966	0.522924721	0.501965582
				
-0.503633499	-0.500991106	0.453646064	0.523800969	0.502039969
				
-0.504711986	-0.49883309	0.460116833	0.525909185	0.503164887
				
-0.504232287	-0.501474142	0.46620211	0.52843529	0.505332887
				
-0.504284322	-0.508162677	0.473849535	0.533481836	0.509118319
				
-0.504177809	-0.514159739	0.480751842	0.537960052	0.513168931
				
-0.503953695	-0.517908692	0.485852182	0.540366948	0.515303016
				
-0.503990471	-0.519694507	0.491204202	0.542605281	0.517313898
				
-0.502228737	-0.543237984	0.477399468	0.532179832	0.508470118
				
-0.507914543	-0.569842815	0.479682595	0.532046676	0.509436607
				
-0.511822939	-0.596970797	0.483316988	0.534719229	0.512879789
				
-0.515186429	-0.622566342	0.485913813	0.535607874	0.514824092
				
-0.518679976	-0.643901587	0.488660216	0.53675878	0.516531944
				
-0.515534401	-0.636981189	0.47673595	0.523841679	0.503571212
				
-0.510852873	-0.614238679	0.464568377	0.509746313	0.489025414
				
-0.507887065	-0.592084825	0.457870662	0.501237929	0.480376303
				
-0.505378187	-0.575291932	0.454684794	0.495818943	0.474276751
				
-0.49945724	-0.566511869	0.451778889	0.492833257	0.469581425
				
-0.49541685	-0.563266933	0.45137465	0.493359804	0.467840731
				
-0.495252013	-0.568028927	0.45485571	0.497693628	0.469960034
				
-0.496115267	-0.577364504	0.45521313	0.500855088	0.471861601
				
-0.499361932	-0.588657081	0.45408535	0.502495885	0.472836733
				
-0.50137651	-0.5919348	0.456101805	0.503783405	0.474373192
				
-0.501407266	-0.58341217	0.460440248	0.505700946	0.476061165
				
-0.500558555	-0.575760841	0.459468693	0.506150663	0.475056112
				
-0.502170682	-0.5758425	0.459523946	0.509404778	0.476843387
				
-0.505817056	-0.586002827	0.457569897	0.511170864	0.478083909
				
-0.510322809	-0.600095749	0.455392063	0.511062324	0.478369296
				
-0.513045132	-0.60805577	0.455565929	0.511662722	0.480024725
				
-0.51357758	-0.607298017	0.458213896	0.513401687	0.482369661
				
-0.512132883	-0.600150228	0.459497631	0.514063954	0.482406169
				
-0.509867311	-0.59336853	0.459875226	0.514020681	0.481231451
				
-0.507204294	-0.586571157	0.460243821	0.513541698	0.479436666
				
-0.5041821	-0.583331227	0.459529728	0.512333751	0.477135509
				
-0.503586113	-0.584328294	0.459210813	0.511854351	0.47650823
				
-0.504323483	-0.590339899	0.456548959	0.509605944	0.475065529
				
-0.507769227	-0.598628402	0.452358872	0.507001281	0.473735034
				
-0.510030329	-0.601213694	0.450315118	0.506022036	0.473670214
				
-0.507721782	-0.589532256	0.449584574	0.504854381	0.471774787
				
-0.504627049	-0.585672855	0.450608492	0.50484103	0.470648348
				
-0.504962981	-0.592530787	0.448993742	0.504793584	0.471037328
				
-0.505607486	-0.589871168	0.447654128	0.504788458	0.470551312
				
-0.503518999	-0.587298036	0.449726462	0.506739736	0.471344709
				
-0.500267565	-0.588902712	0.447629035	0.507298768	0.471118033
				
-0.500398099	-0.578808725	0.446780205	0.508132458	0.47055465
				
-0.497285038	-0.568997622	0.446899682	0.508127749	0.468862981
				
-0.496412247	-0.565346301	0.443439156	0.506263316	0.465885133
				
-0.499657601	-0.556967735	0.440317214	0.504983544	0.463881969
				
-0.50067699	-0.538828015	0.438219726	0.503291845	0.461250544
				
-0.49879986	-0.534189522	0.436399579	0.50093329	0.457570225
				
-0.499740452	-0.536761582	0.431762189	0.497357875	0.453347981
				
-0.503123999	-0.539896548	0.42713058	0.494074941	0.450167954
				
-0.505803645	-0.538991034	0.424186051	0.492046297	0.448090434
				
-0.50726378	-0.537066281	0.423138112	0.492035031	0.448031396
				
-0.508189261	-0.536689699	0.42254284	0.492323905	0.448243022
				
-0.511235237	-0.532933891	0.421122819	0.492033273	0.448574185
				
-0.510245323	-0.533301651	0.422518432	0.492938101	0.449558914
				
-0.508154333	-0.535884976	0.423369318	0.493068516	0.449706018
				
-0.507406533	-0.533436954	0.424737304	0.493411571	0.449975163
				
-0.502344251	-0.52864176	0.431006312	0.496317029	0.452047944
				
-0.498885423	-0.524150252	0.434368849	0.498843551	0.455126166
				
-0.500208735	-0.532701731	0.435535222	0.50175035	0.459486842
				
-0.502268612	-0.539505303	0.434920549	0.502057195	0.460674226
				
-0.498783886	-0.538365364	0.440586507	0.50578618	0.464124501
				
-0.503166378	-0.541752458	0.439782262	0.505700886	0.466297835
				
-0.502246737	-0.551380873	0.440042794	0.507363796	0.468555272
				
-0.499179482	-0.549852848	0.444492072	0.510035515	0.471999824
				
-0.50183773	-0.555823207	0.445148557	0.511350393	0.475107044
				
-0.503140211	-0.560835004	0.444877118	0.511724174	0.476175547
				
-0.502822101	-0.562707722	0.44729653	0.512989104	0.479500413
				
-0.506732941	-0.568732619	0.445748448	0.511676848	0.479430377
				
-0.506542444	-0.573503494	0.445982635	0.511749089	0.481055439
				
-0.507383227	-0.572140098	0.447695851	0.511136651	0.481999606
				
-0.508533418	-0.576806903	0.44632557	0.509500861	0.481129289
				
-0.508344293	-0.580890357	0.446883827	0.509586215	0.482405812
				
-0.508161724	-0.579898298	0.451256454	0.510992289	0.484978616
				
-0.507688284	-0.583611131	0.45310995	0.511634827	0.48613286
				
-0.507142961	-0.58667165	0.452496409	0.510561705	0.485040307
				
-0.506873488	-0.586994708	0.454153478	0.510966897	0.485445559
				
-0.504458725	-0.584263444	0.457578033	0.512502491	0.486987501
				
-0.503355443	-0.585821688	0.4608109	0.514706314	0.489687741
				
-0.50281024	-0.587010145	0.461891264	0.515967011	0.491414279
				
-0.502012968	-0.586489975	0.460930109	0.516124845	0.491237462
				
-0.502350211	-0.587882519	0.460304618	0.516340375	0.491817534
				
-0.502989411	-0.588491976	0.459458888	0.516623378	0.492448211
				
-0.503293157	-0.587799489	0.457427591	0.515103757	0.491814077
				
-0.503382683	-0.584374785	0.452543437	0.510499597	0.488116622
				
-0.505009174	-0.584330201	0.44479835	0.503416538	0.481089681
				
-0.499179274	-0.568612278	0.441676319	0.498841345	0.471864492
				
-0.504830658	-0.556188166	0.444838822	0.502629399	0.474020332
				
-0.498707384	-0.541861475	0.449733734	0.505460739	0.473935366
				
-0.498289734	-0.53244096	0.449263513	0.505913079	0.470531523
				
-0.495389909	-0.510694742	0.449716806	0.506321192	0.46870172
				
-0.492833138	-0.500676334	0.445663124	0.504057705	0.464389473
				
-0.492022425	-0.483502686	0.439501613	0.499584347	0.459615469
				
-0.48967737	-0.473928064	0.435794294	0.497292131	0.456129014
				
-0.493028671	-0.46712476	0.428208888	0.493517697	0.452405304
				
-0.492238373	-0.451207817	0.433828384	0.507491708	0.464169741
				
-0.49474436	-0.445750356	0.435366005	0.516777277	0.47303775
				
-0.503389597	-0.435060173	0.433990598	0.524236977	0.482157588
				
-0.506859303	-0.423482895	0.433687836	0.527876556	0.486029446
				
-0.505079925	-0.41891697	0.432449639	0.529076815	0.486792773
				
-0.505979717	-0.421985865	0.432003736	0.531911016	0.490411848
				
-0.511051416	-0.418863535	0.430996716	0.534050047	0.494635195
				
-0.509859681	-0.41713652	0.433271199	0.535603046	0.495452881
				
-0.506515026	-0.409447253	0.434901595	0.534452915	0.493144274
				
-0.503144264	-0.403873593	0.43268764	0.530822277	0.489204556
				
-0.503362536	-0.396897614	0.429355443	0.528094709	0.488577396
				
-0.499947399	-0.397726476	0.429082543	0.527555704	0.488242596
				
-0.497985661	-0.401460469	0.431506962	0.529324532	0.49041602
				
-0.498090565	-0.409233123	0.431750923	0.529685676	0.491603106
				
-0.499830931	-0.419633538	0.431506038	0.529874861	0.492423147
				
-0.502338707	-0.430507541	0.429956734	0.528782904	0.49188593
				
-0.50453788	-0.439276695	0.428567648	0.527869701	0.491056502
				
-0.506515443	-0.446006566	0.427930593	0.527669132	0.490813434
				
-0.508113444	-0.450339705	0.426271409	0.526664257	0.489865988
				
-0.509694815	-0.453448147	0.423589081	0.525213778	0.488583416
				
-0.510484755	-0.455033481	0.420330673	0.523452044	0.487146229
				
-0.514785409	-0.45111832	0.414667219	0.521881223	0.486876339
				
-0.513097227	-0.450033367	0.411282957	0.519718647	0.485037565
				
-0.513414443	-0.450286597	0.408058196	0.516600788	0.481640399
				
-0.515296161	-0.461345077	0.40992251	0.521253586	0.485499352
				
-0.517058551	-0.454984635	0.412271172	0.524761021	0.488445222
				
-0.515538633	-0.454925388	0.421215653	0.532719851	0.493339419
				
-0.512832999	-0.436899394	0.413462043	0.510966063	0.470355898
				
-0.505400419	-0.442231297	0.414174378	0.500103235	0.458406895
				
-0.50028342	-0.45900169	0.409625173	0.487674683	0.445626199
				
-0.499689102	-0.476255327	0.409801096	0.483642519	0.44279471
				
-0.49784711	-0.488448501	0.413208425	0.483432829	0.442808747
				
-0.500665665	-0.508754671	0.416106313	0.486711293	0.447701931
				
-0.497223407	-0.521375179	0.423540384	0.491031468	0.453442544
				
-0.499010921	-0.535529256	0.427666217	0.495234966	0.459710956
				
-0.49893418	-0.546842813	0.43066889	0.496888399	0.462106079
				
-0.50043577	-0.547491372	0.436069429	0.501961589	0.467478335
				
-0.500451207	-0.554395914	0.437259138	0.502755046	0.46941033
				
-0.500421882	-0.552552283	0.437613934	0.502186596	0.469387382
				
-0.498969316	-0.544393957	0.442976594	0.506264031	0.472628176
				
-0.498987973	-0.548317432	0.445907831	0.508299887	0.475096732
				
-0.49985078	-0.55615741	0.445734203	0.507561922	0.475275874
				
-0.500219226	-0.56094718	0.444169104	0.505788267	0.474482477
				
-0.499853551	-0.565465808	0.443296701	0.505085945	0.474184334
				
-0.498470068	-0.56391716	0.444575846	0.506787777	0.475848556
				
-0.497069001	-0.557141483	0.446564019	0.509114742	0.478084028
				
-0.4965716	-0.548908532	0.450136125	0.51257813	0.481704295
				
-0.496767968	-0.54388082	0.453703761	0.516086519	0.485394537
				
-0.497279733	-0.540791452	0.456838608	0.518831134	0.488490134
				
-0.498966128	-0.541021109	0.458916157	0.520840645	0.490825891
				
-0.501407444	-0.543789387	0.45963788	0.522240579	0.492279232
				
-0.502542913	-0.546578586	0.458325565	0.521568298	0.491662115
				
-0.50226146	-0.549711823	0.45589003	0.518906176	0.488887876
				
-0.501661241	-0.552694023	0.452777624	0.515256643	0.484736741
				
-0.500303328	-0.554484487	0.448618352	0.509954154	0.478172958
				
-0.49833262	-0.559646308	0.446851701	0.505502105	0.472769141
				
-0.496950626	-0.564063311	0.444131225	0.500674307	0.466633648
				
-0.496292412	-0.569454372	0.445308924	0.500418186	0.466129392
				
-0.498471409	-0.572127342	0.445506632	0.501702905	0.468293667
				
-0.501024127	-0.569704235	0.446676165	0.504052579	0.471460253
				
-0.503811836	-0.564343154	0.449008018	0.507617295	0.475668192
				
-0.505725741	-0.556995273	0.451128185	0.51004684	0.478860706
				
-0.506159067	-0.54806906	0.452307999	0.511073649	0.47968325
				
-0.50539726	-0.541152775	0.451320112	0.509793043	0.477787614
				
-0.504269481	-0.536654234	0.450253785	0.508332551	0.475517511
				
-0.504051864	-0.533394456	0.447464734	0.505331278	0.471108735
				
-0.503860712	-0.534228861	0.44413048	0.502073765	0.466642171
				
-0.50201565	-0.54048872	0.443304449	0.501076162	0.465333879
				
-0.500982702	-0.548152328	0.442867339	0.500486851	0.464745343
				
-0.502001166	-0.552922785	0.441446155	0.500537455	0.464962304
				
-0.502893746	-0.55940938	0.441139877	0.502403855	0.467795551
				
-0.50602442	-0.562476873	0.440163463	0.503797531	0.470007479
				
-0.506735563	-0.561212122	0.441871047	0.506344616	0.473094821
				
-0.506212294	-0.557605088	0.443494141	0.508445263	0.475194275
				
-0.505008578	-0.550935924	0.444489002	0.508759975	0.475298166
				
-0.50427866	-0.546186447	0.44570449	0.509142399	0.475189984
				
-0.504078507	-0.542661548	0.446785629	0.508359671	0.47404024
				
-0.503075898	-0.539769113	0.447401613	0.507180214	0.472360224
				
-0.501844883	-0.536262035	0.447522908	0.505895436	0.470534325
				
-0.500874281	-0.534609377	0.446235389	0.504488707	0.468656689
				
-0.502082407	-0.531800508	0.444741815	0.503280401	0.466932595
				
-0.501552701	-0.530845463	0.444099545	0.502940416	0.466276228
				
-0.498611063	-0.53181839	0.446164608	0.503805399	0.466804683
				
-0.496404141	-0.531980395	0.448090196	0.505016446	0.467645317
				
-0.49377197	-0.534594893	0.450805128	0.50691998	0.469338298
				
-0.491581798	-0.535929382	0.452880442	0.507889211	0.470126212
				
-0.490399301	-0.542003512	0.454373509	0.507942617	0.470974743
				
-0.490665674	-0.546356678	0.453772634	0.506863773	0.471074939
				
-0.479235291	-0.53752178	0.463416845	0.499614954	0.459239751
				
-0.469933033	-0.53154248	0.470318794	0.493933171	0.448520005
				
-0.464714348	-0.520668387	0.472659767	0.487832367	0.438582957
				
-0.464133978	-0.507798254	0.472488701	0.483550549	0.431237757
				
-0.465361476	-0.499036849	0.473754764	0.482195616	0.427387506
				
-0.469388545	-0.495610088	0.474405646	0.482789248	0.424765617
				
-0.471766889	-0.491063476	0.472994149	0.477793574	0.420549214
				
-0.476932704	-0.48757574	0.467331558	0.47083652	0.414620608
				
-0.486337245	-0.487371922	0.45707494	0.464672983	0.409616351
				
-0.494487613	-0.485919654	0.446937591	0.455909908	0.405801117
				
-0.504589677	-0.484646142	0.432518601	0.443458706	0.398715198
				
-0.510089517	-0.479455352	0.424842775	0.436084807	0.396223515
				
-0.513013184	-0.474135518	0.425389767	0.436417937	0.398876131
				
-0.513989508	-0.469101131	0.43038094	0.440674156	0.403527737
				
-0.513751149	-0.464065194	0.436060965	0.445156813	0.407797635
				
-0.511962414	-0.460113883	0.441254616	0.448356748	0.4115403
				
-0.509833634	-0.462022662	0.447220892	0.452320814	0.4166722
				
-0.508291423	-0.467286408	0.452734411	0.456349254	0.422570646
				
-0.506988227	-0.474168509	0.456016898	0.458366156	0.427085161
				
-0.506810129	-0.480102986	0.457907856	0.46012339	0.429858983
				
-0.507455945	-0.483676285	0.456766039	0.459375292	0.429743916
				
-0.507918179	-0.48379758	0.45458743	0.458488345	0.429089993
				
-0.509070277	-0.482487381	0.45124504	0.455629885	0.426667094
				
-0.510147691	-0.480792165	0.450163096	0.454469323	0.424916476
				
-0.511127412	-0.478780627	0.450466722	0.453982025	0.423649102
				
-0.512079358	-0.477832824	0.450744182	0.453638405	0.422225475
				
-0.512746453	-0.476743281	0.45078522	0.452974975	0.420757681
				
-0.512826741	-0.475037158	0.451150596	0.452457279	0.419304997
				
-0.5137012	-0.474416971	0.453213602	0.453746885	0.419328004
				
-0.513863862	-0.473319858	0.454224497	0.454084992	0.419590682
				
-0.513842165	-0.473323345	0.455502808	0.455418676	0.420166731
				
-0.513938367	-0.474817157	0.456579328	0.456749916	0.421072125
				
-0.514043152	-0.476734281	0.458272278	0.458979398	0.42255944
				
-0.514994264	-0.479199171	0.460088491	0.460730195	0.424069583
				
-0.51547873	-0.482449144	0.462900698	0.463601679	0.426047176
				
-0.515797973	-0.484571517	0.463728905	0.464303255	0.424739987
				
-0.514606476	-0.479273856	0.462834597	0.463014901	0.420373619
				
-0.513245344	-0.475373417	0.458184659	0.459172815	0.413694799
				
-0.510237098	-0.472872198	0.454145312	0.459547341	0.410574973
				
-0.506976843	-0.46243909	0.450619876	0.462391019	0.409542829
				
-0.506730616	-0.444269121	0.462899148	0.492432386	0.439343333
				
-0.510803163	-0.416750252	0.469851941	0.515476584	0.465183735
				
-0.518156588	-0.391916305	0.468865454	0.527307928	0.48105213
				
-0.515535355	-0.379159302	0.467289865	0.533915877	0.488706678
				
-0.517192066	-0.396988571	0.478611469	0.549192429	0.503038347
				
-0.517202258	-0.404656291	0.485439926	0.556156933	0.506344557
				
-0.516752541	-0.402078688	0.487004161	0.555323005	0.50184828
				
-0.511906743	-0.388016045	0.514428139	0.558462083	0.492564738
				
-0.512274563	-0.381745994	0.53475678	0.557959318	0.484109372
				
-0.509991646	-0.373876333	0.554392695	0.557761848	0.47775954
				
-0.509030163	-0.36915493	0.568415642	0.556673348	0.472535312
				
-0.512740254	-0.368790805	0.569459796	0.55257988	0.467056036
				
-0.513666272	-0.366373479	0.574223161	0.552503824	0.466141671
				
-0.515094757	-0.365524113	0.578298092	0.553517699	0.467038453
				
-0.517834067	-0.369167536	0.581415892	0.555800557	0.470199645
				
-0.523863316	-0.37795943	0.579520643	0.557305932	0.473423243
				
-0.527258515	-0.387922168	0.577108502	0.559545517	0.477952838
				
-0.526355684	-0.392302275	0.579339266	0.562147141	0.481783986
				
-0.529175937	-0.40386945	0.57403791	0.560883045	0.481972277
				
-0.527041376	-0.402879834	0.572375417	0.559786856	0.480797827
				
-0.524924517	-0.401156396	0.570587993	0.556980848	0.477371633
				
-0.521555364	-0.398099959	0.568991423	0.553737044	0.473662615
				
-0.517860293	-0.393167913	0.56922555	0.552367687	0.473369956
				
-0.512061894	-0.388513327	0.568659067	0.551166952	0.47324416
				
-0.507104397	-0.383613288	0.570214748	0.553026199	0.476888001
				
-0.502108514	-0.380243391	0.573767602	0.557704568	0.48461318
				
-0.503130734	-0.386474848	0.509134591	0.541294217	0.481182218
				
-0.49188441	-0.384887755	0.465896398	0.526806712	0.475851536
				
-0.481435597	-0.383370996	0.435779363	0.515969634	0.470700622
				
-0.469583154	-0.382271945	0.414686501	0.507602334	0.465038002
				
-0.462698072	-0.39820838	0.441196203	0.532674313	0.491144776
				
-0.458929658	-0.408535033	0.474074483	0.554136097	0.510145783
				
-0.456711084	-0.412593305	0.501856983	0.57003057	0.523024917
				
-0.456103086	-0.415477276	0.525302589	0.582940042	0.532887816
				
-0.461378694	-0.412580132	0.540834546	0.592487216	0.540546954
				
-0.460719407	-0.415373653	0.553205311	0.598292768	0.544484198
				
-0.461148858	-0.419206738	0.561523438	0.601081789	0.54584223
				
-0.462002993	-0.422709703	0.565505087	0.601231217	0.545232117
				
-0.463074923	-0.42485562	0.567480683	0.600931883	0.544422567
				
-0.463880837	-0.426239014	0.567970932	0.599918723	0.542907
				
-0.469277918	-0.424993277	0.565546632	0.599933326	0.543844759
				
-0.468099505	-0.425527394	0.565477967	0.600082994	0.543412268
				
-0.471919537	-0.424777746	0.562091768	0.600015044	0.544332623
				
-0.470114678	-0.425152123	0.562283218	0.599755764	0.542879999
				
-0.469206035	-0.426836967	0.563426733	0.599814653	0.54190135
				
-0.474027991	-0.427618325	0.561285853	0.600933731	0.544468462
				
-0.471129894	-0.431924224	0.562000215	0.60193646	0.545384228
				
-0.469162703	-0.436505139	0.562834978	0.602071345	0.545526385
				
-0.467680007	-0.439845204	0.562569618	0.601553917	0.545247853
				
-0.472108096	-0.439920545	0.55874151	0.60155195	0.547462404
				
-0.469492823	-0.442166865	0.5582605	0.601522148	0.547606885
				
-0.47286287	-0.441706926	0.555910707	0.602311254	0.55033952
				
-0.46953696	-0.444200784	0.557030976	0.60292232	0.550480962
				
-0.472453266	-0.444150865	0.555119991	0.603167653	0.552082181
				
-0.468837261	-0.445475996	0.557256997	0.603732169	0.551713049
				
-0.471865863	-0.443874955	0.555268168	0.603376985	0.552586794
				
-0.468902528	-0.44300732	0.556209862	0.602167964	0.550093055
				
-0.467220187	-0.442144692	0.557977974	0.601128757	0.548031807
				
-0.466081679	-0.440863341	0.560571432	0.601359248	0.547608912
				
-0.465948969	-0.436902225	0.563043058	0.601293683	0.547074974
				
-0.465864569	-0.433683693	0.566253185	0.602401674	0.548156202
				
-0.465551734	-0.434200406	0.570037007	0.604207635	0.550168753
				
-0.466298401	-0.436980516	0.574308574	0.606689632	0.553471208
				
-0.466622323	-0.440784186	0.577188969	0.607373297	0.554790676
				
-0.466846943	-0.44476366	0.579191029	0.607215703	0.55580622
				
-0.462979019	-0.432532251	0.522658527	0.575672209	0.527625501
				
-0.460537255	-0.424786478	0.478900164	0.550005078	0.502691627
				
-0.463458538	-0.420368195	0.4462246	0.529231846	0.481892526
				
-0.468926728	-0.417051554	0.426362306	0.515429556	0.467223316
				
-0.474185616	-0.413985014	0.418208182	0.508893728	0.459579349
				
-0.478287458	-0.41117394	0.415748388	0.506188452	0.456098557
				
-0.480677128	-0.410918325	0.416946828	0.506828368	0.455862343
				
-0.481635004	-0.411093414	0.419376552	0.507873058	0.456355333
				
-0.481408387	-0.411763281	0.422427177	0.509447217	0.45750165
				
-0.480889946	-0.413441479	0.425230205	0.511308134	0.459224045
				
-0.480277896	-0.41541177	0.427672744	0.512990296	0.460930228
				
-0.479758859	-0.417950451	0.429514289	0.514608562	0.462582439
				
-0.483109564	-0.417288661	0.428147942	0.516017675	0.465713501
				
-0.481763899	-0.418983579	0.430520207	0.518094063	0.467546046
				
-0.480217457	-0.419608623	0.431327403	0.518435717	0.467640698
				
-0.479352057	-0.41868937	0.430709898	0.517368317	0.466535449
				
-0.482200086	-0.413838208	0.427178085	0.515709221	0.466585517
				
-0.480466038	-0.412057698	0.427437484	0.515104353	0.465716422
				
-0.479583681	-0.410047412	0.426348209	0.513212681	0.463654995
				
-0.483883411	-0.405180871	0.423868984	0.51221925	0.464149833
				
-0.482255131	-0.404456586	0.425647318	0.512268484	0.463339627
				
-0.48469907	-0.400785923	0.423845768	0.511305988	0.46329987
				
-0.481660604	-0.400848687	0.425929129	0.511530399	0.462273598
				
-0.483959228	-0.397505701	0.424232215	0.510534227	0.462237954
				
-0.482544839	-0.397585392	0.42659989	0.511199117	0.46210584
				
-0.482580841	-0.400295794	0.430409074	0.514319181	0.464718401
				
-0.487372369	-0.402754486	0.433848262	0.519697785	0.471434861
				
-0.486815572	-0.41005528	0.444726348	0.528609455	0.478737622
				
-0.488465071	-0.418692648	0.455228835	0.535386562	0.484581321
				
-0.488011897	-0.4393242	0.47165823	0.546984315	0.495220363
				
-0.483521342	-0.471250296	0.474445522	0.529061437	0.477345824
				
-0.482396007	-0.494177014	0.471547246	0.510677874	0.46017012
				
-0.488354057	-0.507100821	0.46675095	0.495268434	0.444476426
				
-0.496211231	-0.514360368	0.465001881	0.484529525	0.433598042
				
-0.50248307	-0.51581347	0.464112103	0.477627099	0.427253246
				
-0.507562518	-0.513022244	0.45829612	0.465884537	0.422182024
				
-0.509129465	-0.510397434	0.449957788	0.456550181	0.421411514
				
-0.507973552	-0.510805011	0.445001483	0.451424897	0.424218774
				
-0.505365431	-0.514588118	0.444385648	0.45098722	0.429558218
				
-0.506551385	-0.519457579	0.43710348	0.45511362	0.419397742
				
-0.503599644	-0.521595538	0.434594005	0.461503804	0.413362354
				
-0.498462021	-0.523125172	0.436965823	0.470463693	0.4128353
				
-0.491778374	-0.525734901	0.443266958	0.481902897	0.416703582
				
-0.480970353	-0.555872321	0.457607329	0.496238232	0.42781049
				
-0.471414387	-0.57380408	0.471822232	0.509555757	0.441087306
				
-0.464703918	-0.583338141	0.482620776	0.518724859	0.452919722
				
-0.460983217	-0.589782476	0.489575267	0.52452904	0.462197959
				
-0.460674644	-0.591288447	0.494455695	0.527740121	0.468660355
				
-0.466809213	-0.592828214	0.501954079	0.535508335	0.486985773
				
-0.45661366	-0.59142971	0.501078784	0.534952879	0.490416735
				
-0.46099481	-0.590067863	0.501025736	0.535113275	0.491346657
				
-0.467453957	-0.589215636	0.500896096	0.535280406	0.490675062
				
-0.469427675	-0.585659266	0.498261988	0.532634139	0.487237453
				
-0.469127506	-0.579374135	0.497105181	0.529795885	0.482794732
				
-0.468148887	-0.573126674	0.49650085	0.527482629	0.478428125
				
-0.467222095	-0.567312241	0.495946914	0.525768042	0.474909872
				
-0.466567695	-0.562535942	0.495770752	0.524572849	0.472234488
				
-0.466579556	-0.559386015	0.495624423	0.523310781	0.469464481
				
-0.467739791	-0.559670091	0.494567811	0.522263348	0.467104852
				
-0.468046993	-0.560428143	0.493869066	0.521818459	0.466466963
				
-0.467033327	-0.562861741	0.495058954	0.522876382	0.467865825
				
-0.466018945	-0.56624198	0.496612787	0.524741828	0.470288396
				
-0.465844929	-0.569561481	0.497454584	0.525887787	0.471822977
				
-0.466409832	-0.572257996	0.498198211	0.526705682	0.472715139
				
-0.467403442	-0.573297262	0.49865067	0.527032793	0.472805083
				
-0.469529927	-0.57050097	0.49761194	0.526159525	0.471313179
				
-0.473175764	-0.567267001	0.495250046	0.523704231	0.467766225
				
-0.475859225	-0.561408043	0.493383646	0.520200431	0.46312362
				
-0.477938324	-0.554973722	0.490761697	0.516085804	0.458004713
				
-0.480215132	-0.552191854	0.48736918	0.512021661	0.453443885
				
-0.480744302	-0.544268727	0.484449387	0.506732821	0.447404891
				
-0.483130991	-0.533898413	0.479965866	0.50059855	0.439536095
				
-0.488703787	-0.522325158	0.477646291	0.495788693	0.430660725
				
-0.506968975	-0.509820521	0.46406123	0.489365101	0.438562006
				
-0.516000986	-0.500697613	0.455244601	0.486755639	0.445799112
				
-0.524767041	-0.500493646	0.448263884	0.487895668	0.451112092
				
-0.529859543	-0.502173781	0.446040571	0.489310056	0.456048548
				
-0.526023865	-0.494852185	0.44783771	0.478691548	0.443413675
				
-0.520252883	-0.487784564	0.44989717	0.474181235	0.43065396
				
-0.512449741	-0.480975568	0.452271044	0.471945703	0.420749903
				
-0.500842035	-0.477202743	0.457269698	0.472435236	0.415415108
				
-0.48897323	-0.468287349	0.478921771	0.506936669	0.44647938
				
-0.486775249	-0.469139218	0.474639237	0.505274653	0.441185772
				
-0.475710452	-0.46012792	0.486473918	0.528225243	0.465130925
				
-0.468288839	-0.451964021	0.493023634	0.542917788	0.482371211
				
-0.465189219	-0.445560455	0.495771974	0.55145818	0.493594229
				
-0.46741116	-0.437748373	0.49343726	0.555711627	0.501364172
				
-0.466810673	-0.437271118	0.491637588	0.55732888	0.504243135
				
-0.470444679	-0.434259295	0.486079037	0.555916667	0.505015969
				
-0.469492018	-0.433338344	0.483633101	0.553848445	0.50287354
				
-0.472599179	-0.430655956	0.47784245	0.54993093	0.500561774
				
-0.47044462	-0.428334236	0.475746334	0.546650469	0.496243805
				
-0.467427492	-0.422578722	0.472035587	0.540714443	0.489336669
				
-0.466684341	-0.419815511	0.464481175	0.532924891	0.481196165
				
-0.46830219	-0.421079278	0.45610702	0.526594937	0.474464297
				
-0.471733361	-0.424927294	0.448116183	0.522617102	0.470077574
				
-0.475882411	-0.432755351	0.441915661	0.521555841	0.4685238
				
-0.480073452	-0.440778822	0.440110475	0.524210215	0.470256805
				
-0.482245862	-0.442451596	0.438856959	0.525065184	0.47062394
				
-0.48944205	-0.438153863	0.435419202	0.524296403	0.471584976
				
-0.489070326	-0.437449872	0.44200632	0.527777314	0.474641621
				
-0.487242877	-0.432955444	0.448745489	0.529163718	0.475403547
				
-0.485027581	-0.429386765	0.455287457	0.530536294	0.475329161
				
-0.485915661	-0.42801559	0.457703978	0.533865392	0.478204876
				
-0.484103739	-0.439154804	0.45556891	0.533615828	0.47651279
				
-0.48248148	-0.451762319	0.443994075	0.526281953	0.469731241
				
-0.483687907	-0.450652838	0.430942565	0.518398643	0.461277038
				
-0.483218193	-0.441802472	0.420770258	0.513444066	0.456002504
				
-0.483903021	-0.433737338	0.41146484	0.507759094	0.450648963
				
-0.469934762	-0.42823422	0.46685791	0.533109725	0.458552748
				
-0.46053949	-0.434748203	0.522242606	0.554522932	0.466362178
				
-0.454034299	-0.439645886	0.566374898	0.572044969	0.473428488
				
-0.448487282	-0.44237864	0.597658694	0.584457636	0.477831185
				
-0.45144552	-0.442944586	0.611739039	0.59040159	0.480066359
				
-0.449324429	-0.446914226	0.624184489	0.59675771	0.483233929
				
-0.448955923	-0.45012641	0.628500223	0.599184036	0.483421087
				
-0.444086194	-0.450753391	0.635240376	0.602275848	0.484601885
				
-0.4444592	-0.444345027	0.630420804	0.599066556	0.481380612
				
-0.447131038	-0.438397557	0.622589707	0.595432341	0.479852319
				
-0.447677016	-0.434948295	0.615718901	0.591141045	0.476220727
				
-0.446309835	-0.433163047	0.615293384	0.590765536	0.476759136
				
-0.449863285	-0.430235565	0.610883355	0.589780211	0.476760656
				
-0.453547269	-0.43573004	0.613689899	0.593289196	0.480840027
				
-0.456577688	-0.442320883	0.617039561	0.596135557	0.48402822
				
-0.460217476	-0.445804	0.622612596	0.598745644	0.486749232
				
-0.460905135	-0.441989243	0.623087466	0.59712404	0.48492676
				
-0.464369178	-0.437620699	0.611682653	0.589930415	0.481063455
				
-0.460986942	-0.440975457	0.613112092	0.589467168	0.483081549
				
-0.457882434	-0.43014434	0.609807849	0.586150587	0.481882989
				
-0.46481958	-0.429746449	0.602719843	0.580591977	0.480343074
				
-0.462767273	-0.419673324	0.595454574	0.577624857	0.481075466
				
-0.467508972	-0.420987278	0.586267531	0.575917959	0.484178662
				
-0.466707379	-0.419666111	0.583488226	0.574724972	0.486160815
				
-0.47442168	-0.421940923	0.509384751	0.547114909	0.477012068
				
-0.465860754	-0.414912641	0.517167866	0.551621914	0.481741905
				
-0.463189244	-0.40833199	0.472132444	0.531874418	0.471453309
				
-0.46000883	-0.401270181	0.486666322	0.536734462	0.472561181
				
-0.453490674	-0.390902132	0.506335199	0.543118656	0.475604475
				
-0.447935939	-0.375335306	0.526417613	0.549060047	0.478043079
				
-0.440469265	-0.363924295	0.539181948	0.55041188	0.476307213
				
-0.436945915	-0.360414058	0.549630642	0.552973151	0.477414131
				
-0.433612317	-0.356072277	0.557801604	0.554655373	0.478502035
				
-0.430383623	-0.354174107	0.56335479	0.554739416	0.477868587
				
-0.432232678	-0.347870916	0.507139027	0.528398454	0.461519897
				
-0.437162519	-0.340142548	0.459349513	0.505479217	0.447859168
				
-0.450400949	-0.353878886	0.466230333	0.51301235	0.458160341
				
-0.457940727	-0.371098459	0.474987715	0.519722581	0.46602416
				
-0.461305201	-0.373589456	0.439801455	0.500011981	0.451219887
				
-0.456499398	-0.37145552	0.462718308	0.508649647	0.451656878
				
-0.451946884	-0.375726134	0.486904562	0.517219663	0.453187943
				
-0.446139365	-0.374393076	0.504942715	0.524324596	0.454845965
				
-0.451124549	-0.388552815	0.521907508	0.540075898	0.473420978
				
-0.456165195	-0.405216724	0.538862944	0.556222558	0.491164625
				
-0.461683452	-0.39671272	0.496396363	0.535723805	0.477442086
				
-0.468838841	-0.410809487	0.499517769	0.54293102	0.485235333
				
-0.471090347	-0.419524074	0.51869756	0.5569821	0.498634368
				
-0.475028515	-0.422772825	0.525642276	0.561430395	0.503558815
				
-0.474559933	-0.424976498	0.531455994	0.566387653	0.509120762
				
-0.474172324	-0.427562028	0.536684871	0.569507003	0.512033165
				
-0.474605769	-0.437454998	0.537840843	0.569929838	0.512878001
				
-0.472401142	-0.441182137	0.537422001	0.570842624	0.513117671
				
-0.474607468	-0.455908865	0.539132059	0.573021233	0.517049968
				
-0.472590566	-0.453625321	0.494392395	0.552015662	0.502939343
				
-0.476498127	-0.459438264	0.502460122	0.561517835	0.512693882
				
-0.488132715	-0.456395239	0.468434662	0.545981348	0.503728211
				
-0.488119513	-0.456596494	0.490755796	0.560288608	0.51467973
				
-0.494314015	-0.455823213	0.47033003	0.546999216	0.50149101
				
-0.492465854	-0.445932508	0.461328119	0.541411102	0.493232429
				
-0.495604545	-0.44166106	0.454456747	0.538876474	0.488707453
				
-0.500229955	-0.44940111	0.437031984	0.524901748	0.480540812
				
-0.501999676	-0.448614538	0.425181478	0.522653818	0.481623709
				
-0.504512429	-0.469951898	0.411049426	0.517591536	0.48111558
				
-0.506180346	-0.482533216	0.399305582	0.515009224	0.482699633
				
-0.5044294	-0.481620789	0.402754784	0.516077638	0.484794885
				
-0.507871211	-0.483627737	0.408867478	0.516163409	0.486810714
				
-0.505912304	-0.479920328	0.420997143	0.518620849	0.488384128
				
-0.505552709	-0.479010016	0.426131278	0.518007278	0.487843573
				
-0.5020594	-0.480123132	0.433291584	0.519730508	0.488563448
				
-0.499484032	-0.481759638	0.442590356	0.521758854	0.489806175
				
-0.498192787	-0.484184474	0.447412014	0.521614313	0.489586592
				
-0.499142885	-0.481628507	0.450593829	0.523651838	0.49214828
				
-0.497198641	-0.484961689	0.457616746	0.528659701	0.49552232
				
-0.495895922	-0.489942193	0.463021219	0.530549049	0.496599436
				
-0.495161772	-0.497407734	0.465384662	0.528875947	0.494887084
				
-0.494538307	-0.502141058	0.466566682	0.528734207	0.495153844
				
-0.496426851	-0.501233697	0.465157121	0.529505372	0.496493429
				
-0.497708499	-0.496889532	0.464654833	0.532058299	0.498399973
				
-0.499688774	-0.494192421	0.465518653	0.5363819	0.501968741
				
-0.497948468	-0.492437124	0.467689872	0.539586246	0.503378749
				
-0.495727897	-0.489617229	0.469207466	0.541637182	0.503913045
				
-0.493669152	-0.488460273	0.470896155	0.543583155	0.504643083
				
-0.492849648	-0.490043133	0.469453335	0.542689681	0.503479898
				
-0.491728693	-0.494438827	0.465994477	0.537788391	0.498851299
				
-0.490547419	-0.497735649	0.464413345	0.530593991	0.492362082
				
-0.492647082	-0.502441466	0.452135086	0.514970303	0.478021979
				
-0.490884125	-0.496121526	0.4567523	0.519693255	0.481065154
				
-0.493502796	-0.48781085	0.453798115	0.517471194	0.478907049
				
-0.492237926	-0.489759266	0.454317451	0.515945733	0.478018224
				
-0.491583019	-0.480824113	0.450319022	0.517356634	0.478886217
				
-0.492830426	-0.47748968	0.447826147	0.517649651	0.479876816
				
-0.491590798	-0.47456184	0.443472743	0.518111408	0.480620801
				
-0.494169384	-0.473965108	0.436532736	0.522930384	0.48690331
				
-0.494382471	-0.477282226	0.430849761	0.520080447	0.484677553
				
-0.496432781	-0.473195672	0.422021687	0.5202896	0.486493349
				
-0.493959546	-0.46917671	0.419986665	0.517674863	0.48387754
				
-0.492970377	-0.462785393	0.411403269	0.512288153	0.479353696
				
-0.490274429	-0.441117257	0.419001937	0.517451406	0.479576498
				
-0.48894769	-0.445651442	0.42354995	0.519126177	0.475645036
				
-0.481393605	-0.430785954	0.427771568	0.520397782	0.471708089
				
-0.478174388	-0.426458359	0.431176662	0.519847095	0.467127323
				
-0.479488015	-0.435192078	0.427564144	0.516432226	0.462801397
				
-0.473620206	-0.429651439	0.42811799	0.516632795	0.461445838
				
-0.471776545	-0.428639352	0.424397916	0.510670424	0.454659462
				
-0.47213161	-0.429383934	0.421327561	0.50780189	0.452204794
				
-0.474102497	-0.430465966	0.415482968	0.502517581	0.447182685
				
-0.47006771	-0.424875826	0.408225447	0.495795131	0.442497849
				
-0.464312553	-0.421438158	0.404520541	0.492249012	0.439363897
				
-0.468448967	-0.416055828	0.397776216	0.487124979	0.437527567
				
-0.470232993	-0.420354456	0.39621374	0.486583114	0.438318372
				
-0.467670619	-0.419010133	0.394719481	0.484942198	0.438349068
				
-0.462241828	-0.41407308	0.390060633	0.481246889	0.436465174
				
-0.455166101	-0.412251711	0.437855422	0.506631494	0.449936032
				
-0.451382369	-0.417381912	0.483407438	0.528166831	0.462322831
				
-0.451376557	-0.423292816	0.520188689	0.544609547	0.472705811
				
-0.45008418	-0.426327527	0.548589349	0.556619108	0.479331791
				
-0.446947336	-0.427420527	0.569205403	0.565286994	0.482663184
				
-0.447641402	-0.427238703	0.581890643	0.571018696	0.485192567
				
-0.451003015	-0.421453238	0.593028724	0.575594604	0.488701016
				
-0.45088774	-0.419138074	0.604057372	0.579848647	0.491989315
				
-0.456504107	-0.417518139	0.608292639	0.580664337	0.490359187
				
-0.464049667	-0.413664401	0.612631798	0.582721233	0.490017444
				
-0.467652917	-0.41513586	0.615520835	0.582692921	0.489764273
				
-0.467472851	-0.417315423	0.618879139	0.584974766	0.488525569
				
-0.473543644	-0.424049318	0.619513631	0.583542824	0.487407744
				
-0.48017028	-0.440646857	0.623321831	0.587540925	0.489805043
				
-0.485135525	-0.45184353	0.621928453	0.586000085	0.490027517
				
-0.489864558	-0.466193318	0.622231603	0.587614894	0.492270678
				
-0.493737787	-0.477648377	0.618624866	0.586969852	0.492507935
				
-0.494964451	-0.489276886	0.618961215	0.58924973	0.49572891
				
-0.504544437	-0.49110359	0.550895095	0.563836277	0.483257264
				
-0.508612871	-0.484566182	0.505898237	0.550751507	0.478931427
				
-0.506517708	-0.481724441	0.467288196	0.523355365	0.457550615
				
-0.503434002	-0.48254323	0.455249131	0.527450442	0.464293122
				
-0.502008915	-0.486594737	0.436414242	0.508622825	0.449042797
				
-0.495875955	-0.485042453	0.427911699	0.500017881	0.441477358
				
-0.494110465	-0.489234149	0.422789335	0.490410209	0.432945728
				
-0.487576991	-0.489534467	0.428548932	0.491450369	0.432562798
				
-0.485165536	-0.495194554	0.42494458	0.481555343	0.423508167
				
-0.478940457	-0.49813199	0.43348065	0.485230654	0.424354225
				
-0.476552099	-0.506576598	0.442638278	0.491131067	0.428692371
				
-0.477391452	-0.518646717	0.444491088	0.490330338	0.427308917
				
-0.475969672	-0.523446679	0.454112232	0.494919747	0.43036288
				
-0.471244574	-0.526592135	0.466619045	0.50263381	0.43715921
				
-0.468675882	-0.53355062	0.474140882	0.509852648	0.442943335
				
-0.468221128	-0.542911887	0.47728914	0.511583924	0.446067989
				
-0.468346596	-0.549054623	0.477988303	0.512631655	0.447180033
				
-0.469500363	-0.552135885	0.478911459	0.512451053	0.448563933
				
-0.470677495	-0.551558197	0.480710447	0.513195753	0.449975342
				
-0.472203851	-0.549796581	0.481769919	0.513310611	0.450556099
				
-0.474295735	-0.547242761	0.481233686	0.511391103	0.449300826
				
-0.475157857	-0.541174173	0.481288373	0.510343015	0.447673678
				
-0.472350717	-0.53720355	0.48491478	0.513495266	0.449103355
				
-0.470699608	-0.540942073	0.489895701	0.518547535	0.454113781
				
-0.470842838	-0.544519961	0.490915537	0.519298673	0.455740213
				
-0.472703755	-0.542152524	0.489233971	0.518988788	0.454932451
				
-0.472542048	-0.541072488	0.487735391	0.516959131	0.452753425
				
-0.472313344	-0.539539218	0.484672189	0.513380766	0.448470831
				
-0.485295862	-0.538561821	0.482975721	0.524768054	0.468291044
				
-0.495577872	-0.536292195	0.477473438	0.529416263	0.480081618
				
-0.49251157	-0.53209573	0.471129268	0.518324852	0.469639599
				
-0.495337635	-0.524190724	0.466821849	0.520563185	0.47518295
				
-0.500392258	-0.516510963	0.461926132	0.526066303	0.483361304
				
-0.504673123	-0.51054281	0.451569736	0.523489237	0.483786404
				
-0.504849494	-0.502267718	0.443324089	0.517235875	0.479618371
				
-0.503956437	-0.496226013	0.438634634	0.515643358	0.478188753
				
-0.504727542	-0.492562979	0.429015666	0.513613105	0.476895034
				
-0.498780787	-0.47707954	0.430692792	0.51509881	0.474704802
				
-0.493710548	-0.463506967	0.438827515	0.519255459	0.473985732
				
-0.494017005	-0.460095525	0.442293942	0.524359465	0.475605547
				
-0.493619919	-0.449747264	0.441913605	0.52709198	0.476718992
				
-0.49078238	-0.441518158	0.443173945	0.527601957	0.474675536
				
-0.486852556	-0.439427793	0.446030557	0.527512193	0.472198248
				
-0.484660894	-0.448401213	0.447109908	0.527094841	0.469247699
				
-0.488864839	-0.446703017	0.442492723	0.52640456	0.46840772
				
-0.489311457	-0.44148159	0.439020187	0.524716318	0.466037214
				
-0.486956686	-0.440705448	0.438916415	0.52405715	0.464031875
				
-0.490163296	-0.449819744	0.435594082	0.52329272	0.46383971
				
-0.489674777	-0.441499114	0.429221183	0.51934135	0.460000038
				
-0.488698959	-0.437729031	0.426081002	0.518695235	0.460411012
				
-0.485328376	-0.443977416	0.423869491	0.517144144	0.45829761
				
-0.487050742	-0.438956916	0.417855203	0.513051331	0.45499146
				
-0.479920983	-0.434779614	0.419629395	0.513211131	0.454218566
				
-0.480408102	-0.442798197	0.414363772	0.508949578	0.451073617
				
-0.47943902	-0.441530645	0.406471133	0.5043751	0.447688013
				
-0.474217772	-0.436917156	0.408396512	0.50563997	0.449073792
				
-0.474244475	-0.442275107	0.405383825	0.502256036	0.446609557
				
-0.481396973	-0.443333209	0.394233495	0.494057059	0.44186312
				
-0.461467355	-0.420241475	0.465242296	0.526032209	0.45794642
				
-0.465636283	-0.417849839	0.515096903	0.545269668	0.468618512
				
-0.467232555	-0.421229184	0.548963368	0.559316099	0.477460355
				
-0.465900987	-0.423110098	0.573026657	0.56897372	0.483680904
				
-0.466545582	-0.425322711	0.586768925	0.57287693	0.485340059
				
-0.469933808	-0.433233172	0.59678793	0.57632792	0.487295061
				
-0.476874799	-0.438882619	0.59946692	0.576075196	0.486364663
				
-0.479762197	-0.446296066	0.605180383	0.576572001	0.48504889
				
-0.478775233	-0.44696635	0.608872056	0.575411439	0.482335389
				
-0.479773998	-0.447250813	0.606388748	0.573539257	0.480623782
				
-0.479643762	-0.457600832	0.604192019	0.573515356	0.480362475
				
-0.487744302	-0.465514958	0.597150505	0.57050252	0.477699995
				
-0.491186798	-0.476029515	0.596328557	0.571209431	0.47938019
				
-0.490784913	-0.483873904	0.597148597	0.571672261	0.479918003
				
-0.495610952	-0.494347125	0.598614573	0.575527906	0.484218419
				
-0.50207752	-0.502813458	0.601214409	0.580426037	0.488341004
				
-0.502425015	-0.50392133	0.604547262	0.583046973	0.489555061
				
-0.501036584	-0.500996113	0.602990508	0.582585096	0.488912821
				
-0.504979253	-0.497322112	0.604614317	0.584827542	0.490904093
				
-0.506730437	-0.495144457	0.534132123	0.55785805	0.476635516
				
-0.504803598	-0.488106549	0.479380071	0.532253504	0.460334063
				
-0.50666666	-0.477345824	0.441148937	0.513950288	0.449985027
				
-0.506288707	-0.466701269	0.416971058	0.502106428	0.442886412
				
-0.50455898	-0.462347269	0.399262369	0.490277946	0.434963346
				
-0.501958489	-0.466031909	0.389203399	0.484941006	0.431551337
				
-0.496768206	-0.464531183	0.39058429	0.48728925	0.433880568
				
-0.493031204	-0.462112218	0.392946899	0.490178645	0.439029992
				
-0.488515973	-0.463366807	0.401185274	0.496795475	0.444325715
				
-0.488467783	-0.472614974	0.407821208	0.502887368	0.449367315
				
-0.487548918	-0.476310074	0.416367829	0.509998202	0.455567569
				
-0.487484813	-0.476881623	0.424224973	0.515536308	0.461005807
				
-0.488020897	-0.477026343	0.431775451	0.52179414	0.466246307
				
-0.486697495	-0.470400393	0.43905437	0.526020288	0.468862355
				
-0.486596227	-0.461377084	0.443724632	0.526831746	0.469189018
				
-0.486711621	-0.458668053	0.439134002	0.51607728	0.457558155
				
-0.491615891	-0.463586897	0.435770154	0.511894822	0.454145551
				
-0.492728442	-0.467561871	0.435954362	0.51251173	0.452237546
				
-0.495521784	-0.480699658	0.434931904	0.510276318	0.450577855
				
-0.498716652	-0.490501642	0.427955687	0.502327025	0.443345487
				
-0.499799758	-0.493776739	0.42211628	0.497956187	0.438886404
				
-0.498443544	-0.492761493	0.418058783	0.49549526	0.435953796
				
-0.496312678	-0.491010934	0.411480248	0.490565568	0.431315124
				
-0.501803517	-0.491791129	0.401730299	0.485533267	0.428670287
				
-0.500831246	-0.491846174	0.401414335	0.487920314	0.430012643
				
-0.496866703	-0.488416612	0.398218602	0.485872567	0.427898496
				
-0.497794539	-0.489974678	0.394781917	0.48447603	0.426064283
				
-0.498065263	-0.493764043	0.392615736	0.484849453	0.426082015
				
-0.502242506	-0.495397657	0.389387727	0.484148264	0.427699625
				
-0.502763033	-0.499870241	0.390483677	0.486817002	0.429899871
				
-0.503359735	-0.50366056	0.393887192	0.487647593	0.431375176
				
-0.500216842	-0.500201881	0.395014167	0.491442889	0.433520138
				
-0.49903509	-0.493278205	0.388929784	0.486146152	0.429554492
				
-0.488954335	-0.483714163	0.390478313	0.48673895	0.429044724
				
-0.482645452	-0.472958386	0.385729492	0.482891113	0.425377071
				
-0.480541736	-0.468744993	0.383856684	0.478494287	0.421707153
				
-0.480902344	-0.46547091	0.387783587	0.478942424	0.422460496
				
-0.481446058	-0.451065391	0.444087058	0.504083633	0.434960425
				
-0.479701132	-0.433506578	0.488096714	0.523156166	0.44489783
				
-0.478122652	-0.421607137	0.457149088	0.513083816	0.441326857
				
-0.472509444	-0.416447371	0.438877672	0.506368518	0.439837039
				
-0.467794567	-0.407543123	0.420373082	0.497982323	0.437814415
				
-0.466416299	-0.398008376	0.45983845	0.51924634	0.450552732
				
-0.464742661	-0.395668119	0.494913936	0.536289692	0.460003853
				
-0.468112737	-0.399320155	0.517709434	0.544965804	0.462792069
				
-0.47588253	-0.415541977	0.536853194	0.550981104	0.463947237
