0.005233273	-0.429130971	0.560555279	0.601802945	0.513914585
				
0.00918982	-0.426227689	0.561310232	0.602049172	0.514304519
				
0.013663488	-0.423023373	0.562387705	0.602801561	0.515036285
				
0.019099997	-0.420192808	0.56361264	0.603779793	0.515988111
				
0.023900576	-0.416711748	0.564309239	0.604290664	0.516371131
				
0.028544219	-0.413721979	0.564924121	0.604598224	0.516784191
				
0.032385819	-0.410209447	0.565623701	0.604744256	0.516958892
				
0.034917466	-0.408552736	0.565984488	0.604728103	0.517118812
				
0.036204398	-0.406682551	0.565834284	0.604415238	0.516924202
				
0.036823958	-0.405312777	0.565692067	0.603921652	0.516377568
				
0.037919536	-0.403469443	0.56549567	0.603355169	0.515906334
				
0.038433269	-0.401028305	0.565243244	0.602644026	0.51517868
				
0.038400188	-0.399433285	0.564951301	0.601905227	0.514462352
				
0.038847163	-0.398405015	0.565022707	0.601556897	0.514040411
				
0.038899779	-0.397420049	0.565395892	0.601587534	0.513981044
				
0.038740717	-0.397413731	0.565413356	0.601682425	0.514044285
				
0.038606688	-0.397063196	0.565203965	0.601449192	0.513729334
				
0.038879663	-0.397000134	0.565454006	0.601657271	0.513676584
				
0.039237015	-0.396532118	0.565745056	0.601791859	0.51347518
				
0.039714307	-0.397148371	0.566539586	0.602423131	0.513701558
				
0.040047139	-0.397118211	0.568041205	0.603699446	0.514612198
				
0.040491048	-0.39605391	0.569804549	0.605197668	0.515575588
				
0.041159615	-0.394007623	0.571564257	0.606545687	0.516495109
				
0.041719183	-0.391545057	0.573773146	0.608536243	0.518029451
				
0.041324709	-0.389410049	0.576610863	0.611054838	0.520015478
				
0.041308556	-0.387643129	0.579174995	0.61318934	0.521843612
				
0.042094577	-0.384287238	0.581677258	0.615339816	0.523810506
				
0.04149504	-0.380682826	0.583604574	0.616923332	0.525132179
				
0.041437194	-0.377476215	0.5849365	0.61792624	0.526201725
				
0.041164331	-0.375578403	0.58646673	0.619187891	0.527616858
				
0.038542613	-0.376739979	0.587385535	0.62121439	0.528266728
				
0.037438475	-0.374363154	0.588967979	0.622301459	0.529234469
				
0.035203375	-0.373184621	0.590197921	0.623119235	0.530210018
				
0.033142976	-0.372647494	0.591771722	0.624386787	0.531727135
				
0.031179955	-0.371894509	0.593399644	0.625461102	0.532877088
				
0.028696643	-0.370773613	0.594737411	0.626109421	0.533772647
				
0.026466006	-0.369928002	0.595677376	0.626308322	0.534108043
				
0.024857825	-0.36938256	0.596365213	0.626284242	0.534198225
				
0.022349365	-0.369602263	0.596821964	0.62625736	0.534430563
				
0.020683931	-0.370164812	0.597302616	0.626469553	0.534777284
				
0.018818835	-0.370818317	0.597281337	0.626297832	0.534828603
				
0.01669028	-0.371184796	0.596936762	0.625751734	0.534518421
				
0.014962588	-0.372163713	0.596590698	0.625290811	0.534435034
				
0.013607727	-0.373132586	0.596017838	0.624660254	0.534127295
				
0.012697345	-0.37443921	0.595302463	0.624122798	0.53398186
				
0.011587515	-0.37516582	0.594808638	0.623691022	0.53393364
				
0.010803994	-0.374546885	0.594621956	0.623532653	0.534121752
				
0.010207361	-0.373731911	0.594501555	0.623510957	0.534379363
				
0.010201685	-0.373086989	0.594155431	0.623433471	0.534523904
				
0.009720536	-0.372413456	0.593813777	0.623289943	0.534492373
				
0.009697342	-0.370776772	0.593167603	0.622847676	0.534091473
				
0.010628656	-0.36915949	0.590745091	0.621303082	0.53199625
				
0.014558174	-0.368569434	0.589254498	0.620551348	0.53083986
				
0.019198395	-0.368560672	0.587896526	0.619585991	0.529488742
				
0.02295235	-0.368184656	0.586295009	0.618286252	0.527586341
				
0.026368232	-0.367876828	0.5854882	0.617653966	0.526342809
				
0.030419067	-0.368832082	0.585056841	0.617222905	0.525218129
				
0.035054542	-0.370261103	0.583913565	0.616088986	0.523326278
				
0.038598277	-0.371582568	0.582813025	0.615001798	0.521755874
				
0.042628076	-0.37334305	0.581178725	0.613343835	0.519731164
				
0.046262428	-0.374737978	0.579790235	0.611812592	0.517942071
				
0.049354315	-0.375572264	0.578291893	0.610039532	0.515864372
				
0.05150158	-0.376040131	0.576489329	0.607945561	0.513554573
				
0.053197987	-0.376417816	0.574745893	0.605968952	0.511251867
				
0.055533685	-0.376319677	0.573049128	0.604080737	0.509080052
				
0.058161225	-0.37651968	0.571832895	0.602774024	0.507409453
				
0.060491033	-0.376599371	0.570906699	0.601874828	0.506284714
				
0.062058866	-0.377712011	0.570707202	0.601723313	0.506025851
				
0.063060291	-0.378138483	0.57085216	0.601894736	0.50621736
				
0.063266307	-0.378306866	0.570912957	0.602145076	0.506685853
				
0.063189968	-0.377732664	0.571356654	0.602646947	0.507356584
				
0.06274578	-0.378301919	0.571437955	0.602876365	0.507751524
				
0.061417263	-0.378928423	0.57139957	0.603104532	0.508160174
				
0.059198476	-0.37994796	0.571036875	0.60302031	0.508292019
				
0.056937635	-0.380636752	0.570715427	0.602798283	0.508134365
				
0.054693446	-0.381502301	0.570166051	0.602432609	0.507835209
				
0.052370988	-0.38199544	0.569427252	0.601873934	0.507278204
				
0.05071748	-0.381624103	0.569040179	0.601503611	0.5067693
				
0.048854001	-0.381159782	0.568491518	0.600881815	0.506178081
				
0.046883546	-0.380466312	0.567928433	0.600237012	0.505509257
				
0.044345498	-0.380117238	0.567407906	0.599677563	0.504907846
				
0.040919181	-0.380330741	0.566626191	0.598963559	0.504147589
				
0.038082585	-0.380866706	0.565828502	0.598357201	0.503417373
				
0.034816913	-0.381530732	0.564391792	0.597210944	0.50197047
				
0.032193847	-0.382974207	0.563393354	0.596582651	0.501128554
				
0.028132772	-0.384544134	0.56243968	0.595950127	0.500295758
				
0.025192464	-0.386502385	0.560965657	0.594949424	0.499050319
				
0.022797981	-0.38859874	0.559387922	0.593857646	0.497724086
				
0.020257372	-0.391082227	0.557933807	0.5928123	0.496510684
				
0.017309181	-0.393669963	0.557065845	0.592303455	0.49592483
				
0.014598807	-0.396534085	0.556129932	0.591843545	0.495489895
				
0.012856197	-0.40030092	0.555173874	0.591490269	0.495257765
				
0.010548403	-0.403389663	0.554369092	0.591270089	0.495261997
				
0.008215999	-0.406412125	0.55360961	0.590956032	0.495196342
				
0.006480444	-0.4093889	0.552993178	0.590780616	0.495232046
				
0.004826086	-0.41205889	0.552596271	0.590677142	0.495354682
				
0.003005838	-0.413588643	0.55181998	0.590078652	0.494967282
				
0.001759326	-0.414849818	0.55058229	0.588946521	0.494004309
				
0.000603626	-0.415367723	0.549495459	0.587857068	0.493052244
				
0.000451244	-0.41465053	0.548373163	0.58660382	0.491755098
				
0.000984747	-0.414011359	0.547093153	0.585091054	0.490237951
				
0.001412615	-0.413081616	0.545763612	0.583588958	0.488761365
				
0.001957981	-0.411829531	0.544669747	0.582186103	0.487341762
				
0.00232573	-0.410854399	0.543383181	0.580690503	0.485719562
				
0.002240395	-0.410427749	0.542208612	0.579248786	0.484368801
				
-0.003006376	-0.410522282	0.540870905	0.579079747	0.483489096
				
-0.003084129	-0.410533071	0.540207446	0.578333974	0.48302269
				
-0.00285594	-0.409259975	0.539401829	0.577174902	0.482226312
				
-0.003193555	-0.408957362	0.538677812	0.576342225	0.481790066
				
-0.002564473	-0.408056498	0.538034141	0.575672388	0.481538415
				
-0.00195319	-0.406104386	0.537349641	0.574885786	0.481191307
				
-0.001748834	-0.404346466	0.537172318	0.574539244	0.481125593
				
-0.001040962	-0.40299198	0.537261903	0.574443102	0.481343031
				
0.000229543	-0.402257234	0.537642002	0.574631751	0.481785864
				
0.002061542	-0.401789278	0.538449824	0.575083494	0.482662022
				
0.004610939	-0.401211232	0.539503217	0.575835586	0.483697295
				
0.006914854	-0.400211215	0.541126847	0.57705605	0.485278606
				
0.008808911	-0.399982184	0.543306768	0.57876724	0.487115085
				
0.011658451	-0.399270535	0.54599297	0.580891371	0.489360452
				
0.013932142	-0.397928089	0.548555374	0.582811832	0.491205633
				
0.018289404	-0.396205276	0.551773131	0.585109055	0.493593276
				
0.017940881	-0.395741045	0.552568674	0.585744798	0.494442463
				
0.020454507	-0.39453584	0.555410087	0.587931097	0.497090101
				
0.022310214	-0.393265665	0.556726575	0.588819027	0.498072684
				
0.022906866	-0.391941011	0.557157516	0.588914633	0.498368263
				
0.025074312	-0.391055942	0.558242917	0.589424014	0.498989284
				
0.026513252	-0.389971316	0.559815288	0.590126634	0.500088155
				
0.026278052	-0.389179766	0.559206009	0.589155078	0.499206305
				
0.028134627	-0.388199449	0.559527218	0.588716328	0.498808384
				
0.028954145	-0.386868209	0.559522688	0.588321328	0.498349816
				
0.029308725	-0.38537392	0.559378386	0.587853014	0.497763097
				
0.02839241	-0.384814501	0.559150577	0.587379575	0.49715957
				
0.026712149	-0.385541141	0.558784842	0.587248743	0.496924996
				
0.024939835	-0.386440277	0.558386922	0.587009072	0.496747315
				
0.023351349	-0.386603355	0.557850122	0.586601734	0.496310174
				
0.019539671	-0.3883847	0.556150258	0.586370289	0.494424075
				
0.017706065	-0.38777113	0.556524992	0.586883545	0.494682789
				
0.016736869	-0.386948168	0.556861043	0.587320983	0.494873017
				
0.016013382	-0.385712087	0.55708158	0.587427557	0.494860232
				
0.015604518	-0.384313226	0.556984603	0.58735007	0.49464047
				
0.013586685	-0.383305848	0.557229161	0.58776021	0.495046198
				
0.011208946	-0.382886678	0.55730021	0.588036001	0.495327175
				
0.008564854	-0.382917345	0.557726681	0.58871913	0.496074319
				
0.006315554	-0.381778926	0.558296323	0.589206815	0.496372223
				
0.006018097	-0.380371392	0.558755517	0.589555621	0.496545702
				
0.005768744	-0.37889418	0.559679329	0.590382278	0.497375518
				
0.006085116	-0.377462447	0.560507774	0.590865552	0.497979701
				
0.006508941	-0.376537681	0.561121047	0.591059327	0.49832356
				
0.006045327	-0.375923812	0.561978459	0.591454268	0.49874419
				
0.005110726	-0.37564069	0.562435508	0.591535687	0.498878807
				
0.003765097	-0.375205338	0.56266129	0.591292143	0.49872452
				
0.003040699	-0.374899566	0.563212097	0.59134233	0.498934805
				
0.003633438	-0.374634653	0.563436866	0.591064811	0.498858392
				
0.00375299	-0.375136614	0.563433886	0.590752721	0.498773158
				
0.003014173	-0.376743019	0.56358999	0.590580225	0.498890519
				
0.002724886	-0.378420264	0.563414633	0.590197623	0.498917371
				
0.002877301	-0.379307538	0.563510299	0.59012109	0.499228477
				
0.003007155	-0.379726171	0.563857317	0.590252519	0.499690652
				
0.003899502	-0.380683601	0.564295173	0.59034574	0.499932647
				
0.004028913	-0.381535292	0.564447045	0.590649784	0.50035429
				
0.003791168	-0.382283628	0.564163685	0.590523183	0.500339925
				
0.003528649	-0.383270085	0.564063311	0.590649903	0.500568748
				
0.003891489	-0.383446813	0.563343227	0.589875698	0.499808669
				
0.003277689	-0.384042203	0.562501132	0.589009643	0.498937666
				
0.002759902	-0.384589612	0.56152308	0.588015258	0.497959763
				
0.001551056	-0.386234552	0.56047523	0.587003052	0.497219622
				
9.52E-05	-0.388174772	0.559772253	0.586420059	0.496779919
				
-0.000661477	-0.389925778	0.55889535	0.585764289	0.496318579
				
-0.001018412	-0.391447544	0.557925999	0.58475858	0.495435953
				
0.000105102	-0.393728614	0.557335198	0.583880901	0.494730055
				
0.000352956	-0.396593004	0.556733489	0.582951665	0.494034916
				
0.000627533	-0.39967525	0.555790901	0.581779242	0.493228972
				
0.000850312	-0.402174473	0.555514395	0.581026435	0.492528319
				
0.001342546	-0.405182332	0.554941535	0.580078959	0.491645753
				
0.002103049	-0.407916903	0.554276645	0.578946888	0.490628153
				
0.002487898	-0.410596102	0.553704202	0.578203261	0.489961565
				
0.00217218	-0.415451288	0.552509189	0.576560676	0.488619685
				
0.001669254	-0.41547513	0.552073836	0.576099873	0.488221645
				
0.001325764	-0.415198207	0.551562905	0.575588644	0.487679899
				
0.001202326	-0.414860159	0.551005661	0.574962676	0.487015486
				
0.001380064	-0.41486758	0.550438881	0.574293256	0.486284196
				
0.001492582	-0.414331913	0.549969733	0.573709249	0.485635698
				
0.001717892	-0.41342482	0.54946202	0.573083401	0.484944224
				
0.001803543	-0.412393868	0.549122036	0.572583139	0.484342068
				
0.002067089	-0.411630213	0.548940539	0.572283864	0.483987629
				
0.002125796	-0.410113543	0.549158096	0.572210193	0.483964413
				
0.002979688	-0.40750432	0.549452305	0.572084427	0.483722776
				
0.004206114	-0.405278146	0.54985249	0.572164178	0.483765304
				
0.004888371	-0.402191669	0.550580204	0.572602987	0.484060943
				
0.001597892	-0.401634037	0.550116837	0.574118257	0.484554946
				
0.002037115	-0.398563683	0.551592231	0.575392604	0.485840708
				
0.003323674	-0.395282269	0.552997351	0.576424241	0.486787826
				
0.005208246	-0.392781407	0.554207921	0.577276707	0.487461835
				
0.006608041	-0.390730441	0.555435002	0.578123629	0.488221765
				
0.007515177	-0.389107734	0.55667913	0.579165995	0.489204347
				
0.00759013	-0.387604445	0.558119774	0.580289602	0.490296662
				
0.004965318	-0.387566477	0.557518303	0.580464184	0.488624603
				
0.005605698	-0.386538744	0.558484197	0.581231713	0.489278704
				
0.006618416	-0.385639012	0.559220374	0.581974983	0.490166843
				
0.002968576	-0.386920333	0.558909297	0.583826303	0.491315246
				
0.003110543	-0.385440677	0.559889078	0.584768832	0.492511004
				
0.003318062	-0.384041578	0.560783029	0.585423291	0.493496239
				
0.004079495	-0.382667929	0.561910629	0.586298168	0.494728029
				
0.00578871	-0.382506013	0.563285947	0.587307155	0.495964438
				
0.007643282	-0.382967114	0.564501405	0.58829838	0.497237831
				
0.009831553	-0.383540571	0.565795064	0.589331448	0.498372436
				
0.012326678	-0.383783877	0.567337275	0.590420842	0.499714017
				
0.015171029	-0.384151042	0.568888724	0.591526926	0.50107497
				
0.01785152	-0.385194719	0.570081294	0.592430353	0.502222598
				
0.019960254	-0.386324197	0.571232677	0.593324125	0.503318369
				
0.021679068	-0.387219191	0.571986139	0.593919158	0.503909528
				
0.023539115	-0.38748616	0.572536349	0.594379008	0.504282057
				
0.025465777	-0.387712419	0.572704673	0.594442606	0.504248083
				
0.026885804	-0.387854278	0.572717309	0.594458044	0.504229128
				
0.028218068	-0.388063133	0.572715819	0.594510674	0.504141092
				
0.029499549	-0.388264596	0.572817564	0.594706059	0.504268706
				
0.030146249	-0.388422251	0.572989106	0.594907105	0.504407585
				
0.030237433	-0.388308942	0.57299602	0.594940424	0.504353225
				
0.030878847	-0.388346851	0.573207259	0.595169246	0.504486144
				
0.030951515	-0.388403267	0.573270082	0.595238447	0.504425347
				
0.03110815	-0.388159275	0.573286116	0.595243335	0.504342556
				
0.030470124	-0.388004899	0.573180318	0.595167994	0.504209518
				
0.029646937	-0.388236165	0.573347926	0.595427573	0.504410684
				
0.028416619	-0.388214111	0.573558033	0.595653415	0.504627287
				
0.027812745	-0.389128089	0.574112952	0.59620285	0.50529182
				
0.027671115	-0.390178382	0.574738979	0.596942484	0.506145954
				
0.02832065	-0.390984058	0.575538695	0.59754318	0.506797731
				
0.029537119	-0.392993152	0.576662183	0.598740518	0.508118927
				
0.030066961	-0.39485687	0.57764852	0.599694252	0.509345591
				
0.03147798	-0.397089005	0.577992678	0.600106418	0.509902775
				
0.032076374	-0.399632037	0.578381896	0.600846946	0.51091367
				
0.032409132	-0.401438296	0.578401685	0.601107895	0.511309862
				
0.032541752	-0.403639525	0.578452408	0.601430297	0.51181674
				
0.033329539	-0.40580523	0.578146994	0.601471961	0.511942506
				
0.030339573	-0.408394814	0.575633883	0.600272775	0.508942604
				
0.030427219	-0.409400642	0.574933529	0.599698126	0.508460164
				
0.027127109	-0.411154807	0.572707117	0.598522544	0.505761623
				
0.026797477	-0.412374705	0.571722567	0.597679019	0.50522542
				
0.026263772	-0.413911343	0.570769191	0.59687531	0.504891455
				
0.026235279	-0.415352225	0.570272923	0.596401095	0.504805028
				
0.026277797	-0.416898668	0.569550216	0.595720768	0.504471779
				
0.025740318	-0.418764949	0.56927079	0.59535718	0.504463196
				
0.025330216	-0.420785576	0.569182813	0.595207572	0.50461632
				
0.020873522	-0.424396634	0.567907929	0.595717549	0.504634202
				
0.020845469	-0.425340861	0.567826867	0.595523119	0.504732847
				
0.021382062	-0.424932867	0.567575812	0.594871521	0.504378915
				
0.022026677	-0.424115866	0.567516506	0.594353497	0.504093587
				
0.022587426	-0.42417267	0.567291856	0.59389329	0.503795266
				
0.023208749	-0.424398899	0.567109227	0.593561172	0.503573179
				
0.023644054	-0.424777389	0.567305446	0.593666911	0.503769875
				
0.023810823	-0.424692631	0.567620754	0.593839943	0.50408119
				
0.023113187	-0.424360693	0.567727923	0.593860567	0.504212439
				
0.021688167	-0.423702717	0.567876697	0.593976617	0.504498959
				
0.020499647	-0.422892809	0.567901254	0.593988895	0.504644692
				
0.020140599	-0.422345698	0.567741156	0.593854189	0.504601002
				
0.020075988	-0.422128916	0.567778528	0.593874693	0.504704535
				
0.020338945	-0.421988577	0.568010151	0.594044209	0.505123019
				
0.020736214	-0.422179341	0.568041801	0.594032884	0.505308568
				
0.020543311	-0.422331482	0.568253815	0.59426558	0.505862772
				
0.0203929	-0.42200917	0.568371534	0.594419241	0.50623107
				
0.018162202	-0.421694934	0.566528261	0.593391895	0.503581285
				
0.018636514	-0.421307981	0.566667676	0.593595922	0.503892004
				
0.019325797	-0.420770764	0.566745758	0.593594432	0.503992558
				
0.019331602	-0.420718133	0.56622225	0.593210936	0.503826022
				
0.020139117	-0.420990855	0.565636754	0.592720211	0.503366709
				
0.020343738	-0.422340006	0.565100312	0.592297256	0.503145874
				
0.020804411	-0.423615217	0.564408243	0.591805577	0.50279361
				
0.020643266	-0.425038695	0.563614607	0.591271996	0.502370477
				
0.020079121	-0.426278055	0.562821984	0.590821266	0.501963735
				
0.019812869	-0.427365124	0.562312245	0.590649366	0.501781642
				
0.019699747	-0.42837429	0.561804652	0.59038198	0.501460493
				
0.019727869	-0.428959846	0.561103821	0.589923024	0.500983119
				
0.019707764	-0.429265141	0.560648561	0.589624226	0.500728846
				
0.019595031	-0.429033697	0.560530901	0.589515328	0.50058651
				
0.019888483	-0.42891714	0.560652494	0.589564621	0.500583291
				
0.020371862	-0.429424405	0.560652316	0.589684367	0.500625789
				
0.020567827	-0.429994851	0.560780764	0.589972615	0.500854015
				
0.02066057	-0.430144668	0.561066031	0.59033668	0.50123024
				
0.019738894	-0.430006087	0.561623871	0.590936184	0.50183481
				
0.019034287	-0.42945081	0.562146187	0.591326714	0.502216876
				
0.018575037	-0.429057717	0.562615812	0.591690421	0.502579689
				
0.017545644	-0.428960681	0.5633564	0.592386544	0.503360868
				
0.016401883	-0.42870608	0.564191043	0.593162119	0.504201055
				
0.015709898	-0.428319007	0.56487596	0.593753874	0.504865289
				
0.014979832	-0.427627921	0.565413475	0.594181716	0.505352139
				
0.014333582	-0.427160442	0.565888762	0.594584227	0.505793512
				
0.01399255	-0.426365256	0.566219687	0.59479934	0.506020963
				
0.014144776	-0.425468266	0.566443682	0.594866037	0.506130457
				
0.014408177	-0.424860179	0.566702485	0.595026433	0.506282389
				
0.015062353	-0.423978388	0.567086756	0.595292687	0.506576478
				
0.016108932	-0.422763884	0.567311525	0.595369875	0.506692052
				
0.017110121	-0.422162712	0.567523956	0.595484376	0.506920755
				
0.018117579	-0.421746075	0.567854166	0.595669746	0.507205188
				
0.018905222	-0.421428859	0.568016529	0.595696926	0.507306337
				
0.019396648	-0.420984149	0.568022668	0.595650077	0.507299542
				
0.019972954	-0.42054674	0.568211377	0.595706701	0.507364035
				
0.020734394	-0.419964731	0.568394959	0.59573698	0.507351696
				
0.021646725	-0.418868065	0.568521738	0.595662117	0.507209957
				
0.022732878	-0.417990774	0.56882447	0.595658481	0.507109582
				
0.023391018	-0.41741091	0.569535911	0.596012414	0.50731957
				
0.024260122	-0.41695866	0.570516527	0.596573412	0.507638872
				
0.02511112	-0.415307701	0.572675586	0.598176837	0.508477867
				
0.024575291	-0.414347976	0.574040651	0.59931004	0.509165764
				
0.023786269	-0.413301885	0.574889541	0.599893212	0.50931257
				
0.02321096	-0.412727386	0.575920999	0.600590169	0.509688854
				
0.023226682	-0.412322283	0.576853096	0.601301074	0.51020813
				
0.023450339	-0.412313938	0.578102767	0.602279544	0.511059642
				
0.023346426	-0.412128091	0.579081178	0.60311228	0.511770606
				
0.023230357	-0.41194874	0.580132186	0.604038835	0.51254046
				
0.023269465	-0.410537213	0.58195281	0.605541468	0.513706446
				
0.023085548	-0.41006887	0.582550645	0.606167078	0.514335632
				
0.023167238	-0.409172773	0.582971394	0.606549263	0.514601231
				
0.02325185	-0.408744752	0.583275795	0.606884539	0.514995873
				
0.023194667	-0.408860266	0.583674073	0.607360303	0.515647471
				
0.023021411	-0.409061491	0.583790541	0.607652307	0.516110301
				
0.02307749	-0.409609973	0.583810449	0.60788238	0.516461611
				
0.023134967	-0.40990904	0.583935976	0.608181775	0.516961515
				
0.023153318	-0.409907877	0.584180713	0.608510315	0.517435312
				
0.023411494	-0.409896195	0.584455073	0.608861804	0.517905176
				
0.023383418	-0.409730405	0.584498584	0.608986557	0.518224895
				
0.023371417	-0.40935266	0.584671259	0.609242439	0.518634439
				
0.023321915	-0.408708632	0.584882617	0.609458089	0.51899153
				
0.023274699	-0.408056319	0.584974349	0.609588146	0.519197702
				
0.022921966	-0.407261491	0.584757268	0.609513998	0.519209087
				
0.022879137	-0.406563044	0.584388435	0.609350145	0.519134402
				
0.022705242	-0.405541599	0.584003031	0.609151363	0.519112051
				
0.021981707	-0.405657232	0.583479106	0.608852983	0.519132197
				
0.021397185	-0.406210214	0.582893848	0.608653069	0.519269228
				
0.02023438	-0.40721181	0.582305133	0.608393252	0.519441485
				
0.018977152	-0.409296811	0.5814991	0.608182251	0.519674003
				
0.018376866	-0.411245465	0.580525398	0.607599914	0.519591868
				
0.017685745	-0.413401961	0.579574049	0.606890261	0.51931107
				
0.016886391	-0.416328013	0.577986717	0.605834663	0.518693924
				
0.015040204	-0.419202983	0.576314926	0.604846239	0.518069625
				
0.012357708	-0.421887875	0.57472223	0.603916228	0.517454982
				
0.008491013	-0.424346209	0.573061585	0.602932155	0.516748369
				
0.004947618	-0.425747216	0.571580589	0.602124512	0.516141653
				
0.001630163	-0.427131176	0.570192099	0.601585627	0.515605986
				
-0.001522178	-0.428345859	0.568737328	0.600979209	0.514985323
				
-0.004378848	-0.428976297	0.567150474	0.600110412	0.513994813
				
-0.007278508	-0.42855832	0.565779924	0.599383295	0.513084888
				
-0.009442497	-0.427865803	0.563994646	0.598256171	0.511616707
				
-0.011011183	-0.4264552	0.562705398	0.597447932	0.51059252
				
-0.013259199	-0.424899876	0.56182754	0.596966088	0.509740829
				
-0.015031438	-0.423210829	0.561190724	0.596833706	0.509132624
				
-0.016688576	-0.421741307	0.560690701	0.596744955	0.508446574
				
-0.018429406	-0.419708014	0.560065687	0.596498609	0.507458627
				
-0.019663455	-0.416750789	0.559500635	0.596225381	0.506346285
				
-0.021079615	-0.41179508	0.558840752	0.595441222	0.504990876
				
-0.022168022	-0.406934679	0.557774127	0.594312489	0.503284693
				
-0.023060571	-0.402788222	0.556479573	0.592963755	0.501394153
				
-0.023298519	-0.39892295	0.55590117	0.591996789	0.50001359
				
-0.020860001	-0.395339161	0.555896759	0.591218114	0.498919129
				
-0.016974693	-0.392659515	0.556799471	0.590996206	0.49858278
				
-0.013514185	-0.389375418	0.558195472	0.590855479	0.498684078
				
-0.010034546	-0.386546969	0.56027174	0.591345072	0.499736905
				
-0.007106442	-0.385276437	0.562986434	0.592512727	0.50152415
				
-0.004584627	-0.386190534	0.566142261	0.594570756	0.504298806
				
-0.002293186	-0.388259679	0.56916523	0.596596003	0.50707829
				
-0.001485527	-0.390201032	0.572487414	0.599371374	0.510535479
				
-0.002051326	-0.392380595	0.575467467	0.602283001	0.513976336
				
-0.004720969	-0.39434427	0.578013361	0.604994535	0.517068863
				
-0.010048537	-0.396178693	0.580208659	0.608147025	0.521072865
				
-0.014808988	-0.396684289	0.581706285	0.610402465	0.523483455
				
-0.019100759	-0.396145701	0.582424641	0.611462355	0.524806499
				
-0.02302042	-0.395045817	0.583357215	0.613064885	0.526709318
				
-0.025523737	-0.392397255	0.584202766	0.614843786	0.529448748
				
-0.024848329	-0.389055431	0.584556103	0.615381598	0.530121207
				
-0.022604335	-0.3856107	0.58364737	0.614277482	0.528661489
				
-0.018283736	-0.381937236	0.581648231	0.612408936	0.526400328
				
-0.012649983	-0.378755271	0.579613984	0.610227466	0.523682356
				
-0.005545175	-0.37736845	0.575756729	0.606347919	0.518800378
				
-0.000286939	-0.377706319	0.571274936	0.601996183	0.513834894
				
0.001990024	-0.380451739	0.567773938	0.598345459	0.509453714
				
0.003021043	-0.383560061	0.564970732	0.595000565	0.505597472
				
0.000875376	-0.388217866	0.563500643	0.593676507	0.504539311
				
-0.000226595	-0.390655577	0.562450171	0.592052877	0.502722144
				
-0.003156342	-0.391985297	0.562922239	0.5924263	0.503421366
				
-0.007804429	-0.392818868	0.563890576	0.593464434	0.504934072
				
-0.011756195	-0.393343747	0.565190494	0.59502393	0.506742001
				
-0.015951036	-0.394049048	0.567514658	0.597454607	0.509551346
				
-0.019765457	-0.394559443	0.57014811	0.600396693	0.512849867
				
-0.024411529	-0.393837988	0.57316941	0.603606582	0.516387939
				
-0.027626395	-0.391963005	0.576312125	0.606746972	0.519933701
				
-0.029154418	-0.387945652	0.578491807	0.608664632	0.522254884
				
-0.028720165	-0.383302808	0.580668926	0.610301256	0.524235368
				
-0.024748417	-0.375597239	0.58136344	0.60940665	0.522910476
				
-0.020608528	-0.368346035	0.580915928	0.60820204	0.521887243
				
-0.015553173	-0.362015128	0.579958797	0.60642159	0.520098865
				
-0.009774335	-0.358235955	0.578535736	0.604049027	0.5173437
				
-0.00406497	-0.358649731	0.577384949	0.60251826	0.515440524
				
0.000533003	-0.363213718	0.575778127	0.601012528	0.513557255
				
0.003734037	-0.371919632	0.575284004	0.600919962	0.513327181
				
0.005909983	-0.380907357	0.574907959	0.600691617	0.512552917
				
0.007262973	-0.388440669	0.574654222	0.600284934	0.511545122
				
0.007858373	-0.39536202	0.574352562	0.600734353	0.512121558
				
0.008145401	-0.401744306	0.573833704	0.601076007	0.512756288
				
0.006990928	-0.407138437	0.573603272	0.601671815	0.513691366
				
0.006330105	-0.411920846	0.574082434	0.602758646	0.51521796
				
0.005108459	-0.416409642	0.574421227	0.603891909	0.516848207
				
0.002855688	-0.421763808	0.575532019	0.605839968	0.519284308
				
0.000453843	-0.427134573	0.576752007	0.607915998	0.52155441
				
-0.002014067	-0.42888692	0.577798843	0.609804451	0.523743868
				
-0.004699152	-0.429405987	0.578551352	0.611433029	0.525619149
				
-0.007844264	-0.42844376	0.579748273	0.61328423	0.527463078
				
-0.011476951	-0.427204013	0.580999434	0.615167439	0.529371381
				
-0.015525592	-0.424867094	0.582469761	0.616984606	0.531291485
				
-0.020047855	-0.421686292	0.584264398	0.618843079	0.533167839
				
-0.024459148	-0.418694615	0.585804403	0.620639443	0.535156548
				
-0.028036522	-0.416439503	0.587232232	0.621976078	0.536421537
				
-0.031783905	-0.413624763	0.588510692	0.623308539	0.537871242
				
-0.033866659	-0.409873724	0.589926839	0.624360085	0.538898349
				
-0.034452293	-0.406772941	0.591602564	0.625562191	0.540287256
				
-0.034564391	-0.40348646	0.593281865	0.626499236	0.54137361
				
-0.033918485	-0.400010765	0.594127715	0.626733005	0.54187274
				
-0.03190979	-0.397758633	0.59537369	0.626958132	0.542279541
				
-0.029636528	-0.396524876	0.596283436	0.626985669	0.542772174
				
-0.026203109	-0.394744843	0.597232819	0.626910686	0.543055534
				
-0.021943141	-0.392834604	0.597509205	0.626351058	0.542841136
				
-0.01641869	-0.38928777	0.596961737	0.624629736	0.540899038
				
-0.010600861	-0.385806203	0.595267653	0.622026205	0.537787914
				
-0.005134095	-0.382738113	0.593264699	0.6193313	0.5346241
				
-0.000276428	-0.382560909	0.592030168	0.617983758	0.533301115
				
0.004651265	-0.383411586	0.59101516	0.617196262	0.532550633
				
0.006034859	-0.38330847	0.587032378	0.613595426	0.526247263
				
0.012143428	-0.391893089	0.584991395	0.613650203	0.525969863
				
0.012859095	-0.39934206	0.585023403	0.615004301	0.52720052
				
0.012008158	-0.407208741	0.585343719	0.61644721	0.528455436
				
0.01014827	-0.413396597	0.58576405	0.618050933	0.529977322
				
0.007397871	-0.418515623	0.586346924	0.619526088	0.5313254
				
0.004997378	-0.423573464	0.58673811	0.620837808	0.5325737
				
0.002702545	-0.427702844	0.587157428	0.621889532	0.533566654
				
0.001549361	-0.432963669	0.588617444	0.624120295	0.536013782
				
-0.000134952	-0.436261952	0.589390337	0.625390887	0.537426412
				
-0.001671351	-0.439617008	0.590615273	0.62707305	0.539474607
				
-0.002847666	-0.441701055	0.592252672	0.628755867	0.541561842
				
-0.003684146	-0.442763925	0.593553483	0.629987359	0.543209255
				
-0.00479381	-0.444171548	0.594689369	0.631093919	0.544834435
				
-0.006404361	-0.445132256	0.595723152	0.632092476	0.546273887
				
-0.008854272	-0.445484549	0.596776485	0.63290453	0.547568202
				
-0.014874885	-0.446074903	0.595251858	0.631653845	0.544379115
				
-0.01634069	-0.444988579	0.59625411	0.632185817	0.545076132
				
-0.017520197	-0.444186211	0.59725678	0.632819593	0.546214163
				
-0.019373219	-0.443028688	0.597660363	0.632906437	0.546763599
				
-0.020668361	-0.441301197	0.598317206	0.633076787	0.547305822
				
-0.021151368	-0.43962875	0.599070609	0.633449852	0.548061371
				
-0.021448491	-0.438066721	0.599891663	0.633945704	0.548960149
				
-0.022222323	-0.436589777	0.60030508	0.634182751	0.549390852
				
-0.022658966	-0.43566063	0.600655615	0.634541571	0.549947143
				
-0.022779804	-0.433651567	0.600754917	0.634685516	0.549962878
				
-0.023799321	-0.431610942	0.598960698	0.634231925	0.548689902
				
-0.019795582	-0.4267869	0.597830951	0.632762432	0.546361387
				
-0.016746605	-0.424449325	0.596434355	0.631499469	0.544276595
				
-0.012182655	-0.422897786	0.594872177	0.630019009	0.541876018
				
-0.006834038	-0.416890204	0.591759503	0.626398683	0.536637306
				
-0.00119338	-0.408867776	0.587582469	0.621598125	0.530347824
				
0.003123891	-0.40111357	0.583181262	0.616609991	0.524508893
				
0.007289117	-0.394684166	0.580694258	0.613153458	0.520688295
				
0.009587893	-0.387913138	0.580897987	0.611839116	0.519998074
				
0.010122651	-0.380611122	0.583493412	0.612709939	0.521778464
				
0.007573782	-0.37436223	0.585953951	0.613986194	0.523775697
				
0.001816399	-0.371427596	0.587516427	0.614516795	0.524192572
				
-0.005450597	-0.372322947	0.587942004	0.614904344	0.524008155
				
-0.011328869	-0.374229908	0.587609828	0.614434004	0.522116244
				
-0.011589777	-0.379123449	0.586429179	0.613505542	0.519852698
				
-0.008534543	-0.38318491	0.58511436	0.612239301	0.517822921
				
-0.002191737	-0.383280516	0.585309744	0.611837327	0.517262995
				
0.002840938	-0.380283922	0.585872769	0.611917615	0.517870367
				
0.006597774	-0.375812292	0.587484121	0.612891316	0.520110905
				
0.007339628	-0.371349126	0.589709759	0.614966869	0.52367425
				
0.005951881	-0.369090974	0.592371404	0.617739856	0.527667761
				
0.001941148	-0.366497993	0.594749928	0.620568573	0.53169179
				
-0.003739381	-0.364969552	0.59723717	0.623824239	0.535430849
				
-0.00986027	-0.363657266	0.598751426	0.626031339	0.537550151
				
-0.014497897	-0.364413828	0.598284185	0.626338124	0.537229419
				
-0.014515243	-0.363830268	0.596146703	0.624789298	0.534677923
				
-0.012299042	-0.365616471	0.593719244	0.622819602	0.531752944
				
-0.008770546	-0.367340714	0.590412319	0.620005131	0.52797693
				
-0.003060075	-0.369861931	0.588212073	0.617850423	0.525400341
				
0.003246479	-0.370633394	0.586026132	0.615606248	0.523151815
				
0.008497391	-0.373029053	0.583378077	0.613350809	0.521218121
				
0.013777122	-0.374744594	0.581787348	0.612115741	0.520351887
				
0.017078103	-0.378262669	0.580015302	0.611176968	0.51976192
				
0.017551607	-0.381390363	0.578560174	0.610680401	0.519582331
				
0.018241148	-0.385506034	0.57765013	0.610634208	0.519531429
				
0.014882063	-0.390733033	0.577572703	0.611819506	0.521026611
				
0.012807954	-0.392768502	0.577687025	0.612771988	0.522242665
				
0.010085993	-0.395291835	0.577957809	0.61394012	0.523711443
				
0.007372646	-0.396458179	0.578563273	0.614788175	0.524670124
				
0.005742218	-0.397853911	0.579388261	0.615780711	0.525836229
				
0.006313631	-0.39770183	0.580799937	0.616802573	0.52673924
				
0.007649196	-0.396176159	0.582167983	0.617712677	0.52761519
				
0.011418425	-0.395108104	0.583687544	0.618516088	0.528347671
				
0.015739903	-0.391091287	0.583912373	0.618078411	0.527735949
				
0.020355489	-0.385549128	0.584521055	0.6179263	0.527442873
				
0.023163442	-0.379897535	0.583661079	0.616695821	0.525969505
				
0.023177704	-0.375224352	0.581974924	0.615068614	0.523804665
				
0.020683315	-0.374605358	0.579214752	0.613236785	0.521653235
				
0.014359187	-0.380070508	0.575646698	0.611423433	0.519660473
				
0.00720291	-0.386997432	0.57227689	0.609727502	0.517563879
				
0.002746597	-0.395318449	0.56908083	0.607999265	0.515384674
				
0.000574831	-0.405606568	0.567452848	0.607591689	0.515335858
				
0.001227109	-0.415739208	0.566864967	0.607494593	0.515807986
				
0.002474383	-0.42432791	0.567562699	0.60831517	0.517377794
				
0.004930509	-0.430769593	0.570646226	0.610677719	0.520739019
				
0.007895833	-0.43497923	0.574622214	0.613857567	0.524462879
				
0.01120802	-0.43395406	0.579012692	0.617453814	0.528302908
				
0.015471995	-0.428393602	0.582570076	0.620225847	0.530964017
				
0.018705357	-0.422187805	0.585314095	0.622466087	0.533158302
				
0.021736838	-0.414927661	0.587187827	0.623849094	0.534237444
				
0.022591105	-0.409988701	0.587952316	0.62480104	0.534763515
				
0.021137919	-0.407812506	0.587347984	0.624851584	0.534261107
				
0.018681629	-0.408166707	0.585387588	0.623812318	0.532729924
				
0.01484314	-0.41184777	0.582346201	0.622109771	0.530861676
				
0.009600263	-0.420606852	0.578986347	0.620556533	0.529618382
				
0.005367966	-0.428860754	0.574727058	0.61767602	0.527000308
				
0.00377313	-0.437158614	0.570959985	0.615232706	0.524953485
				
0.004097505	-0.44347477	0.567919195	0.613094151	0.523346126
				
0.005759569	-0.449006021	0.566284239	0.61183542	0.522565186
				
0.005412567	-0.453779578	0.564731121	0.610738933	0.521549046
				
0.004206117	-0.456496507	0.565232337	0.611485541	0.522371292
				
0.00341492	-0.45717141	0.566955805	0.612909377	0.52375555
				
0.003889956	-0.454413712	0.570041895	0.615032315	0.525363684
				
0.006377077	-0.448800683	0.573425055	0.617080212	0.526949227
				
0.010840626	-0.442423046	0.576384902	0.618639231	0.528018355
				
0.017215254	-0.434139282	0.578497946	0.619664907	0.528510332
				
0.017232129	-0.427915275	0.579578161	0.621529818	0.529397309
				
0.02175541	-0.423925221	0.580825686	0.622372389	0.529885828
				
0.025357435	-0.421628147	0.580958545	0.622160494	0.529523253
				
0.02809065	-0.420641243	0.580445826	0.621504486	0.528864861
				
0.030233286	-0.420353144	0.579153061	0.619891524	0.527463377
				
0.031720329	-0.424245059	0.5775612	0.618709087	0.526724517
				
0.031372353	-0.429648876	0.576054454	0.617710531	0.526380539
				
0.029018313	-0.434017837	0.57372725	0.616023421	0.52515471
				
0.024209447	-0.438447744	0.570945382	0.614046335	0.523788869
				
0.019417914	-0.443522662	0.568194389	0.61219883	0.522236943
				
0.014341757	-0.450628936	0.566381872	0.611409128	0.521749377
				
0.009854728	-0.455976546	0.5658167	0.611358404	0.522305846
				
0.005685303	-0.460862577	0.566456079	0.612431884	0.523987472
				
0.003452519	-0.4621526	0.567801178	0.613571346	0.525488079
				
0.003721489	-0.462323248	0.570188403	0.6156376	0.527998328
				
0.006307509	-0.460821778	0.573433161	0.618103206	0.530649662
				
0.012161897	-0.456957936	0.57714957	0.620423853	0.532665193
				
0.019587334	-0.452841669	0.580286324	0.622322381	0.534158528
				
0.028384322	-0.448737234	0.582792103	0.623602211	0.534625769
				
0.036835715	-0.445794463	0.584548354	0.624720812	0.535089672
				
0.042693518	-0.445766866	0.585673928	0.625823438	0.535705864
				
0.04553283	-0.44609946	0.585871577	0.62607342	0.535512805
				
0.045715827	-0.445860982	0.584836781	0.625205278	0.53427577
				
0.042698942	-0.448013693	0.582456529	0.623580158	0.532295465
				
0.020578548	-0.469290853	0.577851832	0.621324539	0.531144977
				
0.002271455	-0.484236062	0.575471044	0.621341109	0.531707108
				
-0.006196341	-0.490925491	0.57491529	0.621717155	0.532659531
				
-0.005123341	-0.491728753	0.576869071	0.6231457	0.533916771
				
0.001017118	-0.486629784	0.579439998	0.624275565	0.534326077
				
0.01122627	-0.478440106	0.580625296	0.623928428	0.533073545
				
0.01555394	-0.471841156	0.58117187	0.624200702	0.532544732
				
0.017837746	-0.468394458	0.581228018	0.62415272	0.531613171
				
0.015763402	-0.466138542	0.579483092	0.622816741	0.529304624
				
0.008861024	-0.468635321	0.576823294	0.621484518	0.527538121
				
-0.006913085	-0.474014282	0.573763371	0.621004462	0.527007103
				
-0.018921008	-0.482047647	0.569785118	0.618724883	0.525215387
				
-0.029959325	-0.493446857	0.563931584	0.615953207	0.521490514
				
-0.037891433	-0.504709482	0.56014359	0.613233089	0.519947052
				
-0.034436464	-0.506665111	0.559539258	0.612076819	0.519608438
				
-0.030336279	-0.508535743	0.559058785	0.612405181	0.519500494
				
-0.02255143	-0.505972445	0.561410546	0.613780141	0.521243513
				
-0.012666566	-0.501601934	0.563752532	0.615636408	0.523087502
				
-0.003580965	-0.497033596	0.56580025	0.617769301	0.524691164
				
0.000159254	-0.495034546	0.566812515	0.619423389	0.526099324
				
-0.000810089	-0.496708453	0.566062927	0.619400203	0.525992036
				
-0.002777101	-0.500699759	0.564312279	0.618166447	0.524820507
				
-0.004106218	-0.505847991	0.561420441	0.615212142	0.52209264
				
-0.005391678	-0.510244846	0.558916509	0.611845195	0.519039869
				
-0.006738426	-0.511222839	0.557545662	0.609758496	0.51765573
				
-0.010243341	-0.516308665	0.556215584	0.608240545	0.517320275
				
-0.013697019	-0.522289217	0.555829406	0.608475327	0.518790781
				
-0.018577665	-0.526657939	0.555516064	0.609452546	0.521152616
				
-0.017854439	-0.527530134	0.556619585	0.611184835	0.523630023
				
-0.011045031	-0.525326312	0.558390021	0.613233745	0.525819361
				
-0.003144965	-0.522963047	0.559326649	0.614366055	0.526541114
				
0.003442964	-0.522815406	0.558795452	0.613694727	0.525190353
				
0.0093532	-0.5247401	0.557697833	0.611899018	0.522711754
				
0.014847443	-0.524713755	0.556942701	0.610272765	0.520331442
				
0.017413927	-0.524277568	0.556705117	0.608910203	0.518825114
				
0.018604357	-0.522915363	0.556362152	0.607685387	0.517586768
				
0.016316619	-0.522579253	0.556286752	0.607706726	0.518419206
				
0.011806687	-0.524856865	0.55624783	0.608238339	0.520002246
				
0.00511656	-0.528731287	0.556219578	0.609231353	0.522599399
				
0.001861317	-0.528597951	0.557778001	0.61111927	0.525813818
				
0.002556104	-0.526784956	0.558895707	0.612152576	0.527804077
				
0.00511934	-0.524290085	0.560578942	0.614036441	0.530044556
				
0.010239992	-0.523851097	0.56158936	0.615020275	0.531047106
				
0.016537189	-0.525366783	0.561938286	0.615583479	0.531592488
				
0.023705604	-0.526200652	0.562975287	0.616114199	0.531804681
				
0.030185502	-0.527338266	0.56366235	0.61618793	0.531691432
				
0.034663968	-0.527980924	0.564771771	0.616786897	0.532304525
				
0.03565364	-0.52805531	0.565861404	0.617588401	0.533413649
				
0.034602892	-0.529177606	0.566224575	0.61818409	0.534481049
				
0.030150693	-0.531124353	0.565224409	0.617620289	0.534935951
				
0.023420587	-0.533741772	0.564438522	0.617610157	0.536392927
				
0.014584627	-0.538143396	0.563671291	0.617783129	0.538471937
				
0.008694941	-0.540917456	0.564086497	0.618932426	0.541126788
				
0.005454099	-0.543917537	0.565290809	0.620420516	0.543789983
				
0.005628727	-0.54709512	0.566244423	0.621576548	0.545488596
				
0.00857443	-0.548305154	0.568446279	0.623746037	0.547883272
				
0.014384627	-0.549998522	0.569823086	0.625009537	0.548896313
				
0.018943798	-0.551340044	0.571560025	0.626831114	0.550442219
				
0.022936661	-0.552564263	0.57325995	0.628658295	0.552128255
				
0.024288658	-0.554093063	0.573643625	0.629227042	0.552886963
				
0.02457395	-0.555613637	0.573524296	0.629433632	0.553331017
				
0.02294095	-0.556501746	0.573496997	0.62986958	0.554414093
				
0.018656651	-0.555541873	0.573332548	0.630014241	0.555122435
				
0.013675449	-0.555007696	0.571827769	0.62913096	0.554933965
				
0.008643756	-0.554267466	0.570108891	0.627954185	0.554634094
				
0.003654366	-0.554162025	0.568366408	0.626951873	0.554624498
				
-0.001250325	-0.554492652	0.56694746	0.626253963	0.555087507
				
-0.006290672	-0.555389404	0.565671444	0.625492752	0.555123031
				
-0.009366836	-0.556589901	0.565181434	0.625081718	0.55519563
				
-0.008979101	-0.55790484	0.56562835	0.625085354	0.555281579
				
-0.005153582	-0.558299422	0.567336202	0.626205921	0.556171715
				
0.000509905	-0.559757113	0.568026781	0.626559258	0.55601722
				
0.007473249	-0.560949922	0.569527686	0.628134489	0.55715555
				
0.01421174	-0.562932491	0.57131803	0.629900157	0.558602989
				
0.018016011	-0.564999938	0.572021425	0.630666375	0.55938518
				
0.02120987	-0.566675305	0.572667181	0.631659269	0.560667634
				
0.022593714	-0.567004561	0.572702408	0.632048905	0.561460614
				
0.021933805	-0.567039013	0.572376966	0.631842971	0.561335146
				
0.01881502	-0.565843999	0.571370184	0.631084204	0.56081605
				
0.014772469	-0.566328526	0.568967938	0.628702879	0.55858326
				
0.01182582	-0.565945208	0.566321731	0.626018822	0.555968225
				
0.008978548	-0.566125214	0.56414789	0.623915851	0.554407239
				
0.008669036	-0.566495359	0.562525749	0.622113824	0.5529809
				
0.009095967	-0.566781759	0.561901212	0.621095955	0.552268386
				
0.00587997	-0.567011595	0.564185858	0.62325716	0.555739462
				
0.010734476	-0.566405237	0.566243112	0.62444818	0.556973338
				
0.008231097	-0.565634072	0.570244193	0.628583729	0.561919272
				
0.012199234	-0.564614296	0.572747469	0.630990744	0.564413786
				
0.017925221	-0.564133883	0.574674606	0.632900357	0.566504002
				
0.021494281	-0.564139605	0.575785995	0.634109497	0.568117142
				
0.02456275	-0.563120723	0.57672739	0.635133445	0.56914866
				
0.027337827	-0.561904907	0.576573014	0.634792805	0.568608284
				
0.028502885	-0.561736107	0.576005697	0.634090483	0.567867279
				
0.028504852	-0.561522961	0.575062394	0.633051932	0.566798985
				
0.027956745	-0.561292231	0.574015498	0.631684005	0.565367818
				
0.027616296	-0.561192155	0.572595	0.629965901	0.563470125
				
0.026631508	-0.562007844	0.571315527	0.628453016	0.561919868
				
0.024900801	-0.563404322	0.569684505	0.62668246	0.560155988
				
0.022366643	-0.564066887	0.568173587	0.624943733	0.558479488
				
0.019751735	-0.564512134	0.56669426	0.623070896	0.556579292
				
0.017377352	-0.564412177	0.56506592	0.620853901	0.554368913
				
0.015842173	-0.564568162	0.563577533	0.618988454	0.552293777
				
0.0152226	-0.565278172	0.561932206	0.616947889	0.550120115
				
0.014837265	-0.566254675	0.560388207	0.615111172	0.548245132
				
0.014345154	-0.56676054	0.558941722	0.613318384	0.546396434
				
0.015071066	-0.567285061	0.557712138	0.611783504	0.54483968
				
0.015132537	-0.568010807	0.556271136	0.610054433	0.543203473
				
0.015307095	-0.568096042	0.554892659	0.608447254	0.541573644
				
0.015155142	-0.568080485	0.553379416	0.606651664	0.539748907
				
0.014856495	-0.567614794	0.552042842	0.604944587	0.537986636
				
0.014310712	-0.567167163	0.550878286	0.603576303	0.536566257
				
0.013577497	-0.566658616	0.549681067	0.602159798	0.535015345
				
0.012505522	-0.565374851	0.548791349	0.600870132	0.533554256
				
0.011491591	-0.564171672	0.547373235	0.599206388	0.531682372
				
0.010144187	-0.56285423	0.546081364	0.597764313	0.530077815
				
0.00899918	-0.562352419	0.544990778	0.596579611	0.528839648
				
0.007978391	-0.562068701	0.544066191	0.595666885	0.528111577
				
0.006464243	-0.562240183	0.543238878	0.595007479	0.527734578
				
0.005248504	-0.561974704	0.542953193	0.595079541	0.528096437
				
0.003635213	-0.561413407	0.542703629	0.595214605	0.528586745
				
0.002426807	-0.560375512	0.542755127	0.595824778	0.529518723
				
0.002612727	-0.558619261	0.542557836	0.595864594	0.529609025
				
0.003418854	-0.556371391	0.543010354	0.596376657	0.530237675
				
0.005267086	-0.553637266	0.543780684	0.596895933	0.53069669
				
0.003767492	-0.548102975	0.546037853	0.598416567	0.532328844
				
0.003157208	-0.544316411	0.546710551	0.598816335	0.532301366
				
0.001774965	-0.54105103	0.545275927	0.597325802	0.530515492
				
-0.000541279	-0.539974868	0.542831063	0.595701337	0.528788328
				
-0.003860418	-0.541995943	0.54062289	0.594298005	0.527502537
				
-0.006160768	-0.54497993	0.53952086	0.594290435	0.527444482
				
-0.008553408	-0.547726274	0.538666666	0.594132006	0.526768446
				
-0.009216294	-0.550426722	0.538744569	0.595085263	0.527419388
				
-0.00904957	-0.552042782	0.538539052	0.595748603	0.527768075
				
-0.0067662	-0.553509474	0.538135946	0.595919669	0.527406991
				
-0.00222378	-0.554084957	0.537903011	0.595744252	0.526906729
				
0.001308486	-0.554111958	0.538112462	0.595748663	0.526686549
				
0.003647497	-0.553796649	0.537549913	0.595059633	0.525766134
				
0.003688302	-0.552149713	0.537432611	0.594516695	0.525287151
				
0.002668848	-0.550321519	0.535543203	0.592341542	0.52309829
				
0.000782263	-0.548437536	0.533001363	0.590245306	0.521218538
				
-0.002313927	-0.546729982	0.530244231	0.588059187	0.519293189
				
-0.005373513	-0.548442781	0.527325928	0.586130381	0.517419159
				
-0.008981399	-0.551280141	0.526025891	0.585744441	0.516856432
				
-0.012335325	-0.553192377	0.5269894	0.587501049	0.518218398
				
-0.01450938	-0.554268897	0.528215826	0.589183331	0.51945889
				
-0.012309985	-0.554991186	0.528922796	0.590141058	0.519798338
				
-0.007925738	-0.555270672	0.530420423	0.591489911	0.520617247
				
-0.003340801	-0.552979171	0.532081127	0.592427015	0.521335244
				
0.000236193	-0.550590754	0.532780528	0.592263043	0.521023095
				
0.002128066	-0.54929781	0.53140974	0.590305448	0.519312501
				
0.001211418	-0.549066305	0.528949559	0.587895751	0.517273068
				
-0.001527473	-0.551562667	0.52722311	0.586971283	0.516340435
				
-0.004197147	-0.553935885	0.526530027	0.586885214	0.515872717
				
-0.004186442	-0.554586768	0.527180672	0.5879336	0.515806198
				
-0.000243399	-0.553196132	0.529856563	0.590580881	0.517068624
				
0.006811505	-0.549737692	0.532237291	0.592211187	0.517190695
				
0.014042968	-0.544661045	0.533717215	0.592394829	0.516276598
				
0.019625571	-0.540382147	0.534607708	0.59182024	0.515287638
				
0.020468961	-0.538911402	0.533942282	0.590696812	0.514653087
				
0.015930785	-0.539870799	0.532924294	0.589472711	0.513928533
				
0.00774858	-0.544259965	0.53065747	0.588980675	0.511571884
				
0.001681184	-0.547008514	0.529393196	0.587780952	0.509769678
				
0.001400627	-0.54611659	0.529426336	0.587557971	0.508486211
				
0.003930563	-0.543275476	0.530021131	0.587418675	0.506935
				
0.011104787	-0.537748873	0.531478882	0.587390065	0.505145192
				
0.020080283	-0.530890822	0.53263849	0.587543964	0.504311621
				
0.027557049	-0.525839388	0.533873439	0.58768934	0.504249394
				
0.031662192	-0.521023989	0.534266651	0.586978197	0.503691792
				
0.031313308	-0.518879354	0.534958839	0.586889923	0.504113674
				
0.027088255	-0.518305719	0.535275936	0.586446404	0.504105926
				
0.021266971	-0.520577908	0.534690261	0.585580587	0.503496349
				
0.013092268	-0.521983743	0.533341169	0.584043741	0.501949489
				
0.008095186	-0.523978233	0.531576574	0.582499802	0.49978289
				
0.007397223	-0.524678707	0.528874159	0.579939663	0.49635458
				
0.010627039	-0.522171021	0.527322888	0.578027666	0.493320435
				
0.014082519	-0.521636665	0.525294781	0.577644348	0.489979357
				
0.020146601	-0.519724846	0.524903774	0.576659799	0.488012463
				
0.026072083	-0.515938997	0.525732756	0.577000439	0.48770529
				
0.030256374	-0.512711525	0.527041852	0.57775259	0.488262087
				
0.032375906	-0.511046827	0.529311299	0.579687953	0.490345776
				
0.032658041	-0.509310544	0.531870365	0.581617355	0.492490172
				
0.030583113	-0.508691728	0.534252048	0.583332956	0.494509935
				
0.025548426	-0.509250283	0.537225842	0.585658491	0.497518778
				
0.018658943	-0.512969255	0.539045215	0.587298989	0.499796033
				
0.011183714	-0.517520785	0.540525675	0.588576615	0.501509845
				
0.003393471	-0.522373199	0.541116595	0.589379489	0.502784073
				
-0.002946887	-0.52851069	0.539872825	0.58912611	0.50301671
				
-0.007057687	-0.532369971	0.538185775	0.588340759	0.502769172
				
-0.009553535	-0.532757878	0.536105096	0.58711195	0.50194478
				
-0.00651684	-0.528169274	0.536484778	0.587568164	0.502102375
				
-0.001093395	-0.522235751	0.537625968	0.588791549	0.502620339
				
0.005605889	-0.515571177	0.539099813	0.590293109	0.50332725
				
0.009333052	-0.509728372	0.5408324	0.592344999	0.504846334
				
0.01102143	-0.505372405	0.542912543	0.59469521	0.506949663
				
0.009533376	-0.499979019	0.546761811	0.598588347	0.510520816
				
0.00942703	-0.496096253	0.550025821	0.600989342	0.51232487
				
0.007520244	-0.492001712	0.553944111	0.60371232	0.514269948
				
0.005327864	-0.489669561	0.556184471	0.604788482	0.515045464
				
0.002073949	-0.489778399	0.556942463	0.604827285	0.515251696
				
-0.001063043	-0.490759075	0.556656361	0.603855133	0.514508724
				
-0.00493297	-0.492140442	0.555186987	0.602209568	0.51309824
				
-0.006803058	-0.491637349	0.552207291	0.599344909	0.510388911
				
-0.006220309	-0.490118444	0.549307466	0.59626013	0.507495284
				
-0.002188466	-0.485145807	0.547452748	0.594607532	0.505807757
				
0.000788342	-0.479258806	0.54682833	0.59421587	0.505130768
				
0.004458129	-0.473517835	0.547098041	0.594940126	0.505247116
				
0.007006677	-0.467098653	0.549507737	0.597261906	0.506816983
				
0.008786945	-0.462557495	0.552985847	0.600465178	0.509141684
				
0.011621589	-0.458738089	0.556348205	0.602756321	0.510132253
				
0.015232828	-0.455972761	0.559127092	0.604224265	0.510648131
				
0.016610783	-0.456404448	0.55877018	0.602253854	0.50860703
				
0.017925061	-0.457446307	0.557846069	0.599891543	0.506201327
				
0.017915931	-0.457674533	0.553130627	0.594857752	0.499027908
				
0.019973194	-0.456093967	0.547530532	0.58768934	0.49238044
				
0.023963587	-0.45728898	0.54262501	0.582253397	0.488269389
				
0.026521513	-0.459132731	0.540794492	0.580923557	0.488031626
				
0.028212719	-0.457600057	0.541224837	0.581797838	0.489124268
				
0.031403113	-0.45255354	0.542819142	0.583313227	0.489888489
				
0.035259351	-0.449002266	0.545799553	0.585871994	0.491109371
				
0.041219775	-0.446235359	0.548801601	0.587642431	0.491428047
				
0.046985727	-0.44530344	0.551635623	0.588572323	0.491267323
				
0.050312929	-0.448126465	0.552515864	0.587720335	0.490425348
				
0.050085217	-0.455086648	0.551729918	0.586601019	0.490275472
				
0.046018932	-0.460427523	0.54903692	0.583837152	0.489065766
				
0.04127248	-0.465262055	0.544063032	0.579419732	0.486017048
				
0.035148613	-0.468439311	0.540135026	0.576667607	0.484311104
				
0.029150967	-0.46998775	0.538143337	0.576397002	0.48531422
				
0.02476185	-0.46525082	0.537972867	0.577152789	0.486404389
				
0.022463763	-0.458645552	0.539793253	0.579785287	0.487629235
				
0.026192753	-0.451571226	0.543761015	0.583231807	0.490516305
				
0.034496944	-0.44479838	0.547829092	0.585995972	0.492628187
				
0.042435251	-0.4396016	0.552185833	0.588959932	0.495148957
				
0.046742693	-0.438014388	0.556944489	0.592612565	0.498981893
				
0.046980433	-0.437628388	0.561154246	0.595833302	0.50266099
				
0.042276882	-0.440327048	0.563925982	0.59852016	0.50598675
				
0.034602627	-0.443839967	0.563701272	0.59863627	0.506875455
				
0.023167975	-0.448820621	0.561433554	0.597009897	0.505734444
				
0.011911321	-0.452538908	0.55780226	0.594116271	0.502764463
				
0.00363603	-0.456473172	0.552654028	0.590198994	0.498848259
				
-0.000756228	-0.460920155	0.548793077	0.587468863	0.496303201
				
-0.001393788	-0.462442815	0.546346068	0.585991859	0.495357037
				
0.000227755	-0.463672489	0.545362234	0.585752249	0.495845079
				
0.003777154	-0.462301314	0.54630053	0.586610734	0.497132003
				
0.009514224	-0.459458888	0.549720049	0.589346826	0.500090718
				
0.011558725	-0.454799265	0.553505123	0.592426002	0.503173649
				
0.01340114	-0.449054182	0.557867765	0.595664859	0.506178439
				
0.016183525	-0.442378461	0.562575936	0.599273205	0.509579718
				
0.017041918	-0.435309172	0.567706227	0.603050351	0.513262033
				
0.016875979	-0.429587692	0.572943747	0.606933773	0.517236948
				
0.010459365	-0.431247026	0.58057934	0.613214791	0.524152517
				
0.005076611	-0.436680079	0.583478272	0.616386056	0.527925014
				
0.001643816	-0.441071033	0.585146904	0.618335605	0.530376792
				
-0.00043481	-0.446909994	0.584931374	0.618840933	0.531283557
				
-0.000872403	-0.450942814	0.583530724	0.618223608	0.531009912
				
0.001113432	-0.451723754	0.580389082	0.615615964	0.528525114
				
-0.001998389	-0.453432143	0.575173795	0.611658216	0.522842765
				
-0.001667446	-0.451862156	0.571901798	0.608919024	0.520549595
				
0.000345752	-0.450903744	0.568634272	0.606220603	0.518376529
				
0.002590518	-0.448197842	0.56583482	0.603741348	0.516586602
				
0.004768638	-0.444499195	0.56384033	0.601845205	0.515649974
				
0.00748772	-0.440860063	0.562974572	0.600744843	0.515284956
				
0.009745751	-0.43588385	0.562772393	0.600081801	0.515296578
				
0.012246184	-0.431445003	0.563050926	0.599722087	0.515373111
				
0.013224103	-0.426073104	0.563655198	0.599615514	0.515798867
				
0.014871901	-0.420743585	0.564484835	0.599578261	0.515959263
				
0.015273504	-0.415436208	0.565760195	0.600027859	0.516433477
				
0.01500738	-0.4112342	0.567092597	0.600661576	0.517050445
				
0.015047319	-0.407119453	0.568836331	0.601629853	0.517763615
				
0.013686223	-0.404031634	0.570710659	0.602878213	0.518741608
				
0.012552476	-0.400315583	0.572628975	0.604158163	0.519553244
				
0.01067378	-0.396677971	0.573804259	0.604963541	0.519878387
				
0.009014333	-0.393672049	0.575024664	0.605860293	0.520228922
				
0.007196395	-0.391160727	0.575602293	0.606124759	0.519989312
				
0.006187616	-0.389540166	0.576051116	0.606467485	0.51983285
				
0.002988946	-0.388907552	0.574549913	0.605569363	0.516862869
				
0.001669629	-0.38828212	0.574857712	0.605857491	0.516766667
				
0.001251603	-0.387605071	0.574972689	0.606018245	0.516883075
				
0.000908965	-0.38677603	0.574918091	0.606003881	0.516935766
				
0.00050633	-0.385947764	0.574664652	0.605816722	0.516745865
				
0.000428626	-0.385804355	0.574738383	0.605974734	0.516942978
				
7.08E-05	-0.385725319	0.574898303	0.60619092	0.517164946
				
-0.00054127	-0.386508107	0.575036407	0.606381059	0.517388642
				
-0.001347071	-0.38687849	0.574933708	0.606415629	0.517475069
				
-0.001657235	-0.387676388	0.57520628	0.606852293	0.517877877
				
-0.001861947	-0.388888061	0.575333774	0.607104242	0.5182935
				
-0.001886224	-0.390781552	0.57528162	0.607350469	0.518695772
				
-0.004768778	-0.393687904	0.573500931	0.606686354	0.51638484
				
-0.005050013	-0.395057738	0.573469162	0.606953084	0.516794801
				
-0.005361682	-0.397243381	0.573107362	0.606881917	0.517035663
				
-0.005486438	-0.398971647	0.572885096	0.606841505	0.517394602
				
-0.00514628	-0.401496649	0.572611213	0.606690109	0.517656684
				
-0.004925799	-0.404122442	0.572319627	0.60662955	0.518151283
				
-0.009236079	-0.408776283	0.570708513	0.606891632	0.518345237
				
-0.009698108	-0.413143337	0.570589304	0.607123494	0.518996477
				
-0.010607667	-0.417884022	0.570542216	0.607491374	0.519841552
				
-0.0113301	-0.422973752	0.570546508	0.607799888	0.520604908
				
-0.01126644	-0.428451985	0.570519984	0.608145714	0.521183312
				
-0.011385307	-0.433644414	0.571306109	0.609177172	0.522415698
				
-0.011247898	-0.438223898	0.572342098	0.610395133	0.523744404
				
-0.011246705	-0.443494201	0.57305634	0.611637175	0.525279224
				
-0.009498611	-0.445665598	0.573709548	0.612186253	0.52604413
				
-0.006210484	-0.44844389	0.574933946	0.613326311	0.52738893
				
-0.002487319	-0.449366987	0.575892329	0.61383611	0.528141677
				
0.000594459	-0.448646754	0.577245295	0.61446166	0.528894424
				
0.00469311	-0.447605312	0.579007983	0.615347505	0.529857397
				
0.009397727	-0.446361214	0.581569552	0.616924167	0.53136915
				
0.013680238	-0.445597559	0.584473789	0.619046926	0.533355236
				
0.017655488	-0.442623317	0.587136209	0.62082988	0.53480798
				
0.021009032	-0.439562768	0.589804411	0.622638822	0.536325574
				
0.024138322	-0.43350476	0.592813015	0.624688983	0.538034439
				
0.02568816	-0.426943302	0.595044196	0.626131117	0.539275408
				
0.025161428	-0.419000566	0.596782684	0.627097666	0.540117264
				
0.023320625	-0.410264462	0.597204864	0.626964688	0.539692044
				
0.021648981	-0.402421743	0.596007466	0.62556684	0.537830234
				
0.017225215	-0.394885838	0.593841493	0.623543322	0.53558439
				
0.012564061	-0.389679193	0.590525568	0.62048769	0.531984925
				
0.006155705	-0.388697267	0.586174965	0.616964757	0.52824688
				
-0.000764465	-0.3925744	0.581268787	0.613340616	0.524669051
				
-0.00703528	-0.399511904	0.57620573	0.609981537	0.521669447
				
-0.012424922	-0.408443779	0.571417034	0.606463671	0.518371046
				
-0.015437871	-0.419481814	0.566605389	0.60315001	0.515397191
				
-0.016300125	-0.428317755	0.561808228	0.599492192	0.511967421
				
-0.015563834	-0.434067309	0.558026552	0.596371889	0.509038508
				
-0.01334074	-0.438601375	0.554902136	0.593701124	0.506430805
				
-0.009663085	-0.442310154	0.55413729	0.592899263	0.505451024
				
-0.005469535	-0.444752604	0.554243565	0.592678607	0.505038679
				
-0.002610572	-0.44570151	0.556130469	0.594198287	0.50637728
				
0.001146872	-0.444608033	0.560085058	0.597340703	0.508842885
				
0.005214758	-0.4428038	0.564680099	0.600983739	0.511694968
				
0.011785848	-0.437697202	0.569750786	0.604941607	0.51450783
				
0.016355209	-0.43174541	0.573992491	0.608161569	0.51708442
				
0.021223269	-0.424183041	0.578143656	0.611284018	0.519412279
				
0.025828514	-0.41732645	0.581652164	0.613987446	0.521337509
				
0.028408861	-0.411319256	0.584374428	0.616299152	0.523159504
				
0.029934729	-0.406315058	0.586033642	0.617980957	0.524606228
				
0.029761098	-0.402682036	0.586071849	0.618375123	0.524781108
				
0.027741337	-0.403847396	0.584884405	0.618257284	0.524925888
				
0.024412071	-0.407708645	0.582167864	0.616567612	0.523942232
				
0.019107094	-0.414868206	0.578480542	0.614316821	0.522841334
				
0.016340995	-0.420768619	0.574298084	0.611180544	0.52061975
				
0.014586588	-0.426715016	0.570952415	0.608958721	0.519020855
				
0.012453333	-0.431901693	0.567353129	0.606252551	0.516665518
				
0.010420108	-0.435693502	0.565240741	0.60458535	0.515247583
				
0.008231388	-0.440825015	0.564475179	0.60427171	0.515342832
				
0.006938977	-0.4471201	0.565698266	0.605751872	0.517066598
				
0.007174319	-0.450927705	0.568565607	0.608595252	0.519957483
				
0.007818189	-0.452385783	0.572605371	0.612301528	0.523558199
				
0.009887351	-0.451805055	0.577191353	0.616504192	0.527444422
				
0.012895573	-0.449085534	0.58151406	0.620197058	0.530646622
				
0.017327689	-0.444851905	0.585254133	0.623354554	0.53318125
				
0.023236038	-0.439475	0.588140428	0.625419974	0.534324765
				
0.028053159	-0.434927702	0.589942276	0.626611948	0.534619391
				
0.030465914	-0.432009488	0.590212703	0.626823783	0.53424418
				
0.032230303	-0.431438804	0.589691997	0.626423717	0.533521295
				
0.031516496	-0.433359057	0.588187337	0.62542963	0.532462239
				
0.031635437	-0.435453445	0.586061239	0.623904526	0.530763865
				
0.029610338	-0.43862021	0.583671808	0.622062445	0.529156268
				
0.02739265	-0.440752208	0.581160545	0.619887769	0.527307034
				
0.023472976	-0.444130093	0.578158975	0.617617846	0.525602162
				
0.018141797	-0.448237479	0.575051844	0.615513563	0.523898005
				
0.010811323	-0.453024745	0.571993887	0.613493264	0.522095799
				
0.004100373	-0.458739579	0.569460571	0.611863852	0.520491064
				
-0.004440842	-0.465258747	0.567269742	0.610667706	0.519385457
				
-0.011363918	-0.471277356	0.566189885	0.610640168	0.519304633
				
-0.016700966	-0.476885915	0.566412926	0.611420214	0.520217776
				
-0.020669235	-0.482348621	0.567561805	0.612870097	0.521859765
				
-0.021302221	-0.484244943	0.569440663	0.614396632	0.523484349
				
-0.018074382	-0.484231174	0.572094023	0.616237044	0.525203347
				
-0.01144149	-0.481948763	0.57511425	0.618569374	0.527189434
				
-0.001620503	-0.47722289	0.577949345	0.620301187	0.528325975
				
0.010738578	-0.469318569	0.580854774	0.621905804	0.529123724
				
0.022380484	-0.460909128	0.582787752	0.622762442	0.529182613
				
0.031733949	-0.453239948	0.584126651	0.623272657	0.529085994
				
0.037438586	-0.448107362	0.584427118	0.62366581	0.529155016
				
0.038581505	-0.444245785	0.584409475	0.624194622	0.529431581
				
0.033967651	-0.446388364	0.582403123	0.623213649	0.528531909
				
0.0307266	-0.446313828	0.580757678	0.622257233	0.527468085
				
0.027028164	-0.447678685	0.579140067	0.621438384	0.526640594
				
0.023959849	-0.44840312	0.5777089	0.620556056	0.52539593
				
0.020287547	-0.450032771	0.576363325	0.620100319	0.524938583
				
0.016739065	-0.451554388	0.575170577	0.619670987	0.524536788
				
0.012183059	-0.453789294	0.574112892	0.619483829	0.524537027
				
0.008723317	-0.455730706	0.572854459	0.618878961	0.52379483
				
0.004048541	-0.457378089	0.571711898	0.61839062	0.523264647
				
-0.001499364	-0.459648341	0.570427418	0.61774826	0.522748768
				
-0.007305462	-0.462373286	0.568608224	0.616660893	0.521720529
				
-0.015024966	-0.466227204	0.566165864	0.615146756	0.520364642
				
-0.022393787	-0.469156444	0.564028442	0.613638163	0.519025922
				
-0.030809838	-0.472356051	0.562170625	0.612405062	0.517882109
				
-0.038430411	-0.476746649	0.559800625	0.610808253	0.516448617
				
-0.045760807	-0.480963051	0.557437122	0.608993769	0.514809787
				
-0.052053906	-0.485121787	0.554752409	0.606909215	0.512944102
				
-0.05598297	-0.490054131	0.552925587	0.605577171	0.512107909
				
-0.059563942	-0.497151792	0.550297081	0.604955494	0.51034081
				
-0.058126517	-0.501650631	0.550243258	0.604629517	0.510352314
				
-0.054449402	-0.504418492	0.551391721	0.605087042	0.511439145
				
-0.045805506	-0.504463613	0.553367138	0.605799794	0.512472034
				
-0.035401739	-0.503532767	0.555702925	0.606835663	0.5141415
				
-0.024630092	-0.500734627	0.558437228	0.608172297	0.516135335
				
-0.014087509	-0.498625606	0.560993254	0.609827161	0.518332422
				
-0.005376048	-0.496086419	0.563765466	0.612187803	0.520953834
				
0.004687568	-0.491910219	0.566953301	0.614839435	0.523389935
				
0.01173332	-0.487035155	0.570211053	0.617784262	0.526136756
				
0.016101534	-0.481593132	0.573252439	0.620770752	0.528873563
				
0.019066773	-0.476585865	0.575684786	0.623559415	0.530984342
				
0.018545201	-0.473364532	0.57696718	0.625397086	0.532650828
				
0.014818687	-0.471687287	0.57754612	0.626677394	0.533842087
				
0.008187747	-0.471215993	0.577237725	0.627081156	0.534011364
				
0.000925329	-0.472778976	0.575369835	0.626098871	0.533281684
				
-0.005350266	-0.477348924	0.572796464	0.624117851	0.531474113
				
-0.012343939	-0.483585268	0.569465339	0.621474743	0.529513717
				
-0.016406074	-0.488978148	0.566838264	0.619010091	0.527638435
				
-0.017156215	-0.492804289	0.564711571	0.616403699	0.5258497
				
-0.018843127	-0.49529925	0.56318903	0.615000486	0.525621295
				
-0.017815229	-0.500733912	0.562686086	0.615303993	0.526737213
				
-0.017881537	-0.507071793	0.562887847	0.616637051	0.528849006
				
-0.015306547	-0.51057291	0.563272715	0.618160605	0.530859292
				
-0.009247243	-0.50905323	0.564555645	0.620004475	0.532856464
				
-0.00427915	-0.508921862	0.565319717	0.621477842	0.534358442
				
-0.001139518	-0.510735154	0.564920306	0.621165872	0.53349191
				
0.001356695	-0.513276815	0.564699411	0.620448887	0.532229125
				
-0.001171745	-0.514660716	0.564356089	0.61910069	0.530811727
				
-0.004508834	-0.514985263	0.564323425	0.618424177	0.530522108
				
-0.009769205	-0.519253969	0.564296544	0.618793666	0.532057226
				
-0.015627313	-0.525053561	0.564200282	0.620190859	0.535202265
				
-0.0190454	-0.528208375	0.564104915	0.621462643	0.537730217
				
-0.017641623	-0.529769182	0.56495595	0.623171031	0.540412426
				
-0.008942137	-0.531207383	0.565286756	0.623971701	0.541213751
				
0.000341745	-0.530102849	0.566534996	0.624484777	0.541419029
				
0.005905641	-0.530227602	0.567449093	0.624843657	0.541432381
				
0.007026684	-0.531335413	0.56877327	0.625516474	0.542111278
				
0.005461644	-0.531475425	0.569126189	0.625260532	0.541967332
				
0.000501482	-0.533302963	0.568885326	0.625168324	0.542707324
				
-0.006976195	-0.540681422	0.568364024	0.625395656	0.544521093
				
-0.015221972	-0.544579864	0.566654682	0.624762595	0.545671582
				
-0.01770659	-0.546579123	0.564549565	0.623107314	0.544989169
				
-0.012771964	-0.548337102	0.563165188	0.621681452	0.544404149
				
-0.009880668	-0.547337651	0.563930571	0.622077227	0.54594487
				
0.001934579	-0.5447492	0.564424694	0.621849477	0.54562372
				
0.012281183	-0.541447878	0.564331055	0.620776117	0.544089139
				
0.022131804	-0.538389564	0.565245628	0.620651722	0.543571591
				
0.028699543	-0.536559165	0.565806866	0.620244503	0.54255271
				
0.027616601	-0.536528111	0.566336036	0.620353699	0.542207718
				
0.026238063	-0.53740567	0.566819549	0.620626092	0.541872323
				
0.025460919	-0.539218605	0.56725359	0.620834112	0.5418396
				
0.023059864	-0.54221791	0.566722155	0.620434105	0.541813374
				
0.020381881	-0.548262835	0.565713584	0.620131373	0.542324424
				
0.016167378	-0.555417359	0.5639081	0.619066238	0.542367399
				
0.010479672	-0.562006235	0.561339736	0.61691606	0.541346848
				
0.007914923	-0.565835774	0.558834672	0.614849865	0.540253997
				
0.0082225	-0.567205369	0.555434227	0.611739516	0.537915826
				
0.009097563	-0.567629397	0.552702308	0.609528899	0.536478877
				
0.01111581	-0.565939605	0.550910234	0.608312845	0.535811245
				
0.014077257	-0.564031899	0.549830258	0.60795182	0.535832047
				
0.019825201	-0.560978353	0.550241947	0.608372808	0.536499262
				
0.026363663	-0.557858884	0.551664114	0.60953337	0.537858546
				
0.030788966	-0.555613518	0.553247869	0.610576928	0.539033532
				
0.033019729	-0.55391705	0.554801047	0.611488104	0.539782345
				
0.035290331	-0.552087784	0.555686116	0.611522794	0.539589882
				
0.036412414	-0.550774753	0.557074249	0.612215519	0.539924026
				
0.0367347	-0.551163912	0.558714926	0.613200247	0.54042083
				
0.035943352	-0.551931798	0.559806347	0.613670528	0.540461838
				
0.034214072	-0.554023445	0.56108588	0.614631295	0.541145563
				
0.033548802	-0.556329787	0.561218619	0.614495218	0.540880919
				
0.032482769	-0.558673084	0.560877562	0.614242554	0.540735424
				
0.032179065	-0.562027752	0.559815884	0.613537014	0.540146589
				
0.032866314	-0.565133214	0.559049368	0.612885416	0.539728403
				
0.034780137	-0.567335784	0.557985187	0.611962974	0.538993478
				
0.036100917	-0.568946004	0.557348907	0.611565351	0.538896501
				
0.035843149	-0.569708526	0.556879759	0.611376107	0.539270163
				
0.03539405	-0.570326567	0.556082368	0.611096501	0.53973335
				
0.033679087	-0.569343448	0.555752397	0.611513734	0.540861249
				
0.030912109	-0.567687988	0.555320263	0.611490726	0.541514099
				
0.028403703	-0.566153765	0.554813862	0.611881971	0.542598963
				
0.02609906	-0.56326282	0.555305958	0.612928212	0.544217467
				
0.023060735	-0.562344015	0.555791497	0.61383003	0.545740426
				
0.021060867	-0.561615646	0.556852758	0.615238845	0.547701299
				
0.01957473	-0.56092155	0.557995558	0.616602302	0.549439549
				
0.018544972	-0.559725404	0.559196174	0.617873907	0.551110983
				
0.017823193	-0.559486926	0.559949934	0.618494272	0.551978946
				
0.017815081	-0.559395671	0.560939491	0.619374931	0.553111196
				
0.017201556	-0.55923605	0.561509907	0.619777739	0.553692997
				
0.016839916	-0.559054136	0.562002659	0.620161295	0.554308772
				
0.01811395	-0.559054136	0.562382281	0.620441735	0.55466795
				
0.019251343	-0.559205234	0.563074112	0.620965242	0.555232227
				
0.019795751	-0.558434844	0.563929915	0.621602416	0.555898666
				
0.019305589	-0.558225393	0.564261377	0.62164855	0.556016445
				
0.019378748	-0.557814717	0.564306378	0.621518016	0.555742204
				
0.018534703	-0.557792723	0.564055502	0.621049762	0.555247247
				
0.018442931	-0.559167743	0.562442482	0.620978713	0.55354917
				
0.018317413	-0.558631301	0.56209594	0.619925857	0.55214572
				
0.01822722	-0.558071256	0.561540067	0.618626952	0.550746202
				
0.01830793	-0.55845511	0.561053038	0.617443085	0.549630344
				
0.019512286	-0.559986115	0.560280561	0.616146505	0.548323452
				
0.020954331	-0.562003732	0.559756219	0.615012705	0.547127247
				
0.022173867	-0.564802766	0.559471846	0.614137053	0.546267986
				
0.025381032	-0.567384362	0.559671223	0.613661528	0.545550704
				
0.029899606	-0.568187892	0.560565829	0.613723874	0.545240581
				
0.035782896	-0.566849291	0.561264157	0.613147438	0.543994665
				
0.029075643	-0.572473526	0.559027195	0.608462155	0.538984895
				
0.017517664	-0.577324271	0.560331881	0.611359894	0.544312954
				
0.011874888	-0.58113122	0.56061244	0.612341344	0.546416104
				
0.000964152	-0.584441483	0.56272316	0.615783215	0.552227139
				
-0.002334759	-0.586042106	0.564367652	0.617343366	0.554707408
				
-0.004315224	-0.58922255	0.565146804	0.618669868	0.556651413
				
-0.004340192	-0.590382338	0.566617131	0.620003104	0.558350742
				
-0.004925793	-0.592023253	0.568492234	0.621918976	0.560930848
				
-0.00591659	-0.595541358	0.569506526	0.62282753	0.562447667
				
-0.006379612	-0.597485542	0.570590377	0.623551071	0.563913107
				
-0.005605631	-0.59929496	0.571294188	0.623973727	0.564862132
				
-0.005192334	-0.599184513	0.572488844	0.624594212	0.565885127
				
-0.004043909	-0.599748135	0.572756052	0.624739289	0.566272259
				
-0.003305083	-0.600645125	0.573331237	0.625209808	0.567175031
				
-0.003491649	-0.601628363	0.573470235	0.625282228	0.567597032
				
-0.003699239	-0.602467954	0.573489189	0.625220537	0.567721367
				
-0.002421459	-0.603047371	0.573190033	0.624723077	0.567319393
				
-0.000246046	-0.603279114	0.57296145	0.624350905	0.567065239
				
0.002052303	-0.602618217	0.572715878	0.623948395	0.566734493
				
0.004342347	-0.602130175	0.572475314	0.623367369	0.56607765
				
0.006581567	-0.601718307	0.571680009	0.62240088	0.56498611
				
0.008148998	-0.601264179	0.570896626	0.621379614	0.56386447
				
0.009531843	-0.601412475	0.570045114	0.620361567	0.562589288
				
0.010317434	-0.602248847	0.569306731	0.61959815	0.561735868
				
0.010270335	-0.603190482	0.568588555	0.618882775	0.56091845
				
0.010141563	-0.603848398	0.567917109	0.618345797	0.560281873
				
0.009553974	-0.604751706	0.567162454	0.617734253	0.559482813
				
0.008759703	-0.60519892	0.566610575	0.617150366	0.558667123
				
0.00859732	-0.605753899	0.565798819	0.616262317	0.557355642
				
0.008213162	-0.606442809	0.56516844	0.615623593	0.556343317
				
0.008385068	-0.606297851	0.56477046	0.615125954	0.55556643
				
0.007928023	-0.605697155	0.564128757	0.614442527	0.554673076
				
0.006496612	-0.604461789	0.563941479	0.614191949	0.55442363
				
0.003736105	-0.604172707	0.563343287	0.613955855	0.554192781
				
-0.000547279	-0.603287876	0.561839223	0.612843931	0.552966177
				
-0.004805744	-0.602588773	0.561122596	0.612507641	0.552503586
				
-0.007554248	-0.601656497	0.560147226	0.611828804	0.551462591
				
-0.011785652	-0.600261092	0.558908701	0.61096549	0.550243735
				
-0.016088547	-0.598819375	0.558733582	0.611043274	0.550184667
				
-0.021922231	-0.598186851	0.558092594	0.610827208	0.549833238
				
-0.027114064	-0.596151471	0.557645321	0.610465527	0.549138188
				
-0.030920709	-0.593678832	0.557026207	0.609733462	0.548041344
				
-0.0319506	-0.592202544	0.556786478	0.608788848	0.546716928
				
-0.030844929	-0.588852644	0.55809176	0.609222054	0.547099531
				
-0.027771223	-0.58708024	0.558142543	0.608676374	0.546129584
				
-0.022794254	-0.583513618	0.55816853	0.607881904	0.544625282
				
-0.014501315	-0.580276132	0.559226274	0.607575417	0.543588161
				
-0.006159415	-0.578939557	0.561015666	0.607967615	0.543388367
				
0.00269593	-0.577768862	0.56203866	0.607755363	0.542934299
				
0.011933573	-0.578492403	0.562200367	0.607266545	0.542372346
				
0.01708729	-0.579023123	0.563008904	0.607629299	0.543016315
				
0.021931263	-0.580004096	0.562291503	0.607239246	0.543033481
				
0.024511468	-0.578909993	0.562217534	0.607801437	0.544136345
				
0.02345741	-0.57734561	0.561789751	0.607958078	0.544706762
				
0.021897543	-0.575660288	0.561658919	0.608602464	0.545638084
				
0.018512908	-0.574398875	0.560245514	0.609034538	0.54649955
				
0.016213762	-0.574960828	0.559418738	0.609582186	0.547329545
				
0.017836928	-0.575909257	0.559690833	0.610564828	0.548327506
				
0.020040181	-0.578693032	0.559134245	0.612393379	0.549223423
				
0.023562025	-0.580105901	0.560549617	0.613719702	0.551016033
				
0.023554603	-0.581675172	0.561226904	0.614809871	0.552886844
				
0.019788312	-0.583522201	0.561038435	0.615954041	0.555367708
				
0.01312249	-0.584931254	0.560001493	0.616240919	0.55672127
				
0.006529428	-0.585979939	0.558609188	0.616495848	0.557856202
				
0.001756128	-0.589367509	0.5558213	0.617447078	0.558094859
				
0.001563856	-0.591827273	0.555963159	0.617497385	0.558144569
				
0.004363365	-0.596864462	0.557732403	0.618856788	0.560102642
				
0.008812215	-0.600172758	0.560470402	0.620871782	0.56255281
				
0.009760156	-0.602912068	0.563095272	0.62375325	0.566560864
				
0.006783545	-0.604266226	0.563522935	0.624578118	0.568269849
				
-0.001301093	-0.605771303	0.563398063	0.624675989	0.568873882
				
-0.007266508	-0.607450843	0.562062562	0.624172866	0.568396688
				
-0.010637818	-0.61081326	0.561204135	0.623525858	0.567584276
				
-0.011458982	-0.614682138	0.560425818	0.624495089	0.567063034
				
-0.011337394	-0.614600301	0.561576247	0.624875486	0.567143202
				
-0.013169231	-0.614046335	0.562081814	0.624753535	0.567202866
				
-0.01776116	-0.610855043	0.562294602	0.624028027	0.56654036
				
-0.023015698	-0.610310555	0.560845792	0.622677863	0.565132499
				
-0.024426959	-0.611599267	0.559478402	0.621134758	0.563366175
				
-0.021553364	-0.610804141	0.559585333	0.621150136	0.562758863
				
-0.01931211	-0.612248957	0.559122443	0.620709538	0.562187076
				
-0.018943748	-0.612714291	0.55948025	0.620251834	0.56163609
				
-0.021397457	-0.613709748	0.559255719	0.619511068	0.560784698
				
-0.026870895	-0.614701271	0.556190193	0.617971241	0.55704999
				
-0.028737769	-0.616375089	0.554270267	0.615977943	0.554671228
				
-0.026804494	-0.616917491	0.554570198	0.616029263	0.554158866
				
-0.023641344	-0.617973864	0.555443406	0.61616081	0.55398035
				
-0.021366984	-0.617387772	0.556702852	0.616386175	0.554047346
				
-0.022608455	-0.617070079	0.556105554	0.615092814	0.552498817
				
-0.02541345	-0.615014553	0.555405557	0.613409042	0.5505988
				
-0.029321581	-0.614043236	0.553090513	0.61116153	0.547955215
				
-0.029578365	-0.615699291	0.552793443	0.610749424	0.547350287
				
-0.026845321	-0.617048264	0.553904176	0.611161828	0.547349274
				
-0.025455829	-0.618363023	0.55333966	0.610027373	0.545695484
				
-0.025178857	-0.616966844	0.553468049	0.609003782	0.543930888
				
-0.026552562	-0.613968611	0.552644968	0.607654512	0.542088985
				
-0.028889108	-0.611919045	0.552186608	0.607033849	0.540612161
				
-0.032285828	-0.609914124	0.551843762	0.606656611	0.539970398
				
-0.033938065	-0.612267315	0.549636781	0.605919421	0.536333561
				
-0.032092899	-0.61224544	0.54894805	0.604990005	0.534689248
				
-0.02979701	-0.611581087	0.548850715	0.604679763	0.534335554
				
-0.029018477	-0.609278977	0.548304975	0.603542984	0.533074439
				
-0.030401252	-0.605196118	0.548308074	0.602966189	0.53219223
				
-0.032164261	-0.602890491	0.549004734	0.603396893	0.532228589
				
-0.030626718	-0.600109875	0.550406218	0.603905022	0.532442689
				
-0.026945665	-0.596989632	0.55190444	0.60515666	0.53393805
				
-0.02181806	-0.593766451	0.552787066	0.605475485	0.533916056
				
-0.021269675	-0.591612518	0.552855849	0.605805457	0.534029841
				
-0.021586142	-0.589169443	0.552891791	0.606278181	0.534316421
				
-0.025189467	-0.588102818	0.553466082	0.60762471	0.535601974
				
-0.027138386	-0.585726619	0.554074585	0.608669937	0.536581337
				
-0.027067509	-0.583860397	0.554859519	0.609523654	0.537709236
				
-0.027709767	-0.582022309	0.55429852	0.609559178	0.537983596
				
-0.027330853	-0.581213951	0.554531872	0.610294342	0.538663208
				
-0.033797096	-0.582026958	0.554566324	0.611691952	0.540819526
				
-0.036772724	-0.581578791	0.553929925	0.611474454	0.540503204
				
-0.037122995	-0.580284894	0.553639829	0.611235976	0.539793432
				
-0.036550105	-0.578322887	0.553201914	0.610737145	0.538707137
				
-0.033109799	-0.575512111	0.55199635	0.609784245	0.537270129
				
-0.032962941	-0.57338804	0.549399137	0.607386589	0.534352243
				
-0.033938468	-0.572234571	0.55015552	0.607586622	0.534752488
				
-0.034613304	-0.569425702	0.550745249	0.607567608	0.534459352
				
-0.032761201	-0.566526353	0.551273763	0.607685089	0.534102798
				
-0.031624738	-0.564908266	0.551993549	0.608397126	0.53483808
				
-0.026712254	-0.557613194	0.557525158	0.613234401	0.53538245
				
-0.026108846	-0.54994458	0.55976975	0.614277363	0.532685161
				
-0.022576252	-0.542768002	0.560991108	0.614709795	0.530656636
				
-0.020410476	-0.536222398	0.561543524	0.614246249	0.528749347
				
-0.016272441	-0.533193648	0.561917305	0.614540398	0.528467536
				
-0.013499239	-0.528341889	0.562002778	0.614306688	0.528223753
				
-0.009254571	-0.527778447	0.562328815	0.614649177	0.528471649
				
-0.006093491	-0.5275383	0.562745154	0.615217686	0.529003382
				
-0.006827613	-0.529069602	0.56241101	0.615528047	0.528981745
				
-0.009617329	-0.53002286	0.56346184	0.616968989	0.529608488
				
-0.01414172	-0.528864443	0.565583348	0.619165421	0.530500352
				
-0.017339122	-0.527172148	0.569255412	0.622268796	0.531687498
				
-0.019708706	-0.524320543	0.57310915	0.624801934	0.531889677
				
-0.019980088	-0.52077806	0.577197969	0.627081156	0.531985283
				
-0.017901754	-0.515460968	0.580642283	0.628416717	0.530873477
				
-0.014240667	-0.507995248	0.583313704	0.628926635	0.529732466
				
-0.009444242	-0.501552284	0.584535122	0.628662229	0.528376937
				
-0.003108801	-0.495824307	0.585160494	0.628300726	0.527222872
				
0.001932887	-0.491965115	0.584706724	0.627270341	0.526579201
				
0.004280405	-0.489556253	0.582911432	0.625561416	0.525384903
				
0.002207551	-0.487146258	0.581198692	0.624581873	0.52576822
				
-0.002439192	-0.479824066	0.578818977	0.62283963	0.525064647
				
-0.009636359	-0.477449179	0.576893568	0.621899784	0.525743246
				
-0.015272478	-0.471053302	0.576692104	0.621857166	0.526495099
				
-0.018916965	-0.465728521	0.576853335	0.62148124	0.526778817
				
-0.024809767	-0.465565175	0.576877832	0.62242949	0.528141081
				
-0.024085365	-0.465964019	0.577533126	0.622601509	0.528337777
				
-0.021355256	-0.465293169	0.578146636	0.622451067	0.5282287
				
-0.017237723	-0.463601351	0.579106629	0.622794747	0.528236151
				
-0.011427952	-0.460505903	0.579926431	0.623357356	0.528145671
				
-0.003466561	-0.45740062	0.581691742	0.62463963	0.528509021
				
2.80E-05	-0.455258131	0.582274973	0.625302911	0.52959013
				
-0.00179976	-0.456901073	0.580460072	0.623838603	0.526495397
				
-0.003809847	-0.456979245	0.576321483	0.619382381	0.523412347
				
-0.005514899	-0.457630128	0.572781622	0.615925312	0.521751523
				
-0.004101733	-0.454933345	0.569361567	0.61237216	0.520044088
				
-0.001710493	-0.450096428	0.566501498	0.609180152	0.519162059
				
-0.000253338	-0.446400344	0.567262709	0.608266294	0.518890977
				
0.001855077	-0.446817786	0.568506598	0.608491242	0.519750953
				
0.005947651	-0.449871927	0.568955898	0.608340621	0.519809246
				
0.013726335	-0.450404465	0.568605483	0.607989132	0.520393014
				
0.018863078	-0.452232748	0.569240928	0.609107971	0.52162838
				
0.01971061	-0.450873107	0.570296347	0.610823393	0.522620678
				
0.015327206	-0.449040085	0.57205987	0.613089561	0.523962975
				
0.012266545	-0.444083363	0.574210584	0.615214407	0.524975896
				
0.010462131	-0.441625267	0.576341927	0.617118597	0.525784314
				
0.008448409	-0.44055146	0.5770455	0.617210209	0.525328994
				
0.005616257	-0.438887	0.576447129	0.615959108	0.524046302
				
0.003666317	-0.436804771	0.574965656	0.614001274	0.522678137
				
0.002858572	-0.437367231	0.572253883	0.61110878	0.521003246
				
0.003173178	-0.436125636	0.569366157	0.607788444	0.519153476
				
0.004604304	-0.43608287	0.567157805	0.605219364	0.518500447
				
0.00449829	-0.434533775	0.565323472	0.602981985	0.518364012
				
0.001557829	-0.43302846	0.564689636	0.602536619	0.518425345
				
-0.006817779	-0.428851962	0.561239719	0.600341082	0.514978886
				
-0.012355255	-0.424370408	0.562234402	0.60129106	0.515603065
				
-0.014621627	-0.416751623	0.563744962	0.602154613	0.51610738
				
-0.015075561	-0.408804148	0.566216052	0.60364902	0.517444432
				
-0.009844905	-0.404667616	0.570191324	0.606545687	0.519886732
				
-0.0046257	-0.401843935	0.574157953	0.609338522	0.522648633
				
-0.002300592	-0.403733045	0.576481819	0.611240327	0.525135875
				
-0.002570232	-0.406324863	0.578294039	0.613125026	0.527587533
				
-0.009479726	-0.409894377	0.579090476	0.614193976	0.528964818
				
-0.020578429	-0.415428221	0.577675521	0.612865031	0.527496934
				
-0.031868562	-0.418851793	0.574051142	0.609843254	0.523901045
				
-0.037115388	-0.418524027	0.568640709	0.604924023	0.518171668
				
-0.037999511	-0.415571272	0.564181805	0.601273417	0.514589548
				
-0.035048895	-0.41380778	0.562211394	0.599792719	0.513436675
				
-0.030074323	-0.41084367	0.561285019	0.598924339	0.512953877
				
-0.025043851	-0.406920612	0.562373757	0.599548757	0.514030099
				
-0.021423055	-0.402435243	0.564409316	0.601037264	0.515711069
				
-0.019341957	-0.397272289	0.56643337	0.602466047	0.517385602
				
-0.018157678	-0.392692715	0.56945461	0.604970992	0.519807398
				
-0.01700623	-0.387569308	0.572049558	0.606787145	0.521747589
				
-0.016371066	-0.382257998	0.574454725	0.608391345	0.523371696
				
-0.015343737	-0.37823087	0.576529622	0.609641552	0.524652123
				
-0.016110966	-0.376642048	0.578698397	0.611474276	0.526519954
				
-0.021804562	-0.377616793	0.578727245	0.612681568	0.527316988
				
-0.022744335	-0.377409458	0.580607533	0.61413449	0.528480053
				
-0.023995003	-0.379509747	0.58264792	0.61596787	0.530254841
				
-0.025527939	-0.381365776	0.584040284	0.617252946	0.531380773
				
-0.027505755	-0.384675026	0.585199177	0.618349671	0.532197118
				
-0.029402701	-0.387139022	0.586243033	0.619257212	0.533019066
				
-0.030603247	-0.389546692	0.586859226	0.619986415	0.533549547
				
-0.031695407	-0.391563475	0.587392032	0.620406091	0.533678889
				
-0.032308742	-0.39363724	0.587509513	0.620434105	0.533433259
				
-0.032282747	-0.393839121	0.587159932	0.619998097	0.532701612
				
-0.03223633	-0.394621819	0.586700559	0.619452953	0.531986296
				
-0.032535832	-0.395982087	0.586088955	0.618901908	0.531244993
				
-0.032693319	-0.397687823	0.585507751	0.618448317	0.530716062
				
-0.032158643	-0.399287462	0.585219085	0.618204474	0.530431509
				
-0.032567728	-0.400783479	0.5848037	0.61794132	0.530144095
				
-0.033310622	-0.401135683	0.584293127	0.61749804	0.529603601
				
-0.037291136	-0.403106451	0.581670225	0.61544466	0.525648654
				
-0.037363894	-0.403612971	0.581965208	0.615777731	0.525947928
				
-0.036982827	-0.404350579	0.582292199	0.616137385	0.526637614
				
-0.035931543	-0.404429018	0.583006859	0.61678946	0.527555048
				
-0.034388576	-0.403013229	0.583653569	0.617311597	0.528416872
				
-0.032675102	-0.40219295	0.584699512	0.618078351	0.529496968
				
-0.031138236	-0.401200533	0.586004913	0.619299173	0.531154811
				
-0.028843546	-0.400935471	0.587146282	0.620275736	0.532536209
				
-0.025542701	-0.398346066	0.588669062	0.62128371	0.534019589
				
-0.021936186	-0.39538449	0.590157509	0.622155488	0.535383761
				
-0.018053127	-0.392838538	0.591978192	0.623227119	0.537004292
				
-0.015827611	-0.390334249	0.593229651	0.624011636	0.538349152
				
-0.012797795	-0.387802482	0.594401717	0.624706864	0.539231122
				
-0.010301767	-0.385083854	0.595322728	0.625251591	0.540210485
				
-0.008231068	-0.381640673	0.595557094	0.625165761	0.540381968
				
-0.007684015	-0.376830727	0.594773114	0.624279737	0.539721847
				
-0.006970698	-0.373355418	0.594044805	0.623321235	0.538873911
				
-0.006277841	-0.370572388	0.593000531	0.6221717	0.537765741
				
-0.006121868	-0.368435383	0.59142673	0.620539963	0.536113501
				
-0.005763723	-0.367233992	0.590076566	0.619080305	0.534387946
				
-0.005046561	-0.365857035	0.588624716	0.617337942	0.53219527
				
-0.004192527	-0.365432531	0.587170541	0.615754843	0.530321836
				
-0.003820335	-0.365318656	0.585957825	0.614491105	0.528811038
				
-0.002608823	-0.365407318	0.584764838	0.613225937	0.527407289
				
-0.002324034	-0.3656196	0.583364487	0.612035871	0.526270151
				
-0.0025339	-0.364450932	0.581201971	0.610035062	0.52421695
				
-0.002905464	-0.364864171	0.579923391	0.608854949	0.522878289
				
-0.004331617	-0.365190566	0.578566492	0.608023047	0.52202177
				
-0.005940439	-0.365521848	0.577324331	0.607221544	0.521078646
				
-0.008487247	-0.366482735	0.575612903	0.606283784	0.520015359
				
-0.010949159	-0.368401349	0.573854864	0.60539943	0.518883169
				
-0.014162542	-0.371531516	0.572101533	0.604750454	0.517772377
				
-0.017954428	-0.375169009	0.569947422	0.6039024	0.516435564
				
-0.027777614	-0.386827707	0.566079259	0.604168892	0.516008496
				
-0.031436644	-0.394200444	0.566261947	0.606181204	0.517519832
				
-0.033546939	-0.39929226	0.567294955	0.608580947	0.519526064
				
-0.034322891	-0.403144866	0.56847477	0.610179126	0.521013439
				
-0.032933783	-0.406041503	0.569923878	0.611914814	0.522935271
				
-0.030140327	-0.407192886	0.572110951	0.613564909	0.524759412
				
-0.025730671	-0.409664035	0.574356079	0.615365982	0.526746511
				
-0.020145766	-0.4102377	0.577018678	0.617390275	0.52878952
				
-0.015766749	-0.409650594	0.579765737	0.619551897	0.53125608
				
-0.010479305	-0.408150852	0.582960963	0.621982455	0.53399694
				
-0.006865039	-0.404881835	0.586116254	0.624582827	0.53692317
				
-0.003789838	-0.400907636	0.588854611	0.626793563	0.53945893
				
-0.002293099	-0.395864516	0.590745151	0.628122389	0.540897071
				
-0.00218308	-0.390590489	0.591860294	0.628884077	0.541844189
				
-0.003798826	-0.38653183	0.592155457	0.629038632	0.542170405
				
-0.006473392	-0.383153319	0.591161847	0.628194571	0.541306973
				
-0.011065593	-0.38249746	0.588862896	0.626321971	0.539124131
				
-0.01745522	-0.38444671	0.585444331	0.623880684	0.536175847
				
-0.023164833	-0.389528632	0.581209064	0.620912313	0.532523632
				
-0.026498048	-0.395829231	0.577026844	0.617655754	0.528877914
				
-0.027437907	-0.402822077	0.572320402	0.613735378	0.524400353
				
-0.025446234	-0.409312546	0.567735791	0.609776676	0.520369172
				
-0.024450261	-0.415664434	0.56501776	0.607485652	0.518172383
				
-0.024586191	-0.420966029	0.564253569	0.607074618	0.517938614
				
-0.025432155	-0.425612092	0.565581918	0.608606935	0.519471407
				
-0.025232648	-0.428909004	0.568559289	0.611417055	0.522146165
				
-0.023575099	-0.428997964	0.573061585	0.615386844	0.525790811
				
-0.019310538	-0.428631812	0.577615976	0.619100213	0.529284954
				
-0.013369832	-0.425257087	0.581485093	0.621897459	0.531829655
				
-0.010712566	-0.422231853	0.5842098	0.624154091	0.534329236
				
-0.007386275	-0.417986631	0.584801733	0.624225378	0.534009933
				
-0.005496042	-0.415951431	0.584389567	0.62379241	0.533870339
				
-0.006186195	-0.416309237	0.581947207	0.621848345	0.532498658
				
-0.006032925	-0.417237133	0.577883422	0.618333459	0.5292027
				
-0.008233571	-0.419587553	0.573466778	0.614626765	0.525664628
				
-0.011716329	-0.423382461	0.569776177	0.611775756	0.522771478
				
-0.015826708	-0.427629709	0.567685723	0.610355258	0.521699965
				
-0.019529944	-0.430636257	0.566262722	0.609247923	0.520834029
				
-0.02354428	-0.435858935	0.566579998	0.609935462	0.522005856
				
-0.025728762	-0.441013694	0.567935705	0.611581922	0.524095237
				
-0.025904281	-0.444697917	0.570201278	0.614073515	0.526988626
				
-0.023494568	-0.44465512	0.573610663	0.616947293	0.529856145
				
-0.018658912	-0.442655623	0.577868938	0.620139837	0.532792211
				
-0.011052452	-0.439170182	0.581880987	0.623014152	0.535341144
				
-0.002422675	-0.434581637	0.585456133	0.625552118	0.537572682
				
0.00634505	-0.431001693	0.588512182	0.627652049	0.539388001
				
0.015198125	-0.428244472	0.590917706	0.629593849	0.540918589
				
0.02319417	-0.425378412	0.592561901	0.630966604	0.541866004
				
0.027014393	-0.423176259	0.592283309	0.630810082	0.541562259
				
0.028659511	-0.420682073	0.591492116	0.630233049	0.540706933
				
0.026839798	-0.419365942	0.589722395	0.629017234	0.539456248
				
0.022702416	-0.419755697	0.586965084	0.627077758	0.537457347
				
0.015223535	-0.421050966	0.583071053	0.624263346	0.53470099
				
0.006880783	-0.422420889	0.579559207	0.62167573	0.532052219
				
-0.003030423	-0.42597723	0.576130033	0.619331598	0.529731333
				
-0.013396295	-0.430126011	0.572303355	0.616604805	0.526898623
				
-0.022903586	-0.433826596	0.568688095	0.613994539	0.52401197
				
-0.031907514	-0.438641399	0.565622985	0.612035036	0.521706879
				
-0.038410377	-0.442218661	0.562936902	0.609933853	0.519312799
				
-0.041821454	-0.445566714	0.560980558	0.608173609	0.517248034
				
-0.041897666	-0.448917925	0.560308278	0.607495666	0.516341627
				
-0.03857889	-0.452272475	0.560799122	0.607613921	0.516431034
				
-0.030993734	-0.454102695	0.562402368	0.608283639	0.517203033
				
-0.022143984	-0.455519676	0.564101219	0.609287024	0.518476009
				
-0.012556454	-0.455559134	0.566516578	0.610861838	0.520058095
				
-0.003466822	-0.455659866	0.569526315	0.613286138	0.522114635
				
-0.00270528	-0.455601573	0.572373867	0.616895974	0.525277674
				
0.006937644	-0.452724665	0.576404691	0.620265305	0.527949691
				
0.014866482	-0.448909402	0.579911947	0.623310149	0.530402899
				
0.019067356	-0.446150154	0.582059026	0.625377297	0.531901836
				
0.019646285	-0.444342792	0.58304739	0.626622796	0.532889724
				
0.016737556	-0.444352806	0.582407773	0.626646459	0.532738209
				
0.010282926	-0.44611907	0.581181645	0.626186132	0.532494724
				
0.001969509	-0.448827744	0.578748167	0.624689579	0.531411707
				
-0.007088544	-0.45345664	0.575900733	0.622817993	0.529883265
				
-0.015383974	-0.460106313	0.57159698	0.619948983	0.52735877
				
-0.024051048	-0.467827171	0.56753248	0.617134809	0.52519691
				
-0.031268567	-0.472243488	0.564635277	0.614661872	0.523279667
				
-0.034091081	-0.476536214	0.561192274	0.611667871	0.520911932
				
-0.035339508	-0.479468167	0.559312582	0.609778523	0.519984663
				
-0.034371436	-0.48102206	0.557936192	0.608073592	0.519111633
				
-0.032244675	-0.484749615	0.557544112	0.607649267	0.519541919
				
-0.032644056	-0.489411443	0.558785915	0.609213889	0.521798015
				
-0.031309247	-0.493463874	0.560560346	0.611269414	0.524180532
				
-0.029373623	-0.498728752	0.563481569	0.614481807	0.527325511
				
-0.028260002	-0.502490461	0.566347539	0.617786407	0.530503929
				
-0.026829211	-0.504265428	0.569358587	0.621073902	0.533354104
				
-0.024302481	-0.502459407	0.571892262	0.62374723	0.535693169
				
-0.021090256	-0.498982131	0.574824393	0.626712441	0.538067698
				
-0.019942243	-0.494904339	0.576579809	0.628443897	0.539265335
				
-0.020864971	-0.490915716	0.5777812	0.629803896	0.540039122
				
-0.023513665	-0.487730503	0.57762599	0.629801154	0.539530754
				
-0.031811431	-0.487652421	0.576867104	0.630150378	0.53963697
				
-0.034432217	-0.487003744	0.574819326	0.628862262	0.538166404
				
-0.036086686	-0.486866176	0.572176933	0.626538217	0.535637498
				
-0.036721781	-0.487767249	0.569246173	0.623807847	0.532852054
				
-0.03451217	-0.488386273	0.566808701	0.621522844	0.530450344
				
-0.030828195	-0.488534212	0.564278007	0.618683457	0.527261734
				
-0.025767475	-0.488969445	0.562025309	0.616091311	0.524296284
				
-0.019612981	-0.489366919	0.559755683	0.613477588	0.521383047
				
-0.019698227	-0.489896715	0.558677018	0.612401307	0.520380259
				
-0.01472326	-0.487852454	0.557695031	0.610013843	0.517825365
				
-0.010548778	-0.486106396	0.556913197	0.607885778	0.516013145
				
-0.006954422	-0.483875185	0.556481004	0.606011331	0.514393926
				
-0.004171941	-0.482219845	0.556246221	0.604518056	0.513142347
				
-0.003466198	-0.482557833	0.555523098	0.603336215	0.51245594
				
-0.004657093	-0.48606509	0.555109262	0.603129864	0.512806714
				
-0.007737219	-0.490678459	0.555206239	0.603704453	0.513801336
				
-0.01140542	-0.495805383	0.555586457	0.605021358	0.515385866
				
-0.015072284	-0.501408637	0.556583583	0.606831551	0.517367184
				
-0.022639571	-0.505077899	0.558199763	0.609251559	0.519847155
				
-0.023666294	-0.506319463	0.559195459	0.611065209	0.521479487
				
-0.022373961	-0.506393552	0.560041726	0.612300575	0.522215426
				
-0.018525209	-0.50568819	0.560746729	0.612990737	0.52255547
				
-0.01362874	-0.505126715	0.561504483	0.614042044	0.523317516
				
-0.007212078	-0.504115462	0.561740756	0.614137888	0.522840858
				
0.000796819	-0.502956986	0.561757445	0.613887846	0.522048533
				
0.00802473	-0.503053665	0.561083555	0.612984419	0.521112323
				
0.01598415	-0.503059328	0.56019938	0.611927271	0.51997745
				
0.022771968	-0.502800107	0.559547067	0.610864878	0.518942118
				
0.029953189	-0.502185583	0.558719158	0.609721243	0.517953277
				
0.037789337	-0.500192165	0.557808697	0.608290434	0.516274691
				
0.043473199	-0.499412239	0.556869268	0.607290089	0.515479684
				
0.048071027	-0.499203265	0.556274772	0.606453955	0.514608622
				
0.052359849	-0.49807629	0.556013942	0.605795741	0.513917983
				
0.053075083	-0.497150183	0.556470692	0.605516255	0.513790011
				
0.049350858	-0.496033669	0.557208538	0.605649471	0.513880372
				
0.047104605	-0.494321883	0.557487488	0.605174541	0.513211608
				
0.045263775	-0.49287948	0.557850122	0.60469532	0.512515783
				
0.043656133	-0.491349876	0.558085203	0.604151607	0.511792541
				
0.040730089	-0.490374863	0.558248639	0.603637516	0.511232316
				
0.037528306	-0.489994377	0.558673739	0.603648663	0.511369228
				
0.035008289	-0.490565956	0.558913589	0.603532434	0.511436999
				
0.032190397	-0.49175483	0.559261441	0.603729963	0.511937797
				
0.030157508	-0.493282348	0.559742868	0.604233027	0.512678266
				
0.028520802	-0.494521201	0.560432136	0.604915261	0.513593912
				
0.019754557	-0.496797889	0.561134875	0.606034219	0.515027821
				
0.017541485	-0.499329001	0.561343789	0.606613398	0.516036689
				
0.015434023	-0.500877917	0.561434209	0.606983304	0.516898155
				
0.006946333	-0.502718151	0.561918437	0.60796845	0.518139601
				
0.006001016	-0.503624678	0.561797857	0.608087182	0.518585682
				
0.006110104	-0.504458725	0.561870515	0.608203769	0.519050598
				
0.007132269	-0.504856467	0.56205225	0.608381927	0.519484639
				
0.008930389	-0.505266309	0.561903596	0.608286321	0.519554138
				
0.011424853	-0.505676985	0.561632037	0.608234406	0.5196082
				
0.014415562	-0.506479025	0.561098874	0.608089685	0.519645274
				
0.01740014	-0.50692153	0.560429811	0.608080387	0.519744396
				
0.021561086	-0.506446362	0.560003936	0.608055711	0.519601226
				
0.025429906	-0.505835116	0.559953094	0.608011067	0.519551694
				
0.029022181	-0.50440973	0.560140073	0.608246922	0.519734263
				
0.030901268	-0.505048096	0.559794843	0.608230948	0.52009207
				
0.031619385	-0.505398571	0.559111893	0.60794121	0.520094275
				
0.031431194	-0.505782485	0.558070421	0.607040107	0.519578218
				
0.030551231	-0.506548762	0.557277083	0.606553555	0.519424438
				
0.028550005	-0.50803715	0.555875957	0.605639458	0.51889652
				
0.026098978	-0.509789884	0.554369926	0.604351401	0.517812788
				
0.023957929	-0.513710618	0.556910157	0.60564965	0.51949811
				
0.020522026	-0.519484043	0.558204412	0.60599196	0.520771503
				
0.016060114	-0.526853502	0.557801485	0.605469942	0.521426558
				
0.01095191	-0.534039021	0.557572722	0.605109453	0.522111535
				
0.007237352	-0.540318072	0.557686448	0.605546355	0.523221135
				
0.003520653	-0.54743427	0.557557881	0.605868757	0.524160564
				
-0.004336324	-0.553418279	0.558182597	0.607205868	0.526646137
				
-0.006258955	-0.55833292	0.558412552	0.607864439	0.527693629
				
-0.006800506	-0.561633468	0.5586918	0.608632863	0.5288167
				
-0.007703165	-0.564571381	0.559026718	0.609253645	0.529834628
				
-0.009054882	-0.567216456	0.557515562	0.609230042	0.52819252
				
-0.008682374	-0.569362223	0.557775021	0.609908819	0.529082119
				
-0.008123839	-0.570363224	0.558135748	0.610698998	0.530273855
				
-0.006983265	-0.571110904	0.558651328	0.611622334	0.531557798
				
-0.00484507	-0.570541263	0.559478462	0.612535357	0.532787621
				
-0.0028178	-0.569929898	0.560079992	0.613357782	0.533826351
				
-0.001318494	-0.569445729	0.560849369	0.614388108	0.535135031
				
0.000112968	-0.567584991	0.561844766	0.615365505	0.536313057
				
0.001732027	-0.565353572	0.563162208	0.616536379	0.537497461
				
0.002259886	-0.5636307	0.563837051	0.617037773	0.537977338
				
0.003232881	-0.562142789	0.563736141	0.617003918	0.537876844
				
0.004473124	-0.559887767	0.563992977	0.617115438	0.537832677
				
0.005189672	-0.558498323	0.564300537	0.617415071	0.537934601
				
0.004814679	-0.557958186	0.564570248	0.617705107	0.537850618
				
0.004742183	-0.556842625	0.565053523	0.618001103	0.537769914
				
0.003795724	-0.556090117	0.565111279	0.618029058	0.537605941
				
0.002730276	-0.555430293	0.565688491	0.618589461	0.537947774
				
0.001307854	-0.55529058	0.56665355	0.619586766	0.538699508
				
-0.005089113	-0.553331494	0.567810655	0.62088716	0.539829552
				
-0.00642469	-0.553075194	0.568428457	0.621587574	0.540249944
				
-0.008697284	-0.552752852	0.569067478	0.622201204	0.540771604
				
-0.011587841	-0.551760554	0.569351733	0.62250042	0.540868402
				
-0.014108416	-0.550943255	0.570021391	0.623200715	0.541097999
				
-0.016940203	-0.551618576	0.570504367	0.623616874	0.540931225
				
-0.020450145	-0.554332852	0.569214463	0.623672366	0.538501978
				
-0.022514181	-0.553258538	0.569916904	0.624046922	0.537992418
				
-0.02439267	-0.551861942	0.570900798	0.624364913	0.537574351
				
-0.026678657	-0.55051738	0.571858287	0.624750614	0.537087739
				
-0.027063364	-0.549469471	0.573074579	0.625123739	0.536584496
				
-0.026330188	-0.549482286	0.574019313	0.625501394	0.536459208
				
-0.025057746	-0.548760712	0.575747013	0.626445889	0.536482811
				
-0.022995764	-0.548631489	0.576863408	0.626921773	0.536190689
				
-0.02188427	-0.548326612	0.578055441	0.627400279	0.536007464
				
-0.020941496	-0.548183024	0.578907251	0.627648234	0.535768986
				
-0.020136273	-0.548537493	0.579354823	0.627660036	0.535504162
